001 58486
002 71078
003 84249
004 37286
005 84892
006 80704
007 40350
008 31874
009 81741
010 00725
011 70801
012 09347
013 24453
014 40458
015 81126
016 65066
017 27013
018 59645
019 50564
020 49954
021 69279
022 76816
023 37358
024 52870
025 17311
026 17828
027 26147
028 06261
029 84517
030 69925
031 94948
032 55333
033 20391
034 45491
035 28635
036 28895
037 49599
038 30965
039 77386
040 43258
041 34419
042 72692
043 80718
044 22692
045 47536
046 13722
047 03341
048 65321
049 65631
050 71204
051 05812
052 93800
053 37450
054 65433
055 27580
056 46704
057 78146
058 52054
059 63882
060 80646
061 43984
062 17264
063 27153
064 82545
065 48214
066 30894
067 93365
068 80826
069 10338
070 66164
071 95323
072 54382
073 78458
074 07609
075 75378
076 37057
077 74896
078 25476
079 09248
080 28033
081 15558
082 88860
083 31201
084 92528
085 19581
086 73064
087 26930
088 18578
089 47263
090 07344
091 67021
092 26622
093 70577
094 19953
095 66602
096 86201
097 03414
098 19088
099 39681
100 29908
101 59689
102 39374
103 84548
104 68243
105 95686
106 26647
107 83560
108 89473
109 46244
110 96173
111 79758
112 11100
113 57373
114 35742
115 75433
116 81994
117 51953
118 04152
119 85030
120 33164
