001 92865
002 69571
003 28880
004 89945
005 85686
006 86415
007 14780
008 14339
009 12959
010 40801
011 59132
012 45173
013 23964
014 76149
015 66067
016 71702
017 16350
018 74882
019 64414
020 04906
021 32504
022 80454
023 20609
024 41213
025 40493
026 01731
027 74798
028 03558
029 64442
030 73036
031 34462
032 21394
033 20167
034 69988
035 81791
036 81969
037 53938
038 42351
039 22657
040 53959
041 14616
042 17444
043 22880
044 86581
045 97648
046 83163
047 21123
048 18848
049 80515
050 72896
051 76888
052 92041
053 94545
054 07417
055 84357
056 62796
057 25061
058 52598
059 56432
060 55201
061 16311
062 36014
063 84279
064 86807
065 65230
066 27755
067 46027
068 01445
069 78294
070 93215
071 55299
072 04742
073 15190
074 48552
075 48695
076 45692
077 67869
078 09563
079 74887
080 03582
081 91643
082 77017
083 27989
084 54496
085 63502
086 60892
087 91233
088 62306
089 35716
090 23201
091 45068
092 26578
093 17957
094 44232
095 35077
096 03229
097 15604
098 98721
099 27017
100 53926
101 31231
102 16187
103 40533
104 64593
105 79091
106 17717
107 76806
108 82427
109 19294
110 68334
111 14041
112 46872
113 38452
114 10317
115 74841
116 78415
117 72806
118 63513
119 81887
120 12036

