001 72118
002 32678
003 72114
004 92826
005 43589
006 36875
007 00937
008 41382
009 94782
010 15841
011 14307
012 05579
013 07495
014 21518
015 78121
016 87827
017 37842
018 39237
019 98829
020 39593
021 77203
022 89438
023 09002
024 54027
025 15336
026 02515
027 63528
028 72775
029 50823
030 60709
031 78219
032 50670
033 25976
034 01753
035 65619
036 68441
037 63397
038 38107
039 79257
040 50632
041 39356
042 06462
043 88788
044 08116
045 55245
046 98474
047 62132
048 59302
049 51985
050 37600
051 04869
052 48259
053 60333
054 89337
055 84511
056 66932
057 58677
058 75100
059 93271
060 38195
061 46405
062 00951
063 69581
064 53927
065 31452
066 24149
067 93342
068 75668
069 33385
070 02421
071 39361
072 78029
073 20201
074 38501
075 50859
076 36229
077 82989
078 85791
079 77540
080 35738
081 48764
082 46511
083 60914
084 63832
085 49199
086 07532
087 59171
088 42741
089 55301
090 10421
091 29492
092 72918
093 83802
094 04148
095 60243
096 03742
097 69710
098 12542
099 14833
100 52036
101 71895
102 81298
103 84811
104 13746
105 51530
106 36918
107 70568
108 49024
109 32231
110 76526
111 67194
112 31107
113 65657
114 85849
115 87729
116 40997
117 61536
118 43300
119 04176
120 12957
