001 50822
002 53958
003 98679
004 41575
005 91475
006 56340
007 30838
008 75119
009 69278
010 47009
011 69482
012 61371
013 93793
014 18030
015 40772
016 14070
017 35894
018 02378
019 92051
020 75625
021 92236
022 99679
023 17892
024 54197
025 74884
026 37702
027 05508
028 60255
029 75539
030 03793
031 67751
032 36952
033 17556
034 94909
035 61051
036 44145
037 42927
038 28238
039 31936
040 84755
041 29844
042 85617
043 33597
044 84055
045 13656
046 88857
047 52496
048 06940
049 07322
050 16032
051 12406
052 31715
053 40205
054 94043
055 66734
056 80067
057 39749
058 15276
059 59592
060 97182
061 52340
062 19407
063 68280
064 04299
065 22335
066 38913
067 78870
068 15255
069 36208
070 12004
071 86208
072 90202
073 92051
074 87408
075 81799
076 53658
077 86896
078 73022
079 80198
080 30418
081 33881
082 81838
083 82659
084 13821
085 88149
086 20747
087 21107
088 76907
089 19400
090 51291
091 88793
092 86956
093 30278
094 89258
095 51422
096 54247
097 38190
098 83034
099 99666
100 74369
101 05234
102 56728
103 76824
104 31815
105 49787
106 17951
107 15294
108 23255
109 16471
110 68877
111 20397
112 00991
113 84147
114 20470
115 70617
116 48287
117 55681
118 76866
119 43121
120 64832

