001 90708
002 63141
003 90629
004 44416
005 70250
006 29212
007 11673
008 12070
009 78363
010 19063
011 34069
012 54845
013 23493
014 51365
015 27571
016 66647
017 63089
018 46485
019 96156
020 87764
021 72470
022 80329
023 63182
024 25019
025 03416
026 76883
027 86790
028 32078
029 32338
030 60368
031 39154
032 29039
033 46482
034 66077
035 58771
036 99665
037 21989
038 56929
039 63481
040 52505
041 58568
042 10354
043 43965
044 03396
045 28323
046 56460
047 22518
048 30214
049 12770
050 12624
051 59444
052 00968
053 48918
054 45939
055 38938
056 50247
057 89198
058 08404
059 52496
060 66416
061 75841
062 19443
063 49638
064 20407
065 15752
066 42616
067 62614
068 28440
069 83387
070 33390
071 26711
072 43429
073 34966
074 58595
075 87175
076 85763
077 60552
078 37647
079 48787
080 93441
081 98073
082 47748
083 15140
084 42714
085 51684
086 06500
087 22831
088 67392
089 96250
090 62477
091 60629
092 10311
093 00087
094 09217
095 62375
096 71211
097 42215
098 47198
099 13101
100 84564
101 28970
102 89750
103 52448
104 86441
105 82583
106 17914
107 51128
108 18668
109 37076
110 31292
111 06655
112 77161
113 65707
114 38171
115 38372
116 53574
117 66034
118 39462
119 42526
120 73915

