001 03116
002 88745
003 72313
004 04940
005 84800
006 52999
007 99598
008 15458
009 98549
010 74387
011 02915
012 93127
013 26288
014 00820
015 32298
016 41044
017 21324
018 49678
019 45049
020 32316
021 36841
022 17217
023 97453
024 63586
025 97925
026 43096
027 97077
028 47371
029 46113
030 79944
031 87873
032 63635
033 32637
034 69437
035 62664
036 51692
037 37532
038 19326
039 46740
040 00260
041 71423
042 73718
043 07920
044 87426
045 07916
046 39264
047 61924
048 98477
049 13029
050 26816
051 55923
052 91619
053 26899
054 63383
055 65642
056 50679
057 35090
058 72447
059 27245
060 36627
061 37767
062 80492
063 08380
064 13269
065 38490
066 34968
067 73652
068 37500
069 37190
070 04392
071 92060
072 65939
073 15674
074 26665
075 96425
076 54852
077 41397
078 51943
079 39128
080 64312
081 01914
082 34435
083 38178
084 45168
085 85905
086 42425
087 96495
088 59422
089 49227
090 00194
091 43648
092 60631
093 45322
094 40417
095 10944
096 88249
097 31561
098 40322
099 88784
100 56393
101 12131
102 70597
103 24701
104 62075
105 63986
106 93061
107 34231
108 24192
109 75873
110 36837
111 91366
112 50199
113 87907
114 36525
115 22993
116 29398
117 88841
118 76166
119 08964
120 69773

