001 78189
002 77245
003 19953
004 31500
005 11314
006 53032
007 05923
008 34048
009 36143
010 47457
011 55314
012 64651
013 72740
014 41462
015 47780
016 69162
017 33045
018 81913
019 94464
020 86634
021 48425
022 26741
023 34172
024 90898
025 76413
026 75298
027 98774
028 95678
029 50289
030 47773
031 85264
032 84455
033 34481
034 58161
035 65982
036 71344
037 93854
038 61817
039 85560
040 17715
041 37907
042 36930
043 16542
044 19433
045 11686
046 43741
047 36150
048 62978
049 59159
050 01895
051 78365
052 42734
053 33390
054 17014
055 15553
056 39064
057 21448
058 65480
059 87367
060 05498
061 01115
062 62755
063 30520
064 47876
065 48418
066 47004
067 37145
068 81401
069 53734
070 52028
071 08153
072 92752
073 53425
074 19227
075 74043
076 89735
077 22353
078 99625
079 08262
080 32492
081 65025
082 89412
083 25587
084 05249
085 91463
086 66983
087 60750
088 31084
089 11156
090 14944
091 68436
092 73680
093 51537
094 07815
095 40617
096 88101
097 48902
098 16400
099 69388
100 91785
101 68850
102 53220
103 11504
104 16963
105 70633
106 89833
107 55686
108 42045
109 56839
110 77634
111 39086
112 14994
113 18089
114 69950
115 50187
116 02208
117 75592
118 51804
119 92711
120 49106

