001 49926
002 33965
003 99150
004 85878
005 75401
006 51325
007 06227
008 48722
009 57238
010 80614
011 81779
012 71067
013 59541
014 42506
015 29168
016 68827
017 70138
018 51122
019 71561
020 06660
021 69564
022 72358
023 09413
024 20102
025 99957
026 30356
027 63994
028 59016
029 87474
030 09370
031 15611
032 69056
033 26263
034 41923
035 95862
036 93361
037 32539
038 52341
039 71913
040 61117
041 85370
042 73664
043 18731
044 64093
045 09474
046 51018
047 26500
048 62478
049 91160
050 48314
051 98932
052 18339
053 10315
054 51906
055 00375
056 56733
057 56753
058 65190
059 40297
060 77209
061 81912
062 40313
063 32764
064 43372
065 87783
066 82191
067 59670
068 34450
069 20003
070 79286
071 67876
072 21019
073 21181
074 41920
075 10888
076 95620
077 50415
078 65664
079 62924
080 36538
081 88826
082 60371
083 30681
084 41102
085 93482
086 99403
087 22150
088 93749
089 77084
090 25046
091 80285
092 87067
093 70613
094 30653
095 47058
096 59606
097 69726
098 70331
099 24439
100 26392
101 74752
102 90395
103 36755
104 76415
105 91524
106 30231
107 81698
108 40033
109 13907
110 44950
111 60032
112 17570
113 54267
114 69731
115 70792
116 45609
117 24936
118 62291
119 36127
120 88751

