001 82117
002 86657
003 34767
004 72739
005 21630
006 32125
007 54761
008 75841
009 89730
010 98414
011 72829
012 75031
013 58160
014 59398
015 80652
016 74287
017 04749
018 89676
019 87761
020 72628
021 34324
022 65525
023 32040
024 14366
025 10393
026 55735
027 32678
028 00020
029 33367
030 58480
031 89698
032 72436
033 75019
034 22282
035 27919
036 33262
037 89714
038 36678
039 66568
040 44352
041 45136
042 57040
043 47971
044 70957
045 61990
046 81642
047 09030
048 33984
049 43769
050 72802
051 35814
052 92088
053 97860
054 99096
055 43291
056 21397
057 42660
058 49691
059 62818
060 50471
061 34210
062 28173
063 97199
064 87398
065 32953
066 13302
067 02114
068 32406
069 37665
070 41227
071 72665
072 23814
073 52091
074 56551
075 43264
076 52264
077 82568
078 75239
079 06170
080 82055
081 08543
082 94799
083 11690
084 12033
085 77677
086 65299
087 46008
088 44022
089 90957
090 50817
091 20924
092 38590
093 47523
094 14397
095 35684
096 29540
097 14743
098 28846
099 56120
100 29439
101 27307
102 30880
103 39524
104 52067
105 36470
106 88566
107 45044
108 22781
109 76750
110 75801
111 24572
112 35331
113 58585
114 95154
115 00544
116 08424
117 12884
118 65451
119 95814
120 19411
