001 40846
002 27812
003 75706
004 04175
005 03573
006 96517
007 09209
008 40453
009 93387
010 34292
011 22686
012 79277
013 68186
014 94136
015 54403
016 88745
017 97016
018 58159
019 39783
020 14084
021 78610
022 66878
023 69897
024 17261
025 18105
026 70370
027 77680
028 46655
029 29872
030 27017
031 68017
032 98223
033 66295
034 18493
035 91453
036 61231
037 94327
038 13103
039 51329
040 78154
041 52462
042 51827
043 52530
044 87478
045 93367
046 46311
047 30522
048 26867
049 17209
050 32728
051 39234
052 06850
053 70811
054 08339
055 42551
056 12674
057 55441
058 07989
059 22547
060 76998
061 27783
062 02221
063 66005
064 62522
065 39114
066 60069
067 17733
068 37566
069 14542
070 49422
071 20274
072 06314
073 82187
074 87987
075 25553
076 95746
077 45954
078 65479
079 96007
080 58168
081 07011
082 69737
083 23811
084 59052
085 86633
086 93731
087 82855
088 62042
089 58035
090 07016
091 08932
092 64970
093 62411
094 45791
095 67769
096 14856
097 10557
098 24498
099 28845
100 50275
101 49873
102 07713
103 77496
104 09987
105 35487
106 53851
107 60470
108 75351
109 34751
110 27646
111 64342
112 64132
113 26163
114 81697
115 37526
116 73357
117 91850
118 35055
119 00863
120 02568
