001 16553
002 96798
003 20816
004 49949
005 99721
006 55268
007 55052
008 09720
009 69002
010 63806
011 74427
012 67527
013 55541
014 10585
015 27980
016 47751
017 29562
018 42699
019 77055
020 75088
021 37688
022 64991
023 52630
024 38230
025 35826
026 24452
027 38430
028 88935
029 08321
030 34451
031 83893
032 83252
033 04488
034 44595
035 61726
036 46564
037 74872
038 81952
039 87040
040 52697
041 97888
042 45476
043 99638
044 75913
045 44161
046 42216
047 51738
048 25709
049 55960
050 32696
051 50373
052 04247
053 25659
054 81385
055 17656
056 51171
057 43844
058 98337
059 33413
060 92022
061 19753
062 38296
063 36848
064 86768
065 19092
066 28108
067 45933
068 67308
069 31040
070 23762
071 59824
072 22142
073 41933
074 48229
075 64814
076 30725
077 00013
078 78761
079 42731
080 39875
081 77969
082 87110
083 17923
084 04605
085 05876
086 74894
087 42459
088 05182
089 28431
090 12633
091 50026
092 47691
093 41578
094 19323
095 24510
096 31710
097 74919
098 53765
099 68994
100 71750
101 45350
102 92088
103 10193
104 04522
105 77658
106 21070
107 79400
108 47205
109 15032
110 51252
111 79614
112 20724
113 00459
114 59031
115 10562
116 06964
117 39148
118 49916
119 50774
120 92243

