001 71986
002 39562
003 18173
004 17540
005 35050
006 72813
007 33348
008 64839
009 53433
010 52964
011 07567
012 90287
013 00742
014 50962
015 00892
016 93615
017 40385
018 28426
019 09607
020 46626
021 27982
022 03253
023 75764
024 40497
025 98367
026 20018
027 66225
028 67494
029 19137
030 07322
031 75593
032 03218
033 61020
034 08531
035 75621
036 65109
037 17995
038 88445
039 70671
040 53122
041 91022
042 08027
043 50090
044 73197
045 43693
046 90506
047 03292
048 51754
049 81975
050 85747
051 66162
052 91884
053 32450
054 35196
055 71409
056 06365
057 35373
058 46079
059 30281
060 79888
061 34429
062 83559
063 84937
064 16706
065 54305
066 44577
067 39364
068 69423
069 21618
070 52757
071 95728
072 09738
073 50469
074 67189
075 67414
076 14482
077 53415
078 73218
079 66955
080 07878
081 88222
082 91528
083 73907
084 96510
085 48485
086 54607
087 12419
088 82008
089 21236
090 61313
091 13697
092 63311
093 34466
094 98546
095 09262
096 23770
097 60524
098 64018
099 71540
100 47500
101 06008
102 75304
103 90313
104 67213
105 05317
106 16769
107 91868
108 78766
109 25443
110 40654
111 30435
112 57910
113 18392
114 11932
115 47802
116 69982
117 96047
118 22884
119 15245
120 93739
