001 41551
002 18854
003 92740
004 92165
005 70360
006 35522
007 94721
008 19673
009 11143
010 15615
011 55159
012 38613
013 76489
014 59371
015 77113
016 53487
017 35058
018 26139
019 17978
020 38452
021 08315
022 81024
023 80379
024 84764
025 54086
026 32833
027 52741
028 61065
029 27447
030 68528
031 84936
032 58867
033 06970
034 84991
035 72673
036 82920
037 34333
038 31843
039 27320
040 92306
041 37410
042 00118
043 81811
044 47334
045 65814
046 31309
047 85590
048 55457
049 09785
050 21004
051 82743
052 68946
053 15845
054 27019
055 60107
056 35134
057 89867
058 58547
059 41062
060 61225
061 80092
062 00324
063 44140
064 44675
065 65912
066 13633
067 43323
068 98775
069 91697
070 79147
071 27364
072 81124
073 19750
074 18277
075 80959
076 34686
077 19844
078 22757
079 39178
080 94991
081 57791
082 21089
083 80936
084 73601
085 81887
086 07897
087 71417
088 56226
089 17520
090 57090
091 20233
092 17898
093 35619
094 80702
095 88230
096 25565
097 39830
098 48476
099 09308
100 29189
101 10789
102 17909
103 95719
104 99240
105 68561
106 50149
107 92665
108 83969
109 21197
110 79260
111 28586
112 19384
113 31600
114 67112
115 20404
116 20603
117 04983
118 60292
119 62458
120 34538

