001 50690
002 70762
003 23843
004 14129
005 92470
006 85076
007 85990
008 34710
009 67677
010 56706
011 69371
012 33020
013 99780
014 80404
015 61725
016 49467
017 00854
018 10450
019 62906
020 83439
021 39869
022 15050
023 37006
024 39590
025 62489
026 93150
027 06280
028 97209
029 71768
030 38729
031 14149
032 23602
033 87873
034 32160
035 43437
036 67108
037 60844
038 48615
039 62392
040 56910
041 47636
042 70178
043 07879
044 18915
045 61834
046 51600
047 89931
048 71691
049 32252
050 37000
051 33646
052 00752
053 25844
054 33175
055 61014
056 78856
057 49912
058 34017
059 63464
060 50981
061 46633
062 72942
063 08176
064 30550
065 26148
066 98912
067 56002
068 57951
069 33265
070 57240
071 96891
072 40840
073 13277
074 30360
075 34459
076 52894
077 77938
078 42190
079 33062
080 52224
081 47708
082 42012
083 03716
084 44293
085 27138
086 54010
087 46247
088 73877
089 68465
090 22755
091 92394
092 42702
093 67996
094 20638
095 97714
096 25906
097 96446
098 04559
099 24628
100 66257
101 23704
102 67293
103 46175
104 91958
105 92656
106 74660
107 42663
108 21328
109 16500
110 73278
111 57979
112 18394
113 48256
114 87553
115 02915
116 59854
117 10636
118 60596
119 65982
120 71966

