001 74877
002 45404
003 07599
004 39858
005 89302
006 68839
007 58296
008 12986
009 55023
010 09106
011 40089
012 49238
013 98780
014 40595
015 12109
016 00863
017 63355
018 60492
019 13413
020 74737
021 72757
022 79875
023 73856
024 80150
025 46813
026 94726
027 56656
028 78767
029 65502
030 23615
031 51141
032 03391
033 29206
034 23425
035 79039
036 82652
037 68852
038 85186
039 76244
040 81869
041 34102
042 67144
043 97710
044 12341
045 59154
046 13832
047 28127
048 98195
049 02681
050 16014
051 43448
052 24843
053 64095
054 53060
055 74728
056 09541
057 89236
058 89799
059 24138
060 58826
061 74171
062 61328
063 18239
064 53655
065 47768
066 19608
067 59150
068 93408
069 12467
070 82866
071 72573
072 14240
073 51711
074 02846
075 80134
076 97640
077 51536
078 04091
079 74396
080 81839
081 75987
082 11635
083 40794
084 32547
085 65568
086 29639
087 02957
088 51635
089 16751
090 58082
091 60946
092 08179
093 36782
094 21072
095 77785
096 81270
097 72285
098 31947
099 59105
100 13009
101 11414
102 55681
103 71968
104 50799
105 04795
106 02843
107 36208
108 72960
109 94347
110 41186
111 23245
112 45358
113 47855
114 86946
115 24161
116 75218
117 70311
118 33499
119 99870
120 94996

