001 62632
002 68723
003 48953
004 32965
005 19048
006 47692
007 79693
008 62572
009 07026
010 04173
011 01174
012 18709
013 87966
014 32087
015 85309
016 28322
017 17446
018 99729
019 27528
020 05172
021 44828
022 61671
023 10015
024 46913
025 95612
026 67554
027 33334
028 04143
029 14979
030 74726
031 16694
032 65424
033 60878
034 65956
035 74827
036 98616
037 00517
038 92038
039 07985
040 49814
041 69941
042 82371
043 19663
044 83520
045 51269
046 19809
047 95838
048 48347
049 15706
050 84678
051 18952
052 53291
053 19548
054 99071
055 58532
056 78688
057 74739
058 87849
059 37572
060 09525
061 22792
062 67113
063 25962
064 78203
065 93907
066 68939
067 88429
068 13402
069 65711
070 76400
071 37688
072 03052
073 53671
074 80480
075 79646
076 61390
077 09692
078 50778
079 06958
080 52575
081 67424
082 54373
083 19723
084 69769
085 60957
086 49507
087 37045
088 63633
089 17817
090 86051
091 09309
092 61724
093 15265
094 56337
095 89182
096 97640
097 51540
098 18909
099 25998
100 15697
101 09822
102 67001
103 04600
104 26745
105 29046
106 85672
107 70036
108 57179
109 57285
110 91193
111 21580
112 56417
113 11439
114 63087
115 02242
116 32867
117 76100
118 70623
119 40077
120 63269
