001 09063
002 25755
003 06444
004 84913
005 59882
006 51865
007 48585
008 49009
009 92037
010 37779
011 31584
012 96134
013 09602
014 66910
015 76225
016 04352
017 22987
018 51390
019 47229
020 73813
021 77837
022 72273
023 38236
024 43110
025 77649
026 10349
027 88274
028 41575
029 50923
030 65667
031 63801
032 19299
033 75804
034 14219
035 51605
036 37960
037 15944
038 76000
039 10090
040 25772
041 90193
042 61553
043 07523
044 69071
045 70846
046 65081
047 99251
048 21821
049 77657
050 85219
051 45328
052 86486
053 85876
054 49500
055 13433
056 48471
057 90113
058 64159
059 90958
060 75841
061 47327
062 98555
063 26199
064 58070
065 77744
066 62664
067 21400
068 50360
069 48735
070 77705
071 82503
072 77042
073 04390
074 86734
075 04918
076 17659
077 74422
078 46903
079 85528
080 11220
081 96586
082 21317
083 27207
084 31210
085 48493
086 95493
087 55262
088 98859
089 82367
090 29871
091 81342
092 08232
093 36099
094 94101
095 06874
096 14713
097 66574
098 99717
099 37005
100 63299
101 14632
102 15457
103 14289
104 73534
105 65472
106 98676
107 09893
108 49379
109 86699
110 03155
111 75807
112 72749
113 81871
114 85997
115 13678
116 77429
117 87921
118 18356
119 35751
120 41708

