001 45047
002 47141
003 28999
004 20211
005 26453
006 08835
007 07612
008 70905
009 76614
010 50438
011 21823
012 59863
013 50965
014 11666
015 47403
016 03617
017 03474
018 42226
019 30533
020 09990
021 44241
022 23196
023 55922
024 92604
025 71829
026 22411
027 13270
028 53716
029 35358
030 65983
031 96377
032 03114
033 77304
034 47025
035 60868
036 59731
037 10398
038 36395
039 36040
040 62417
041 63336
042 10994
043 77948
044 51543
045 84073
046 68941
047 10020
048 03174
049 13678
050 57590
051 01793
052 02154
053 48613
054 89012
055 28443
056 89857
057 15691
058 10211
059 04132
060 37544
061 30807
062 31802
063 45376
064 74238
065 89573
066 41313
067 61365
068 53684
069 48320
070 66344
071 98768
072 42233
073 33609
074 41518
075 13013
076 92926
077 79287
078 47688
079 31422
080 02086
081 36274
082 19481
083 13037
084 34193
085 79108
086 61120
087 92628
088 22060
089 88519
090 85612
091 99831
092 19476
093 88263
094 11198
095 33710
096 13686
097 44716
098 92117
099 48682
100 11741
101 54862
102 32699
103 06203
104 51763
105 03469
106 84272
107 86236
108 44907
109 16487
110 70411
111 67140
112 18438
113 53941
114 81947
115 33124
116 80387
117 87746
118 57919
119 00454
120 48222
