001 36042
002 41393
003 04733
004 99451
005 41408
006 38459
007 63592
008 81969
009 42184
010 43213
011 96247
012 87759
013 35171
014 28570
015 87237
016 17429
017 44655
018 99391
019 95393
020 52524
021 88574
022 96682
023 15452
024 88093
025 66218
026 24414
027 06677
028 59349
029 66434
030 87790
031 02645
032 41550
033 58785
034 12746
035 75807
036 56371
037 12773
038 75391
039 11298
040 92773
041 52546
042 72969
043 58291
044 29591
045 93436
046 33920
047 90827
048 50895
049 36965
050 55240
051 33088
052 42761
053 87082
054 91442
055 15819
056 65962
057 64548
058 41236
059 08210
060 44408
061 41902
062 96240
063 05125
064 73412
065 56197
066 49052
067 59577
068 71726
069 79739
070 78770
071 69115
072 05601
073 79121
074 07357
075 64164
076 84351
077 56568
078 48823
079 03328
080 26161
081 52176
082 39060
083 48918
084 87118
085 39123
086 61652
087 04336
088 35438
089 91176
090 66901
091 63753
092 62766
093 00957
094 74273
095 61816
096 73637
097 31542
098 31575
099 06400
100 97923
101 17302
102 15033
103 27457
104 28482
105 13921
106 73016
107 72212
108 93250
109 96265
110 06874
111 63496
112 68300
113 87946
114 56168
115 93302
116 49122
117 19110
118 92931
119 41389
120 90777
