001 20405
002 77304
003 95681
004 53035
005 73319
006 69162
007 83012
008 91927
009 66659
010 11156
011 35501
012 70656
013 46358
014 12025
015 15805
016 72676
017 08177
018 94207
019 04721
020 19670
021 65349
022 02985
023 60016
024 00328
025 85133
026 26674
027 03776
028 88643
029 79958
030 71931
031 14428
032 78241
033 67676
034 61205
035 01692
036 28642
037 20773
038 39019
039 89019
040 51424
041 75799
042 75252
043 62858
044 57947
045 43389
046 25059
047 06976
048 02304
049 99834
050 27659
051 33875
052 11073
053 02651
054 09175
055 11816
056 32827
057 02499
058 75574
059 84778
060 09743
061 25859
062 65458
063 81868
064 64873
065 55169
066 14345
067 87277
068 18700
069 38547
070 99991
071 22931
072 95886
073 67434
074 26246
075 51344
076 60156
077 67718
078 83383
079 23849
080 93707
081 96181
082 53830
083 04254
084 32502
085 62986
086 45669
087 69960
088 83274
089 22821
090 07641
091 90628
092 24824
093 15015
094 65908
095 11882
096 73192
097 58989
098 48395
099 65356
100 65589
101 61972
102 50515
103 41195
104 93918
105 94052
106 12149
107 88192
108 82237
109 82363
110 53108
111 73143
112 01274
113 48827
114 14262
115 21164
116 81408
117 01807
118 06413
119 16675
120 25780

