001 18878
002 12855
003 86468
004 52307
005 00771
006 74712
007 42088
008 72143
009 45923
010 71662
011 49932
012 83475
013 56496
014 42417
015 23053
016 36704
017 75261
018 93434
019 34132
020 89563
021 23024
022 00379
023 84051
024 10217
025 01843
026 09534
027 89784
028 39062
029 43514
030 89064
031 60107
032 40392
033 39165
034 77987
035 72765
036 01170
037 95396
038 78197
039 58603
040 33551
041 88078
042 38472
043 01153
044 91475
045 34095
046 74454
047 30073
048 14107
049 25593
050 37562
051 09814
052 89517
053 09733
054 18269
055 39601
056 88082
057 08755
058 42145
059 70628
060 90112
061 78620
062 58482
063 12952
064 16891
065 20211
066 71319
067 52707
068 08730
069 63627
070 77317
071 30585
072 39619
073 52914
074 77784
075 58271
076 35426
077 96231
078 75657
079 44302
080 12394
081 23525
082 71579
083 28505
084 19446
085 40655
086 14221
087 63004
088 76215
089 40861
090 42303
091 84662
092 47828
093 56630
094 97956
095 18966
096 83657
097 43477
098 64387
099 81633
100 60540
101 70723
102 89753
103 40612
104 97252
105 58678
106 23154
107 97649
108 59600
109 36465
110 11074
111 77255
112 21398
113 34558
114 22824
115 56631
116 09981
117 15583
118 42430
119 00033
120 76432

