001 61702
002 72515
003 23169
004 62549
005 18968
006 61374
007 49135
008 46477
009 26565
010 29770
011 86377
012 81954
013 23296
014 92544
015 06980
016 41325
017 40017
018 44348
019 94484
020 17857
021 40889
022 94463
023 37947
024 49757
025 57028
026 08727
027 20216
028 76069
029 07176
030 64886
031 86141
032 98210
033 73472
034 70164
035 15533
036 57418
037 81900
038 98299
039 91336
040 88963
041 21782
042 90912
043 16650
044 65255
045 01400
046 07235
047 26813
048 49359
049 25514
050 70198
051 55851
052 20085
053 98641
054 42891
055 87234
056 66206
057 11288
058 64866
059 08727
060 70833
061 62364
062 03044
063 49577
064 55433
065 20721
066 29767
067 37653
068 92263
069 46877
070 41725
071 26191
072 34864
073 42972
074 82164
075 33525
076 90547
077 26675
078 91368
079 65992
080 87065
081 26515
082 68966
083 49046
084 09954
085 64993
086 63687
087 04803
088 93805
089 04134
090 26220
091 48222
092 32371
093 31548
094 24808
095 18871
096 46452
097 71641
098 21811
099 22303
100 59608
101 17472
102 66907
103 34567
104 08247
105 60339
106 34053
107 54708
108 79827
109 75545
110 28948
111 17069
112 11891
113 95152
114 00017
115 00064
116 14657
117 78738
118 59184
119 42436
120 91425
