001 24956
002 53693
003 57383
004 36916
005 71312
006 81941
007 87076
008 26869
009 70570
010 53867
011 23307
012 68489
013 55689
014 49128
015 61587
016 28396
017 67787
018 51147
019 27959
020 87580
021 82005
022 14301
023 41538
024 77714
025 80713
026 61254
027 30903
028 36161
029 78986
030 71671
031 93896
032 24691
033 32625
034 46728
035 43099
036 56546
037 00739
038 56085
039 52202
040 48399
041 19263
042 58716
043 09675
044 61527
045 38945
046 70256
047 80154
048 30576
049 42227
050 80632
051 91964
052 25142
053 02036
054 45741
055 99731
056 87799
057 91771
058 31280
059 29481
060 83644
061 09063
062 58356
063 10187
064 05733
065 76814
066 55564
067 60043
068 90440
069 92219
070 28263
071 14325
072 58887
073 37835
074 42238
075 27405
076 08279
077 14201
078 17825
079 55826
080 08727
081 89900
082 85423
083 76495
084 74976
085 14429
086 67212
087 65026
088 59030
089 62263
090 80914
091 12853
092 55978
093 36455
094 30074
095 39293
096 89429
097 22123
098 30512
099 33732
100 37752
101 37991
102 48609
103 91985
104 01761
105 55970
106 89566
107 98663
108 51889
109 28503
110 17207
111 36934
112 07177
113 40953
114 17673
115 44588
116 50912
117 45403
118 83915
119 97709
120 81360

