001 90052
002 61043
003 58392
004 96004
005 80928
006 32209
007 25134
008 26851
009 11765
010 19602
011 85540
012 76737
013 25020
014 05767
015 99453
016 95507
017 30628
018 78003
019 01206
020 41091
021 89088
022 97982
023 71160
024 48786
025 86539
026 27886
027 88014
028 28403
029 63914
030 86782
031 56667
032 05881
033 46105
034 67072
035 00316
036 00907
037 06744
038 04243
039 07194
040 65286
041 14671
042 24745
043 10026
044 34605
045 32043
046 68292
047 38810
048 07256
049 89415
050 18018
051 38807
052 43936
053 98637
054 44332
055 79181
056 09646
057 93879
058 17165
059 07167
060 80137
061 07833
062 08011
063 15974
064 47658
065 87947
066 74506
067 92715
068 28264
069 53885
070 88927
071 45895
072 73645
073 00847
074 23382
075 71259
076 68207
077 10191
078 71359
079 70796
080 45067
081 54793
082 29158
083 20163
084 32056
085 94720
086 68851
087 34116
088 65891
089 26618
090 97526
091 06793
092 29311
093 39321
094 25253
095 08268
096 43876
097 82377
098 76487
099 51223
100 08430
101 48326
102 84780
103 37323
104 00633
105 41481
106 68100
107 97631
108 17900
109 32401
110 59696
111 72309
112 21028
113 94069
114 33380
115 31768
116 49179
117 62816
118 98030
119 75305
120 63217

