001 24135
002 39638
003 02365
004 70564
005 11114
006 20030
007 77580
008 09921
009 75075
010 58165
011 88050
012 69759
013 72831
014 34710
015 49748
016 92821
017 67635
018 37290
019 63908
020 89407
021 82431
022 16021
023 48654
024 96452
025 08527
026 70207
027 76901
028 04444
029 90505
030 53062
031 35613
032 08139
033 81704
034 02099
035 38283
036 35976
037 60062
038 55390
039 41214
040 08374
041 90226
042 83054
043 32936
044 08950
045 96370
046 87989
047 59903
048 19120
049 77834
050 16439
051 29514
052 74715
053 52827
054 36239
055 51473
056 66384
057 46530
058 57661
059 28363
060 02782
061 44885
062 81366
063 55087
064 27456
065 50398
066 60780
067 83441
068 35256
069 66760
070 98154
071 78105
072 17341
073 00482
074 61686
075 34375
076 36774
077 54821
078 08487
079 93873
080 38884
081 13447
082 69754
083 79556
084 31146
085 96733
086 41305
087 05464
088 18313
089 34937
090 91170
091 16722
092 65451
093 09702
094 36997
095 60706
096 43174
097 84750
098 99082
099 42399
100 25835
101 00043
102 66612
103 88682
104 21466
105 28651
106 97805
107 22782
108 68909
109 71604
110 55578
111 32928
112 29185
113 29221
114 92814
115 35729
116 43858
117 98396
118 19360
119 18367
120 10589

