001 59011
002 88254
003 69864
004 59008
005 07375
006 55465
007 25537
008 63070
009 22144
010 74543
011 10369
012 78114
013 40466
014 84068
015 71181
016 84933
017 94105
018 26222
019 43610
020 00486
021 18857
022 19613
023 52485
024 92980
025 23033
026 18641
027 58067
028 13074
029 44661
030 41700
031 94738
032 60461
033 35122
034 97952
035 75141
036 48648
037 19077
038 58126
039 44473
040 23873
041 00195
042 96351
043 74123
044 77202
045 54645
046 53877
047 41216
048 77524
049 55037
050 87094
051 29423
052 75334
053 49158
054 09566
055 31916
056 42674
057 53566
058 25122
059 73809
060 13123
061 54361
062 81950
063 27030
064 32381
065 33407
066 79998
067 93757
068 87985
069 70061
070 62820
071 12497
072 12734
073 70058
074 81145
075 75495
076 22506
077 80938
078 10565
079 04757
080 93556
081 74743
082 18356
083 90323
084 50902
085 91122
086 87636
087 59989
088 20985
089 72795
090 98620
091 28105
092 43977
093 81773
094 19772
095 33270
096 92979
097 31894
098 04980
099 05772
100 53830
101 26014
102 02393
103 96083
104 38433
105 98599
106 51879
107 40191
108 70754
109 68828
110 93866
111 02017
112 57328
113 09815
114 90498
115 27462
116 20740
117 06890
118 60902
119 81195
120 14939

