001 18190
002 67309
003 82946
004 62805
005 35351
006 03520
007 68414
008 66204
009 63503
010 91947
011 90818
012 29216
013 63107
014 43829
015 05034
016 91816
017 14584
018 88005
019 79440
020 62493
021 11138
022 82786
023 05716
024 89971
025 65291
026 08491
027 94176
028 58558
029 61309
030 90295
031 38816
032 16366
033 74636
034 73112
035 55729
036 65202
037 24835
038 95264
039 33813
040 46609
041 11454
042 83317
043 26097
044 11954
045 66937
046 48649
047 82516
048 64543
049 69507
050 52752
051 98378
052 95859
053 70798
054 20961
055 45140
056 93555
057 83120
058 71905
059 93091
060 96469
061 60178
062 51026
063 09700
064 36839
065 21457
066 66063
067 60505
068 10634
069 35329
070 49985
071 19677
072 60518
073 73221
074 55778
075 85740
076 22989
077 65718
078 19201
079 93684
080 63183
081 14479
082 61915
083 44706
084 76716
085 70095
086 69320
087 57570
088 02828
089 29186
090 24256
091 54996
092 24760
093 54053
094 81663
095 87198
096 32035
097 70629
098 90396
099 05585
100 88415
101 48524
102 89527
103 36396
104 99331
105 28507
106 81396
107 12903
108 04261
109 94734
110 55457
111 56786
112 66337
113 12434
114 46603
115 04191
116 87293
117 69250
118 26175
119 66836
120 44670
