001 61162
002 00712
003 70596
004 25196
005 39878
006 15628
007 15693
008 44144
009 41623
010 16165
011 38171
012 68183
013 81631
014 36775
015 92958
016 76403
017 69463
018 69491
019 94566
020 03112
021 52627
022 20262
023 64419
024 58163
025 88339
026 63395
027 83679
028 71937
029 69652
030 06822
031 77933
032 44728
033 77355
034 03271
035 38614
036 41943
037 64883
038 09714
039 09769
040 02345
041 34345
042 31292
043 92520
044 26073
045 57475
046 60972
047 62246
048 04491
049 11228
050 11309
051 59073
052 83076
053 62994
054 00641
055 04589
056 73095
057 03761
058 80339
059 01530
060 49203
061 35695
062 04753
063 38462
064 40464
065 20181
066 81414
067 79828
068 42360
069 64558
070 99649
071 90247
072 74418
073 07071
074 83607
075 17301
076 55246
077 05554
078 73719
079 48605
080 34457
081 65927
082 99658
083 59879
084 04532
085 49926
086 70537
087 29029
088 35576
089 02367
090 72221
091 69685
092 65476
093 93533
094 87695
095 10554
096 27562
097 51073
098 48708
099 10386
100 03805
101 04347
102 22931
103 49949
104 42895
105 15133
106 70379
107 78058
108 74305
109 05506
110 94442
111 92971
112 40000
113 84193
114 08426
115 50804
116 53416
117 54223
118 41686
119 39637
120 53642

