001 16401
002 78092
003 78499
004 01104
005 38374
006 15277
007 18963
008 68604
009 06981
010 01382
011 77753
012 71141
013 75625
014 84245
015 76135
016 00869
017 90118
018 87477
019 94647
020 41576
021 15831
022 13704
023 54284
024 92394
025 87357
026 71620
027 40731
028 45224
029 70328
030 25100
031 61720
032 82817
033 59571
034 63869
035 53148
036 09442
037 10190
038 93844
039 99051
040 18153
041 97811
042 29413
043 27467
044 23787
045 85481
046 58222
047 51561
048 53480
049 21879
050 55799
051 66223
052 98048
053 05036
054 74632
055 89424
056 13314
057 55286
058 77989
059 05117
060 26237
061 36171
062 43782
063 36692
064 55109
065 05462
066 89923
067 45477
068 82869
069 39696
070 75895
071 42492
072 97732
073 03650
074 55251
075 93530
076 70572
077 45748
078 01165
079 54338
080 09730
081 99290
082 06317
083 58000
084 88806
085 40467
086 03741
087 44396
088 33555
089 36269
090 01218
091 92892
092 60858
093 67416
094 23669
095 76058
096 66404
097 92393
098 76627
099 83193
100 60172
101 74261
102 61085
103 06445
104 96713
105 05648
106 29716
107 39469
108 54247
109 56869
110 11581
111 00551
112 17994
113 91031
114 71032
115 70254
116 18765
117 10721
118 22012
119 71314
120 99156

