001 55282
002 54316
003 31550
004 60371
005 35210
006 19011
007 46727
008 75897
009 11035
010 42423
011 32170
012 90432
013 61406
014 13102
015 16894
016 19577
017 21511
018 25485
019 17169
020 15750
021 81874
022 76566
023 56008
024 23130
025 19064
026 54494
027 72545
028 90028
029 64848
030 80639
031 24970
032 36393
033 26753
034 11305
035 77710
036 91411
037 33355
038 47360
039 75089
040 97143
041 09816
042 97216
043 14076
044 50504
045 92424
046 51070
047 30519
048 04720
049 60085
050 81668
051 54659
052 83095
053 80685
054 15761
055 05201
056 81989
057 76257
058 05591
059 82466
060 94695
061 01853
062 94473
063 47716
064 66509
065 93374
066 93066
067 90625
068 67532
069 80810
070 45236
071 76540
072 44420
073 39106
074 14629
075 77799
076 37075
077 18425
078 06809
079 49583
080 13295
081 14251
082 27397
083 16238
084 16533
085 99623
086 22468
087 92278
088 25020
089 79793
090 84624
091 20657
092 09461
093 95537
094 75304
095 61867
096 93460
097 92411
098 29634
099 82685
100 12463
101 33645
102 47262
103 36774
104 87047
105 85166
106 91804
107 60150
108 05299
109 51334
110 37947
111 89471
112 84643
113 33210
114 18731
115 14815
116 24009
117 01765
118 08034
119 31219
120 01426
