001 86011
002 04101
003 01137
004 30992
005 44869
006 76516
007 55214
008 31081
009 62448
010 02601
011 14047
012 58131
013 88373
014 86549
015 83357
016 18471
017 83980
018 88880
019 15334
020 59574
021 25566
022 51876
023 51013
024 05743
025 83930
026 38338
027 26473
028 06317
029 91188
030 43518
031 57720
032 75234
033 92128
034 41730
035 11602
036 55868
037 20763
038 90845
039 96895
040 67160
041 74250
042 01777
043 54285
044 18254
045 65232
046 87554
047 00506
048 61017
049 88632
050 08953
051 00765
052 08706
053 46931
054 74718
055 45954
056 77335
057 20536
058 30245
059 44174
060 61301
061 24685
062 31254
063 08852
064 29200
065 02127
066 19196
067 49397
068 62078
069 63726
070 19716
071 30029
072 57976
073 54691
074 23115
075 06980
076 39996
077 22969
078 75238
079 21525
080 18169
081 51862
082 51297
083 93243
084 66486
085 14748
086 03817
087 02355
088 62662
089 18194
090 68546
091 35820
092 13132
093 84239
094 37306
095 61509
096 18963
097 70567
098 96730
099 34352
100 59931
101 92088
102 62824
103 11989
104 47859
105 89424
106 40460
107 94204
108 11325
109 02850
110 16584
111 34370
112 94526
113 00681
114 62598
115 80729
116 64955
117 84255
118 22121
119 59733
120 81848

