001 99955
002 78424
003 02131
004 76791
005 73070
006 82147
007 07088
008 86298
009 06373
010 85108
011 62092
012 72880
013 39547
014 22460
015 12289
016 42686
017 42734
018 93865
019 42720
020 44267
021 68343
022 21985
023 56551
024 93634
025 26385
026 93485
027 71755
028 05175
029 16247
030 97271
031 37489
032 88615
033 85924
034 27423
035 65526
036 36966
037 75123
038 97408
039 55747
040 35684
041 86616
042 46822
043 99347
044 45704
045 99442
046 26209
047 04400
048 64421
049 23140
050 58419
051 07560
052 32266
053 14969
054 23136
055 45781
056 41578
057 65537
058 40054
059 69053
060 89725
061 25362
062 50009
063 36138
064 90704
065 27466
066 36281
067 16313
068 60633
069 61530
070 98637
071 81546
072 95378
073 28186
074 56907
075 63928
076 89753
077 87890
078 14641
079 78201
080 51317
081 37026
082 98165
083 64731
084 51787
085 94822
086 55015
087 55852
088 67996
089 70247
090 82381
091 67585
092 73564
093 83606
094 14034
095 85025
096 38954
097 70741
098 62038
099 27314
100 15391
101 90908
102 83363
103 23795
104 86748
105 99178
106 46570
107 09393
108 83723
109 94050
110 46239
111 79326
112 89432
113 97200
114 89034
115 45788
116 26764
117 50110
118 22826
119 58612
120 81242

