001 64011
002 54005
003 55287
004 13474
005 79345
006 20097
007 52175
008 03018
009 90883
010 96439
011 58250
012 10990
013 88425
014 99836
015 90751
016 00181
017 11287
018 40665
019 63678
020 96548
021 15143
022 78999
023 38106
024 95617
025 87365
026 81044
027 53457
028 03542
029 40174
030 40076
031 10721
032 68978
033 12620
034 01319
035 16074
036 32155
037 74786
038 53676
039 87722
040 83039
041 33268
042 71531
043 95646
044 82117
045 38195
046 46250
047 64272
048 81033
049 02463
050 38485
051 76291
052 79623
053 16652
054 16283
055 20906
056 16154
057 79107
058 35341
059 48511
060 05204
061 67896
062 31707
063 52781
064 36741
065 85160
066 91779
067 37457
068 38081
069 75918
070 39312
071 59079
072 64106
073 24907
074 73343
075 59047
076 37502
077 89400
078 45753
079 97690
080 46921
081 10305
082 03799
083 47874
084 37271
085 66740
086 42543
087 06814
088 70857
089 36491
090 61914
091 52121
092 80657
093 20023
094 06808
095 67709
096 49526
097 95573
098 60880
099 03674
100 48595
101 49227
102 08407
103 63066
104 05782
105 72688
106 33420
107 85177
108 17705
109 13961
110 76792
111 17137
112 50183
113 64831
114 92096
115 40225
116 10357
117 62984
118 06973
119 62461
120 74504

