001 13570
002 40439
003 29525
004 96343
005 63268
006 09669
007 88859
008 61031
009 51089
010 03844
011 57229
012 20725
013 95956
014 83430
015 06507
016 18432
017 40555
018 04795
019 48812
020 05611
021 70677
022 44093
023 95997
024 18954
025 19258
026 07706
027 58178
028 56748
029 17092
030 83119
031 39080
032 38369
033 59312
034 18674
035 36465
036 62616
037 93796
038 44508
039 72693
040 20212
041 55761
042 22347
043 63650
044 71434
045 25807
046 56416
047 54173
048 05662
049 81577
050 42592
051 92591
052 47534
053 84756
054 78050
055 26241
056 88879
057 46767
058 16821
059 24967
060 29444
061 83778
062 23713
063 14634
064 38216
065 11567
066 76515
067 51769
068 77785
069 64593
070 67339
071 42479
072 90841
073 07933
074 28672
075 05852
076 67996
077 72726
078 26987
079 14257
080 50845
081 54986
082 94338
083 50801
084 59064
085 90160
086 76152
087 66270
088 48235
089 32127
090 84449
091 22849
092 65081
093 03137
094 85235
095 04288
096 12922
097 52030
098 26332
099 72525
100 39443
101 75230
102 13549
103 20085
104 94311
105 28834
106 58879
107 85476
108 16971
109 62938
110 40196
111 20230
112 43522
113 14350
114 94686
115 02905
116 71783
117 78555
118 19544
119 19747
120 98587

