001 91661
002 57059
003 65707
004 96557
005 34131
006 52046
007 07614
008 41251
009 80534
010 44254
011 35052
012 39622
013 66519
014 50174
015 96581
016 68140
017 57386
018 54219
019 43940
020 04450
021 52068
022 01654
023 63554
024 47563
025 07067
026 52551
027 54059
028 61478
029 66650
030 25002
031 69922
032 99923
033 03678
034 32905
035 91186
036 86071
037 66317
038 89939
039 95047
040 64432
041 26711
042 19418
043 33544
044 84752
045 88826
046 55037
047 77617
048 80354
049 14383
050 99191
051 41461
052 63220
053 40539
054 89323
055 03126
056 94715
057 40830
058 44879
059 47081
060 95238
061 54141
062 78603
063 71336
064 55980
065 73257
066 71257
067 00915
068 67082
069 43038
070 37381
071 40859
072 20019
073 19316
074 33980
075 81213
076 07158
077 79337
078 09465
079 37974
080 88829
081 55510
082 07797
083 39338
084 10890
085 23867
086 36853
087 10746
088 97378
089 18972
090 09465
091 04246
092 02216
093 74808
094 13249
095 79978
096 91220
097 76315
098 79049
099 11156
100 47787
101 34296
102 27259
103 30513
104 12588
105 77692
106 12616
107 93439
108 96845
109 86145
110 97533
111 65805
112 61153
113 90616
114 57378
115 61671
116 53501
117 24899
118 40027
119 42370
120 39808

