001 88681
002 89611
003 82739
004 32438
005 94788
006 27363
007 05212
008 21359
009 08912
010 29443
011 33587
012 42885
013 28914
014 40075
015 60593
016 22978
017 05829
018 83174
019 32460
020 88713
021 23006
022 69378
023 54146
024 99739
025 78158
026 01086
027 87672
028 82162
029 97934
030 59466
031 37520
032 12309
033 19969
034 99995
035 62791
036 51073
037 51563
038 91625
039 41711
040 50010
041 18916
042 36781
043 00570
044 21298
045 98078
046 71182
047 51715
048 30400
049 03163
050 20701
051 07271
052 33073
053 05085
054 85736
055 20436
056 55146
057 98601
058 31714
059 85853
060 15073
061 13472
062 60894
063 67732
064 80546
065 13513
066 33826
067 30187
068 21248
069 34611
070 11060
071 18281
072 88754
073 77338
074 70272
075 81505
076 40526
077 83613
078 37071
079 30524
080 76646
081 28617
082 42100
083 44659
084 84703
085 08910
086 43739
087 33767
088 20606
089 90126
090 44961
091 77939
092 54237
093 60379
094 17454
095 56210
096 36650
097 79281
098 35601
099 76067
100 46319
101 14577
102 66046
103 58538
104 48066
105 00953
106 68743
107 63128
108 54123
109 15337
110 29366
111 57849
112 21111
113 27284
114 33661
115 92080
116 42136
117 32233
118 70640
119 77563
120 42233

