001 81635
002 68410
003 08288
004 40105
005 51229
006 85392
007 99184
008 53463
009 27848
010 91861
011 03902
012 06477
013 39713
014 77112
015 89704
016 71470
017 02968
018 72371
019 82337
020 08885
021 79061
022 69853
023 98274
024 21784
025 09645
026 91970
027 20466
028 23974
029 68542
030 51542
031 71477
032 81897
033 25335
034 47593
035 01234
036 88909
037 71901
038 31828
039 90558
040 64940
041 77583
042 51580
043 05362
044 67521
045 97914
046 12737
047 58337
048 07234
049 47601
050 42238
051 05908
052 59789
053 72918
054 83930
055 90462
056 26765
057 41616
058 57568
059 37076
060 27680
061 14738
062 39657
063 33053
064 13910
065 87877
066 44443
067 36381
068 89478
069 63066
070 94277
071 31431
072 35438
073 44234
074 04520
075 04828
076 94222
077 76033
078 86000
079 80753
080 67973
081 17013
082 60581
083 05421
084 26071
085 83960
086 85011
087 27415
088 53580
089 67534
090 93051
091 24523
092 34647
093 58654
094 97785
095 74778
096 07711
097 26213
098 17172
099 75358
100 19823
101 77255
102 35718
103 11692
104 10444
105 22522
106 91955
107 31553
108 30604
109 89783
110 52683
111 21721
112 76150
113 78282
114 81266
115 74314
116 15081
117 96687
118 61926
119 97143
120 27381

