001 43457
002 29886
003 37701
004 97380
005 99098
006 37435
007 21126
008 98099
009 20157
010 20649
011 73977
012 57591
013 40378
014 05024
015 76457
016 34618
017 31796
018 43153
019 05866
020 73826
021 56570
022 83215
023 57271
024 74505
025 76410
026 46681
027 03780
028 27357
029 87977
030 77047
031 30568
032 55760
033 59257
034 78149
035 02976
036 42605
037 09122
038 24291
039 62066
040 56198
041 32416
042 40272
043 98465
044 63228
045 48919
046 55161
047 90084
048 87070
049 37106
050 29253
051 24401
052 53433
053 05826
054 10700
055 47704
056 62886
057 20055
058 00808
059 78839
060 51289
061 92544
062 46702
063 43621
064 69744
065 28044
066 02517
067 87707
068 79751
069 61456
070 74187
071 39562
072 00979
073 39439
074 22177
075 06239
076 27420
077 74513
078 59684
079 09742
080 15767
081 53914
082 46315
083 10640
084 07858
085 05362
086 00438
087 54697
088 42317
089 80756
090 89496
091 92682
092 94890
093 69781
094 89542
095 14575
096 27165
097 71638
098 85917
099 58379
100 48814
101 91348
102 17218
103 47396
104 06951
105 90250
106 73661
107 51139
108 24024
109 41809
110 92840
111 40251
112 45336
113 02819
114 98484
115 66633
116 86011
117 60175
118 26453
119 21824
120 91826
