001 51260
002 36949
003 37043
004 71790
005 35821
006 46720
007 52402
008 92399
009 99558
010 55906
011 03105
012 44573
013 93527
014 71510
015 80282
016 22592
017 32971
018 51410
019 81999
020 05340
021 66753
022 82273
023 83061
024 24125
025 00445
026 48913
027 22178
028 01910
029 42173
030 87703
031 84794
032 87691
033 82723
034 00815
035 32651
036 76376
037 54019
038 99844
039 77845
040 67244
041 96463
042 07690
043 69308
044 40888
045 66310
046 70206
047 92997
048 60562
049 34728
050 36003
051 89889
052 88282
053 46467
054 94170
055 63238
056 11987
057 64486
058 78268
059 54837
060 22187
061 80981
062 68206
063 90706
064 58122
065 88377
066 04923
067 26015
068 35831
069 67293
070 36348
071 43537
072 66974
073 73159
074 14802
075 16653
076 16025
077 32709
078 07693
079 30088
080 78002
081 68224
082 11156
083 35791
084 24387
085 77393
086 22247
087 13175
088 84929
089 71386
090 84375
091 70754
092 61324
093 54778
094 93497
095 66089
096 01265
097 12014
098 57135
099 26672
100 16116
101 09251
102 32030
103 39196
104 86027
105 40439
106 42758
107 03203
108 01966
109 62473
110 53756
111 45196
112 34167
113 29121
114 87010
115 61499
116 29192
117 51925
118 27785
119 11218
120 22637

