001 72332
002 11294
003 84379
004 08946
005 90713
006 08132
007 21450
008 78398
009 88277
010 78757
011 75469
012 29100
013 41207
014 13280
015 54521
016 97233
017 97888
018 81112
019 01535
020 02634
021 84486
022 98606
023 12177
024 60895
025 77063
026 48714
027 55155
028 60759
029 24181
030 68588
031 66048
032 27118
033 74884
034 69767
035 46346
036 87876
037 67964
038 62130
039 37014
040 49388
041 73443
042 71594
043 72776
044 53225
045 94546
046 96358
047 86947
048 33084
049 68808
050 47213
051 40879
052 48162
053 46688
054 36581
055 50308
056 89127
057 03896
058 84695
059 56265
060 48866
061 98656
062 20559
063 39488
064 02590
065 71123
066 75720
067 93517
068 54938
069 95433
070 66074
071 39315
072 80775
073 50031
074 44026
075 13608
076 09025
077 89575
078 35846
079 57043
080 15152
081 02401
082 43601
083 63082
084 87155
085 70771
086 78685
087 08072
088 84814
089 31616
090 93740
091 99786
092 54083
093 48375
094 00181
095 89497
096 65850
097 80445
098 96110
099 29286
100 10980
101 30890
102 40831
103 09364
104 94357
105 47820
106 88410
107 45595
108 48563
109 87458
110 40985
111 71093
112 01917
113 01780
114 48530
115 26411
116 41345
117 24780
118 87656
119 15137
120 02236

