001 10134
002 90061
003 99732
004 30324
005 52462
006 48617
007 11557
008 15313
009 72371
010 52252
011 45244
012 46542
013 47467
014 22708
015 37308
016 35655
017 42059
018 57034
019 11513
020 06565
021 70855
022 69219
023 58062
024 34709
025 18056
026 04906
027 05709
028 01622
029 22867
030 47826
031 08924
032 11853
033 88742
034 44461
035 34668
036 34872
037 45389
038 73865
039 86438
040 73069
041 85136
042 77256
043 16266
044 47923
045 83805
046 75798
047 23802
048 58937
049 57169
050 85022
051 69657
052 18751
053 53236
054 90092
055 92576
056 61720
057 91970
058 43550
059 93279
060 02384
061 89210
062 40873
063 99462
064 35345
065 77318
066 76836
067 60291
068 82676
069 31022
070 16331
071 36402
072 61777
073 36580
074 29080
075 86077
076 72757
077 72577
078 62404
079 50809
080 34307
081 11284
082 72174
083 54054
084 47115
085 62535
086 17232
087 84758
088 09951
089 46142
090 45526
091 65551
092 31629
093 44008
094 16147
095 21277
096 47134
097 32748
098 29077
099 55167
100 90596
101 83307
102 05989
103 13157
104 72818
105 35253
106 86281
107 26935
108 40124
109 53554
110 12780
111 86458
112 99362
113 09130
114 00334
115 99234
116 51932
117 82801
118 11320
119 33662
120 57169
