001 20109
002 90242
003 33607
004 83062
005 48504
006 63026
007 57896
008 72370
009 75477
010 59129
011 65352
012 03818
013 47772
014 01542
015 63760
016 56844
017 52826
018 70151
019 67700
020 82740
021 73524
022 75237
023 05683
024 03275
025 52799
026 52816
027 39171
028 46240
029 41173
030 44175
031 30939
032 13953
033 57013
034 38863
035 59348
036 52459
037 26771
038 32525
039 59713
040 99029
041 53386
042 28507
043 44399
044 02622
045 81014
046 33873
047 89288
048 94472
049 46480
050 00146
051 15154
052 73630
053 61495
054 90868
055 88680
056 31805
057 77068
058 65036
059 31253
060 69750
061 02434
062 91207
063 93117
064 21277
065 44937
066 05285
067 62368
068 71078
069 77454
070 81137
071 02779
072 37042
073 75432
074 37123
075 59425
076 33230
077 81314
078 57798
079 93509
080 45833
081 85188
082 99414
083 96387
084 51685
085 58874
086 95067
087 52640
088 32683
089 87669
090 14970
091 92499
092 28758
093 02262
094 14441
095 83080
096 43347
097 53746
098 22272
099 90503
100 85370
101 41501
102 47049
103 77632
104 02722
105 37250
106 11336
107 77831
108 78298
109 91804
110 60200
111 89300
112 26985
113 09602
114 95197
115 63546
116 56189
117 08723
118 87017
119 97496
120 35179
