001 58299
002 41278
003 21338
004 82049
005 22799
006 14720
007 20833
008 26176
009 59919
010 62525
011 02648
012 85138
013 66893
014 25656
015 71804
016 18664
017 54377
018 76525
019 48521
020 48667
021 12550
022 34909
023 12487
024 88608
025 90982
026 14300
027 26873
028 80294
029 57450
030 02284
031 20379
032 22598
033 42979
034 73697
035 85535
036 20503
037 22126
038 31299
039 74432
040 69953
041 80672
042 44553
043 30990
044 07747
045 26726
046 19575
047 42357
048 60042
049 13412
050 34354
051 73824
052 18438
053 64863
054 74537
055 21186
056 48331
057 19981
058 26589
059 60081
060 39702
061 28743
062 07685
063 30883
064 19045
065 77885
066 18453
067 56830
068 08078
069 66538
070 82490
071 73778
072 43991
073 93652
074 03280
075 54726
076 94356
077 03920
078 80215
079 57875
080 06730
081 37593
082 34634
083 35396
084 53075
085 27732
086 04043
087 14674
088 13256
089 32729
090 48300
091 58148
092 41695
093 74249
094 81200
095 19075
096 42677
097 97457
098 40930
099 47279
100 57013
101 22496
102 34460
103 44331
104 02503
105 72314
106 18826
107 13519
108 83028
109 04868
110 56458
111 70053
112 41879
113 02600
114 93811
115 38020
116 31613
117 43537
118 04464
119 30570
120 98747

