001 15267
002 87262
003 76523
004 75241
005 18557
006 34736
007 67145
008 07745
009 98412
010 43662
011 25093
012 50693
013 85139
014 87851
015 55569
016 86853
017 98682
018 95174
019 44880
020 86859
021 40018
022 43469
023 69061
024 84605
025 51508
026 68029
027 69409
028 26500
029 19105
030 23519
031 14303
032 07263
033 12831
034 53776
035 23607
036 19068
037 28862
038 40325
039 79905
040 80779
041 86109
042 89280
043 24817
044 36405
045 41010
046 47550
047 39417
048 31479
049 02197
050 95476
051 84182
052 59461
053 02385
054 45810
055 49823
056 51329
057 95594
058 54529
059 79103
060 42513
061 10345
062 61470
063 63269
064 93610
065 85027
066 14372
067 33831
068 75617
069 96492
070 73176
071 49257
072 57988
073 73513
074 55282
075 05328
076 86924
077 48715
078 84914
079 55007
080 92891
081 17329
082 42918
083 76680
084 14086
085 74153
086 90829
087 21355
088 12205
089 88630
090 77417
091 41836
092 14571
093 41018
094 30217
095 42682
096 77554
097 61241
098 98621
099 82214
100 84687
101 34713
102 24044
103 31322
104 74563
105 30337
106 02959
107 32818
108 56328
109 61069
110 45436
111 88874
112 04795
113 90075
114 66649
115 03558
116 26563
117 10767
118 76165
119 25684
120 88056
