001 66032
002 05783
003 99342
004 24037
005 42773
006 24426
007 70693
008 48080
009 07505
010 38246
011 85380
012 55023
013 96796
014 10717
015 84133
016 78018
017 50065
018 91691
019 69348
020 93966
021 90318
022 29617
023 85711
024 49425
025 10003
026 28031
027 73444
028 06011
029 93060
030 80615
031 97098
032 43277
033 73583
034 85733
035 23415
036 57652
037 12750
038 80627
039 72229
040 74811
041 90007
042 93328
043 88147
044 66194
045 32828
046 46439
047 82890
048 53267
049 61291
050 09243
051 57519
052 34214
053 41383
054 19998
055 15368
056 66500
057 87810
058 27192
059 28547
060 48895
061 07391
062 85324
063 56681
064 17625
065 71276
066 95751
067 97081
068 17219
069 48117
070 24927
071 49048
072 29976
073 62328
074 02670
075 64209
076 61742
077 86971
078 69310
079 15030
080 65532
081 16096
082 70172
083 84055
084 75090
085 97772
086 96432
087 15076
088 74991
089 01427
090 48878
091 38974
092 56990
093 95515
094 20564
095 56688
096 48293
097 39026
098 07082
099 05117
100 93864
101 39890
102 93868
103 98411
104 06783
105 79707
106 86716
107 39066
108 56804
109 78215
110 16579
111 09844
112 04116
113 93879
114 95202
115 27582
116 53411
117 93233
118 09649
119 02403
120 96718

