001 23045
002 62137
003 85475
004 91656
005 00561
006 21036
007 54021
008 54322
009 61464
010 71661
011 03344
012 46009
013 78653
014 42200
015 63137
016 86673
017 18232
018 97651
019 25170
020 32878
021 94416
022 75569
023 78932
024 09211
025 02276
026 69557
027 79248
028 70987
029 98641
030 46592
031 38997
032 63793
033 99436
034 07719
035 93848
036 46494
037 11527
038 79012
039 92513
040 04224
041 60018
042 61769
043 48213
044 01593
045 17366
046 41979
047 28001
048 95574
049 22017
050 05294
051 16862
052 38926
053 54216
054 39906
055 75456
056 11253
057 15251
058 14773
059 46483
060 32757
061 49195
062 60795
063 68073
064 91729
065 96719
066 18080
067 61342
068 80907
069 61641
070 44968
071 77272
072 68670
073 59039
074 46469
075 01673
076 47353
077 06477
078 54118
079 44620
080 99827
081 81168
082 72058
083 50522
084 71815
085 03996
086 50913
087 48763
088 55126
089 01552
090 46724
091 40060
092 94490
093 44281
094 80442
095 01472
096 91367
097 14377
098 78531
099 50924
100 69188
101 74416
102 15647
103 89826
104 20041
105 72198
106 41427
107 60883
108 07731
109 00586
110 83908
111 16925
112 21137
113 05870
114 32270
115 37905
116 68347
117 29292
118 29454
119 01197
120 46384

