001 99756
002 57773
003 35057
004 80500
005 33083
006 81139
007 81706
008 25489
009 96944
010 74441
011 70841
012 06823
013 48301
014 72100
015 54500
016 30035
017 92374
018 24566
019 56296
020 65734
021 27796
022 27111
023 42724
024 04634
025 35956
026 43597
027 15831
028 48351
029 18484
030 66683
031 88635
032 60805
033 45305
034 59831
035 19062
036 07096
037 44834
038 76633
039 35865
040 21496
041 57299
042 72463
043 52106
044 37928
045 14222
046 03494
047 96824
048 72057
049 55571
050 63387
051 46171
052 12124
053 37694
054 22134
055 39361
056 88488
057 36229
058 73614
059 90096
060 47638
061 29576
062 86490
063 22206
064 60036
065 79609
066 28783
067 28319
068 89159
069 81302
070 37471
071 15313
072 93123
073 27872
074 44115
075 97988
076 19493
077 80062
078 22601
079 43073
080 31037
081 15246
082 74638
083 06429
084 81351
085 17103
086 80105
087 84658
088 83252
089 97545
090 39813
091 57683
092 48219
093 38604
094 46794
095 11864
096 39639
097 51721
098 81233
099 52148
100 91944
101 91597
102 41155
103 49519
104 33898
105 74600
106 13258
107 03635
108 11423
109 88213
110 76966
111 80853
112 54072
113 75594
114 65197
115 91583
116 87793
117 24243
118 86148
119 17244
120 68807

