001 20212
002 43308
003 53967
004 39312
005 43301
006 81838
007 18910
008 33448
009 92119
010 38103
011 57851
012 82230
013 50226
014 05775
015 65107
016 35964
017 60694
018 12369
019 18503
020 09680
021 82653
022 69620
023 45387
024 04623
025 24550
026 74942
027 64524
028 00217
029 40985
030 77481
031 14387
032 19925
033 93900
034 06635
035 71277
036 34753
037 95522
038 18007
039 50722
040 56552
041 58321
042 58754
043 04966
044 54876
045 00318
046 01678
047 27540
048 54843
049 07526
050 53186
051 02705
052 12361
053 83068
054 44107
055 78569
056 06902
057 70912
058 30717
059 52106
060 89677
061 96646
062 72371
063 59071
064 16493
065 78632
066 02907
067 12481
068 01451
069 70099
070 50188
071 99963
072 19519
073 27566
074 53857
075 70410
076 08152
077 48576
078 49411
079 72504
080 55858
081 93093
082 29734
083 65060
084 54953
085 73828
086 22374
087 97930
088 50194
089 40762
090 19639
091 88589
092 41467
093 99797
094 02768
095 03689
096 35815
097 17467
098 63192
099 25203
100 81851
101 41521
102 78550
103 42457
104 83311
105 56759
106 82649
107 91846
108 44741
109 26813
110 24502
111 23101
112 75089
113 83060
114 12010
115 78322
116 52361
117 16261
118 20124
119 74698
120 99119

