001 97597
002 56780
003 12999
004 42400
005 23557
006 49778
007 43773
008 02540
009 60617
010 50147
011 10574
012 16242
013 81971
014 68071
015 59225
016 73028
017 71368
018 07412
019 21346
020 71868
021 61555
022 17128
023 22475
024 20791
025 95954
026 33997
027 63419
028 41011
029 82073
030 07670
031 35991
032 90855
033 90137
034 66007
035 03766
036 29648
037 35039
038 48195
039 03649
040 78389
041 30031
042 52992
043 42037
044 00901
045 60976
046 98829
047 92426
048 26326
049 93670
050 28253
051 08851
052 29537
053 87160
054 55509
055 11036
056 19643
057 51111
058 23457
059 35842
060 75672
061 43624
062 78352
063 86269
064 97059
065 95447
066 52462
067 18484
068 64533
069 64687
070 87548
071 10518
072 96652
073 01558
074 06188
075 63219
076 47891
077 60561
078 47060
079 27508
080 76358
081 42265
082 39580
083 34210
084 77420
085 44270
086 85541
087 70685
088 26771
089 39256
090 91440
091 76951
092 31403
093 21821
094 01125
095 84085
096 72657
097 39282
098 56354
099 75703
100 94526
101 78066
102 78859
103 42066
104 32067
105 25856
106 72308
107 26255
108 64953
109 83814
110 40681
111 42745
112 44564
113 15542
114 78733
115 63512
116 27221
117 67149
118 15638
119 10434
120 81370
