001 50966
002 38745
003 11967
004 63704
005 67379
006 89752
007 79532
008 89952
009 95871
010 57784
011 31696
012 80303
013 54080
014 47980
015 13069
016 38611
017 57422
018 02246
019 93290
020 84614
021 54633
022 90862
023 92054
024 78415
025 49520
026 25134
027 91904
028 65656
029 58718
030 45913
031 02399
032 37388
033 07916
034 14090
035 59087
036 44303
037 37883
038 21847
039 38473
040 92292
041 47055
042 29445
043 30618
044 79775
045 00100
046 43092
047 33081
048 41363
049 72728
050 00217
051 67255
052 34213
053 40612
054 46120
055 89749
056 77884
057 65689
058 69979
059 82078
060 88764
061 20343
062 34221
063 27835
064 64682
065 18724
066 95319
067 07411
068 43897
069 44078
070 47388
071 25027
072 71618
073 23422
074 22565
075 21610
076 94805
077 17238
078 35380
079 49890
080 61218
081 29447
082 22291
083 21404
084 33537
085 38485
086 77839
087 25099
088 35193
089 38280
090 76985
091 81664
092 89718
093 83761
094 19536
095 01812
096 18294
097 16442
098 81131
099 16242
100 31007
101 87697
102 80844
103 26340
104 41266
105 80828
106 42244
107 51146
108 62481
109 98700
110 49868
111 63987
112 47139
113 39481
114 18048
115 91749
116 24210
117 84264
118 64072
119 93146
120 20250
