001 09993
002 68798
003 75585
004 97111
005 94962
006 16919
007 55385
008 48812
009 39464
010 71652
011 58703
012 21730
013 38398
014 07309
015 79872
016 85357
017 49110
018 33316
019 13233
020 20505
021 25380
022 06119
023 67519
024 09611
025 38704
026 48240
027 54249
028 01810
029 59135
030 98010
031 21901
032 33187
033 05630
034 55648
035 65506
036 46645
037 66616
038 04682
039 44080
040 53253
041 47483
042 61562
043 78413
044 57457
045 42132
046 11841
047 54857
048 07770
049 01518
050 11538
051 52122
052 46161
053 90729
054 67791
055 17732
056 61519
057 34312
058 76584
059 64838
060 98317
061 66214
062 42572
063 62642
064 99950
065 20290
066 74382
067 12236
068 88099
069 09621
070 36408
071 43578
072 87714
073 35081
074 48144
075 00946
076 96096
077 51099
078 15744
079 68528
080 09744
081 51605
082 45238
083 10676
084 96935
085 82482
086 12717
087 89185
088 00646
089 23868
090 18309
091 02451
092 31620
093 37269
094 15662
095 09051
096 81276
097 95023
098 12959
099 54626
100 80451
101 69798
102 79321
103 67827
104 71823
105 47083
106 85056
107 47421
108 79380
109 84914
110 92292
111 01272
112 55429
113 41539
114 47606
115 78211
116 30393
117 60942
118 18912
119 17073
120 80120

