001 48011
002 86909
003 51237
004 55162
005 45364
006 13877
007 82714
008 71434
009 85169
010 81104
011 61602
012 57490
013 47801
014 21697
015 19657
016 57375
017 72382
018 05542
019 43135
020 90834
021 02875
022 42943
023 83877
024 69262
025 12455
026 06461
027 19976
028 50456
029 31389
030 70731
031 99092
032 13304
033 57470
034 56629
035 50762
036 32979
037 99434
038 61327
039 78855
040 88174
041 47454
042 74696
043 12479
044 04902
045 83034
046 61753
047 21726
048 81669
049 54214
050 88621
051 96513
052 98908
053 12744
054 05855
055 35586
056 04451
057 16633
058 64864
059 66420
060 93482
061 96828
062 18331
063 55088
064 99667
065 54612
066 83216
067 89884
068 74512
069 73916
070 60429
071 01561
072 97800
073 55176
074 50776
075 06030
076 04209
077 85755
078 13731
079 64062
080 61991
081 87220
082 91696
083 75234
084 76532
085 11843
086 95316
087 41678
088 75444
089 51467
090 75755
091 84884
092 06897
093 05466
094 75400
095 31163
096 52097
097 46235
098 47253
099 36290
100 82583
101 65101
102 19314
103 75132
104 15722
105 61148
106 10417
107 21268
108 96776
109 41861
110 76395
111 11262
112 04012
113 25279
114 77292
115 38055
116 35358
117 12581
118 96741
119 98213
120 25405

