001 95633
002 02656
003 56509
004 03915
005 67745
006 05317
007 37775
008 49651
009 94193
010 14156
011 30866
012 23780
013 81914
014 19344
015 58293
016 93698
017 37624
018 59896
019 57046
020 30908
021 58438
022 02555
023 70686
024 43277
025 95216
026 72895
027 94264
028 94782
029 31808
030 71513
031 95116
032 86395
033 44824
034 52200
035 26654
036 16530
037 02352
038 01520
039 36992
040 91564
041 32193
042 84912
043 47123
044 42066
045 85469
046 94999
047 83724
048 21155
049 20430
050 51033
051 48146
052 42464
053 80170
054 31420
055 02102
056 87409
057 30165
058 00568
059 15825
060 02473
061 27253
062 67491
063 73248
064 46750
065 37703
066 07005
067 70540
068 32065
069 15392
070 34843
071 81131
072 13294
073 60139
074 97858
075 47847
076 81117
077 52687
078 86720
079 75594
080 79096
081 26658
082 46423
083 66326
084 87715
085 94660
086 24999
087 07513
088 02750
089 45465
090 42880
091 52107
092 78373
093 92811
094 66133
095 39425
096 72832
097 51737
098 88139
099 79453
100 55826
101 54772
102 80279
103 34488
104 97400
105 98008
106 41046
107 18399
108 42562
109 22881
110 11709
111 73130
112 77527
113 57395
114 85192
115 52517
116 75014
117 70139
118 99009
119 17220
120 87729

