001 72214
002 03587
003 88685
004 28209
005 43697
006 31621
007 42717
008 63586
009 92459
010 94300
011 58021
012 37092
013 18870
014 96321
015 00475
016 87132
017 32441
018 97303
019 89472
020 73861
021 04833
022 26157
023 81250
024 91417
025 71935
026 63707
027 26756
028 13890
029 07118
030 93076
031 70297
032 36410
033 19245
034 18814
035 63666
036 43587
037 36247
038 13116
039 95757
040 33470
041 68331
042 34188
043 81068
044 68586
045 44661
046 46786
047 50166
048 21511
049 30985
050 77899
051 73456
052 91740
053 50110
054 80532
055 99443
056 46145
057 66985
058 71974
059 71748
060 91149
061 71045
062 56493
063 52171
064 35721
065 28353
066 34734
067 94045
068 99371
069 44002
070 82705
071 26512
072 29053
073 08619
074 92409
075 11729
076 02113
077 30130
078 10446
079 64885
080 64599
081 40660
082 55024
083 88169
084 26889
085 11704
086 34544
087 99674
088 14903
089 54196
090 33430
091 26660
092 53736
093 24830
094 36460
095 94306
096 75143
097 82393
098 44024
099 17256
100 46771
101 59572
102 07896
103 38746
104 41132
105 50578
106 57868
107 55670
108 30909
109 39698
110 65088
111 25506
112 52737
113 25789
114 27024
115 10005
116 67683
117 43569
118 01143
119 99005
120 10238

