001 01951
002 13555
003 75773
004 52038
005 99845
006 46149
007 29288
008 20297
009 65748
010 52039
011 08373
012 09787
013 53844
014 48637
015 42771
016 54535
017 60911
018 80654
019 31394
020 61298
021 15727
022 73796
023 23537
024 63380
025 91728
026 01395
027 74672
028 16919
029 33487
030 98305
031 85358
032 18323
033 04125
034 89766
035 70190
036 66469
037 05354
038 57473
039 85366
040 83843
041 84428
042 82006
043 62909
044 35645
045 47991
046 21563
047 87807
048 84770
049 38033
050 21572
051 29927
052 18664
053 04258
054 36675
055 16590
056 73669
057 69874
058 34575
059 57050
060 93665
061 29081
062 85655
063 82607
064 78237
065 68413
066 00656
067 77131
068 87495
069 39684
070 85479
071 66733
072 79020
073 28375
074 26363
075 55366
076 01087
077 73039
078 02402
079 22091
080 04659
081 48209
082 58746
083 09753
084 34872
085 49198
086 66068
087 89815
088 32452
089 96088
090 46284
091 89744
092 63633
093 27198
094 78773
095 72760
096 71698
097 12518
098 45732
099 53542
100 28288
101 79896
102 50971
103 25306
104 86621
105 23550
106 05405
107 92236
108 09783
109 37696
110 78530
111 76313
112 03021
113 93096
114 41017
115 75148
116 09418
117 73054
118 79427
119 06604
120 09053

