001 68797
002 48742
003 67295
004 25754
005 66739
006 17208
007 93072
008 85250
009 73671
010 07450
011 53063
012 34712
013 01440
014 36904
015 03886
016 36329
017 28852
018 95125
019 48480
020 37944
021 04098
022 19178
023 49452
024 03702
025 53276
026 81119
027 63030
028 30089
029 01449
030 48376
031 06056
032 12079
033 22277
034 42906
035 47031
036 68902
037 90474
038 38089
039 08867
040 90771
041 91653
042 80960
043 84625
044 18751
045 33196
046 81054
047 11728
048 57833
049 38715
050 20399
051 99408
052 14754
053 31512
054 15068
055 11705
056 17246
057 95763
058 65913
059 70860
060 40405
061 49738
062 50420
063 76277
064 22120
065 29322
066 84345
067 31154
068 11203
069 13317
070 96063
071 63606
072 12517
073 66154
074 03145
075 72940
076 05344
077 79019
078 84140
079 38565
080 46050
081 72990
082 42117
083 01796
084 78904
085 76002
086 00453
087 77854
088 35136
089 65122
090 55323
091 60918
092 39394
093 37594
094 32918
095 56941
096 00333
097 30270
098 13129
099 25856
100 31350
101 94542
102 10326
103 10489
104 50141
105 79728
106 03194
107 90675
108 03939
109 60642
110 57911
111 33211
112 00319
113 59968
114 53777
115 52003
116 34015
117 24054
118 85355
119 98556
120 07985
