001 75279
002 47333
003 36517
004 72628
005 96236
006 97910
007 74090
008 25235
009 83101
010 66484
011 30567
012 60213
013 43596
014 20381
015 29651
016 92643
017 64493
018 13870
019 07231
020 85022
021 12255
022 61700
023 23569
024 72302
025 32311
026 15268
027 92162
028 99848
029 73947
030 08236
031 80942
032 85283
033 57265
034 04594
035 82984
036 58489
037 70711
038 54856
039 53279
040 05511
041 24129
042 43087
043 73301
044 24716
045 43302
046 26221
047 51480
048 96097
049 14751
050 03628
051 40375
052 85185
053 63431
054 89737
055 19642
056 24471
057 37353
058 82245
059 23494
060 54673
061 75263
062 73526
063 39187
064 89110
065 80532
066 38031
067 65746
068 61519
069 57024
070 84013
071 96504
072 42741
073 39701
074 68767
075 27674
076 34170
077 05712
078 08607
079 50152
080 48582
081 41280
082 34827
083 22913
084 22682
085 03086
086 75930
087 36865
088 99114
089 67514
090 12599
091 30752
092 46725
093 80648
094 38437
095 39406
096 46592
097 02004
098 42690
099 96939
100 93168
101 01500
102 79532
103 16997
104 05271
105 05948
106 83878
107 62307
108 38979
109 85344
110 07829
111 07418
112 67358
113 25920
114 18248
115 37317
116 75448
117 10937
118 85107
119 85795
120 78832
