001 87015
002 45837
003 19175
004 98630
005 16269
006 43163
007 48993
008 11236
009 62515
010 79250
011 81950
012 07511
013 97315
014 25935
015 12984
016 44525
017 32732
018 10412
019 06486
020 89739
021 07881
022 56891
023 42669
024 59637
025 92433
026 55017
027 25069
028 40909
029 32723
030 28931
031 87664
032 21699
033 04994
034 03747
035 19657
036 46904
037 87974
038 17137
039 74725
040 12581
041 94705
042 37692
043 36922
044 92250
045 99150
046 64394
047 69153
048 21153
049 38833
050 95666
051 49911
052 96161
053 71924
054 45079
055 41116
056 96567
057 62933
058 87398
059 50547
060 14917
061 15881
062 38000
063 07348
064 57554
065 15220
066 76131
067 26779
068 74976
069 97842
070 09063
071 49177
072 38993
073 08930
074 95869
075 56848
076 10691
077 01599
078 32205
079 27933
080 61354
081 09398
082 16476
083 14093
084 38426
085 88667
086 81719
087 13235
088 69851
089 97784
090 44128
091 81501
092 28039
093 97044
094 86441
095 71098
096 13201
097 25421
098 97347
099 33448
100 41944
101 14066
102 56065
103 22971
104 63665
105 33330
106 26948
107 50016
108 45463
109 76776
110 25558
111 78988
112 79584
113 80582
114 52828
115 87615
116 74250
117 92857
118 15885
119 11225
120 34161
