001 28023
002 37305
003 16604
004 46958
005 69768
006 04598
007 13324
008 81462
009 08034
010 86864
011 24523
012 92450
013 51431
014 03410
015 60785
016 13592
017 88728
018 64538
019 38809
020 82915
021 70418
022 04664
023 96743
024 77879
025 31943
026 12371
027 14825
028 06062
029 07826
030 76714
031 45139
032 81468
033 84652
034 10341
035 93392
036 51015
037 33468
038 40862
039 50411
040 26984
041 75810
042 45923
043 03965
044 22511
045 48237
046 63688
047 49538
048 47967
049 41644
050 80022
051 82642
052 12255
053 58941
054 70130
055 23875
056 33502
057 86159
058 13812
059 34012
060 29882
061 89660
062 48999
063 73038
064 66266
065 59213
066 52034
067 78527
068 72253
069 77808
070 78736
071 00139
072 81424
073 90282
074 08548
075 56371
076 27149
077 34954
078 13200
079 33712
080 86715
081 34359
082 73156
083 17249
084 54091
085 60469
086 84662
087 73402
088 02616
089 67420
090 91161
091 38797
092 63454
093 01821
094 94335
095 93365
096 86749
097 08928
098 17857
099 48781
100 25173
101 76129
102 14874
103 84979
104 44930
105 16451
106 67417
107 38834
108 75762
109 02950
110 67358
111 94566
112 89562
113 48762
114 20668
115 39104
116 72317
117 51906
118 51951
119 27926
120 51231
