001 50844
002 25029
003 61830
004 87676
005 52668
006 53593
007 83124
008 26848
009 59093
010 70451
011 98981
012 48019
013 29892
014 86853
015 86965
016 69026
017 42593
018 68252
019 01174
020 00824
021 95125
022 00500
023 71789
024 52604
025 08590
026 94915
027 82872
028 09804
029 63977
030 21074
031 12121
032 13353
033 18003
034 23931
035 22842
036 44654
037 35409
038 58429
039 98840
040 42715
041 59828
042 37240
043 35103
044 94929
045 48788
046 50137
047 46319
048 57042
049 07344
050 29507
051 57460
052 11681
053 34611
054 65225
055 31186
056 17600
057 71671
058 65611
059 73660
060 84282
061 03681
062 76723
063 91199
064 10036
065 78277
066 56662
067 80458
068 95716
069 97016
070 78496
071 51452
072 16218
073 66432
074 49408
075 20682
076 59638
077 97573
078 78394
079 52533
080 15159
081 51323
082 36586
083 41733
084 39498
085 74828
086 93658
087 83337
088 60791
089 05423
090 12735
091 87898
092 66828
093 67502
094 85581
095 20286
096 43513
097 11065
098 66040
099 42861
100 34589
101 93669
102 43466
103 56357
104 76406
105 56761
106 33085
107 49221
108 87452
109 00133
110 56811
111 85159
112 83494
113 86568
114 31892
115 18839
116 12093
117 24448
118 44537
119 48031
120 13069

