001 16043
002 34368
003 07140
004 45594
005 16876
006 71459
007 63883
008 43539
009 59542
010 55674
011 30581
012 93732
013 90484
014 70802
015 80936
016 67237
017 01350
018 69788
019 20296
020 89192
021 00273
022 26179
023 84478
024 62164
025 49773
026 74298
027 11591
028 35806
029 50752
030 49635
031 25269
032 47389
033 82352
034 40828
035 61872
036 25270
037 01429
038 56068
039 45227
040 00088
041 39050
042 51150
043 28127
044 02761
045 77860
046 19284
047 80632
048 74407
049 29634
050 54571
051 84407
052 68987
053 98773
054 85722
055 39875
056 90454
057 15434
058 34930
059 63016
060 95565
061 38775
062 52525
063 97144
064 10975
065 76030
066 95555
067 13800
068 73880
069 28844
070 70550
071 32954
072 88513
073 09677
074 43475
075 49232
076 88618
077 36587
078 32076
079 08375
080 56682
081 94306
082 52505
083 40747
084 60014
085 14208
086 39334
087 62524
088 31266
089 93730
090 14652
091 35705
092 20913
093 80131
094 55148
095 11664
096 88291
097 46580
098 55424
099 98903
100 17530
101 41852
102 17186
103 51188
104 57703
105 96905
106 96432
107 31899
108 24605
109 47540
110 89348
111 06817
112 00841
113 27545
114 48968
115 22836
116 93457
117 55593
118 60511
119 35513
120 29130

