001 63554
002 82774
003 63771
004 56709
005 88573
006 04488
007 72471
008 61844
009 78984
010 05575
011 89179
012 23147
013 04231
014 70568
015 10102
016 01476
017 59776
018 32928
019 00487
020 16418
021 40455
022 42898
023 54435
024 50053
025 91577
026 30905
027 65243
028 00874
029 70502
030 72562
031 70447
032 37869
033 01854
034 12772
035 72336
036 91731
037 77971
038 95758
039 22749
040 29712
041 74268
042 04440
043 73000
044 66079
045 21662
046 24211
047 51736
048 33958
049 73600
050 42253
051 62743
052 42460
053 60155
054 78063
055 53731
056 11660
057 75279
058 58677
059 53124
060 57881
061 02740
062 68141
063 26706
064 78652
065 13006
066 63347
067 30288
068 71453
069 14645
070 66156
071 02889
072 40780
073 65934
074 60084
075 45508
076 26405
077 95391
078 27718
079 47143
080 72225
081 51066
082 92475
083 65450
084 93115
085 58122
086 55806
087 89474
088 73390
089 09936
090 93981
091 84655
092 77685
093 64503
094 40851
095 18982
096 80890
097 15860
098 92176
099 31186
100 71672
101 88109
102 37203
103 02753
104 17031
105 65254
106 45689
107 23314
108 67302
109 88928
110 18911
111 68752
112 38049
113 40106
114 69454
115 42491
116 84203
117 68265
118 14247
119 50147
120 01070
