001 02883
002 31055
003 77658
004 03875
005 07663
006 54694
007 80446
008 78216
009 07806
010 99605
011 28853
012 90622
013 80772
014 02614
015 98423
016 94801
017 49396
018 14698
019 10578
020 79082
021 49823
022 91830
023 95158
024 63239
025 09941
026 15540
027 11790
028 72441
029 01365
030 38792
031 88599
032 66366
033 03474
034 78682
035 30689
036 52655
037 28645
038 95674
039 80481
040 89584
041 62454
042 23612
043 00852
044 85215
045 57123
046 47364
047 69855
048 54331
049 40002
050 58591
051 66373
052 59126
053 34200
054 80443
055 04179
056 92945
057 15449
058 03141
059 87836
060 22784
061 78557
062 72937
063 14227
064 32270
065 72261
066 93477
067 22712
068 41245
069 48891
070 55291
071 76101
072 27853
073 28359
074 49262
075 10708
076 23317
077 39216
078 46361
079 26663
080 76051
081 88616
082 62718
083 16309
084 01715
085 89007
086 42735
087 24965
088 88293
089 10320
090 48198
091 33064
092 87651
093 40170
094 89681
095 34606
096 69045
097 91258
098 02201
099 11044
100 61404
101 61034
102 79235
103 93985
104 61891
105 91278
106 37976
107 02017
108 77561
109 47540
110 54551
111 10587
112 64213
113 00300
114 38677
115 07823
116 91341
117 84992
118 40322
119 67840
120 35533

