001 62230
002 07016
003 13016
004 27035
005 13381
006 30272
007 15448
008 40325
009 46870
010 26627
011 58322
012 45726
013 31389
014 87877
015 72810
016 82497
017 54267
018 38780
019 76532
020 16569
021 09415
022 37064
023 68291
024 80136
025 41770
026 88101
027 68700
028 02917
029 00636
030 20312
031 86501
032 62701
033 97915
034 00135
035 78080
036 77134
037 23673
038 98140
039 83474
040 86289
041 27176
042 60606
043 12066
044 63485
045 03384
046 06229
047 64234
048 87201
049 46801
050 78995
051 90380
052 23958
053 93303
054 90294
055 66384
056 08086
057 85269
058 95619
059 87953
060 57848
061 36186
062 18864
063 55620
064 77806
065 92490
066 50139
067 90829
068 13073
069 28254
070 65588
071 47336
072 82801
073 04338
074 75965
075 98114
076 12840
077 02253
078 16963
079 04162
080 04602
081 86014
082 44409
083 98139
084 65645
085 12345
086 67854
087 48386
088 17059
089 74568
090 11103
091 25984
092 39497
093 96634
094 63175
095 07060
096 56534
097 07263
098 21827
099 32430
100 61991
101 55196
102 74731
103 78167
104 38923
105 01695
106 96271
107 77811
108 92742
109 02032
110 54483
111 48243
112 54980
113 51543
114 01679
115 26356
116 37586
117 71621
118 03814
119 56441
120 52798

