001 18596
002 20323
003 02281
004 57889
005 20017
006 72662
007 88103
008 58698
009 34061
010 30291
011 47810
012 24391
013 01024
014 49508
015 35294
016 27379
017 27560
018 90635
019 49536
020 75522
021 94834
022 59330
023 04480
024 84489
025 08088
026 18570
027 24461
028 49496
029 45375
030 57463
031 39798
032 21455
033 11459
034 93495
035 56388
036 45117
037 41502
038 41480
039 34238
040 24914
041 94904
042 21091
043 73155
044 56236
045 02494
046 04798
047 22018
048 66053
049 94936
050 15795
051 42567
052 39702
053 92013
054 23731
055 42890
056 13506
057 80395
058 46687
059 25116
060 88829
061 16127
062 50586
063 83169
064 73285
065 54659
066 51392
067 65653
068 31303
069 26464
070 01920
071 49999
072 51659
073 08614
074 13503
075 20900
076 58816
077 21458
078 76137
079 94507
080 19979
081 44762
082 65378
083 96907
084 40659
085 33244
086 95055
087 59048
088 50282
089 80912
090 03437
091 68952
092 24256
093 53138
094 20276
095 62954
096 89701
097 44968
098 42610
099 89188
100 32013
101 91076
102 51335
103 18494
104 28156
105 52211
106 24967
107 04850
108 21986
109 48142
110 83887
111 40448
112 16883
113 73053
114 94698
115 95174
116 75919
117 21746
118 70644
119 56851
120 38289

