001 14890
002 48173
003 36795
004 87888
005 83274
006 82296
007 29986
008 01873
009 38826
010 55764
011 20110
012 99824
013 12777
014 81750
015 69055
016 87598
017 01042
018 18251
019 96744
020 48700
021 37048
022 61921
023 89892
024 33957
025 47810
026 91718
027 54006
028 24067
029 11839
030 30169
031 36965
032 69604
033 25712
034 53286
035 40300
036 70044
037 57220
038 52131
039 17001
040 23727
041 78689
042 28085
043 96972
044 67679
045 35122
046 57900
047 95573
048 52969
049 06633
050 11514
051 36383
052 91470
053 68356
054 02051
055 05515
056 36388
057 41714
058 27952
059 12443
060 67320
061 08092
062 61268
063 40716
064 79202
065 97884
066 81360
067 35557
068 31332
069 90570
070 98783
071 40844
072 65434
073 35569
074 36453
075 04439
076 21859
077 22598
078 08288
079 00331
080 46935
081 97476
082 49395
083 14536
084 84085
085 01940
086 19040
087 40264
088 69836
089 36992
090 19433
091 77611
092 09868
093 08502
094 45576
095 43080
096 02895
097 63347
098 78268
099 10279
100 19695
101 06935
102 56768
103 04014
104 79968
105 29557
106 09942
107 85340
108 42615
109 14211
110 98685
111 00416
112 15517
113 69230
114 91176
115 36009
116 88815
117 56225
118 44657
119 55547
120 70610

