001 54254
002 30669
003 92211
004 57830
005 31508
006 99774
007 74060
008 05402
009 01665
010 79106
011 30760
012 18689
013 29160
014 26953
015 48168
016 25910
017 39097
018 68300
019 14606
020 57022
021 39840
022 36576
023 96869
024 12296
025 38276
026 64451
027 80199
028 40850
029 20746
030 29576
031 85344
032 25941
033 46839
034 07122
035 42420
036 59777
037 19818
038 59707
039 93049
040 31271
041 98358
042 08003
043 99456
044 89070
045 71032
046 20229
047 44380
048 60769
049 93789
050 56645
051 42172
052 64075
053 89514
054 64689
055 15303
056 50719
057 01292
058 77579
059 84886
060 18424
061 28890
062 36231
063 69317
064 24811
065 24715
066 48594
067 08616
068 59045
069 38287
070 14871
071 59475
072 60534
073 30922
074 51935
075 96258
076 72070
077 54918
078 94567
079 41505
080 09151
081 01525
082 26232
083 82616
084 97936
085 66406
086 28549
087 64645
088 31006
089 05992
090 08619
091 92777
092 21708
093 44743
094 89724
095 53966
096 57512
097 72898
098 27443
099 66963
100 43526
101 96306
102 44512
103 50571
104 04531
105 73435
106 59638
107 93306
108 16010
109 13022
110 41316
111 02434
112 34542
113 71514
114 05766
115 41630
116 36337
117 28460
118 18123
119 82271
120 61349
