001 35270
002 94107
003 86896
004 49798
005 81635
006 93920
007 09259
008 99605
009 08817
010 52888
011 58116
012 86382
013 21233
014 25678
015 29006
016 60976
017 08313
018 59532
019 54636
020 71995
021 79701
022 02733
023 50185
024 59998
025 24723
026 01324
027 96608
028 86708
029 02695
030 17705
031 48353
032 21714
033 63480
034 66567
035 34929
036 59799
037 00390
038 65074
039 42312
040 32794
041 83192
042 37619
043 40505
044 07772
045 99988
046 68474
047 68939
048 29625
049 13284
050 69037
051 63703
052 37628
053 29295
054 61962
055 57187
056 43250
057 35136
058 93033
059 97956
060 81251
061 09386
062 70727
063 46049
064 08612
065 95584
066 70212
067 38573
068 31278
069 88199
070 17125
071 09776
072 60257
073 66164
074 03948
075 58358
076 08900
077 92374
078 44521
079 50519
080 98360
081 00343
082 55903
083 46074
084 89716
085 79571
086 13971
087 90416
088 00705
089 73818
090 80593
091 06442
092 18100
093 40612
094 74600
095 23197
096 78321
097 37227
098 93841
099 83874
100 63233
101 02673
102 84673
103 72622
104 05057
105 13988
106 91865
107 28057
108 32823
109 85776
110 65452
111 90934
112 49175
113 40417
114 20137
115 02352
116 22406
117 27180
118 18451
119 14448
120 52784

