001 65810
002 76069
003 85921
004 34364
005 64513
006 97362
007 99224
008 63765
009 38054
010 77946
011 12743
012 78938
013 33140
014 02815
015 47814
016 08435
017 47835
018 75423
019 24570
020 52165
021 13331
022 00473
023 18951
024 53646
025 40301
026 69189
027 73992
028 99500
029 42462
030 75184
031 34450
032 52177
033 66027
034 56220
035 37810
036 94203
037 41420
038 40814
039 35802
040 39605
041 94845
042 18600
043 06631
044 69275
045 32062
046 69126
047 06053
048 79279
049 54883
050 78806
051 54366
052 52146
053 27423
054 70904
055 34303
056 61838
057 45549
058 59007
059 16014
060 88537
061 15299
062 88349
063 68289
064 78568
065 61625
066 52834
067 83271
068 19279
069 52797
070 09434
071 96254
072 96217
073 90189
074 61273
075 54018
076 90831
077 85087
078 99046
079 10441
080 82645
081 73965
082 84047
083 37166
084 35793
085 67346
086 11043
087 08927
088 96741
089 02048
090 77232
091 12974
092 80791
093 44352
094 04905
095 89500
096 33824
097 08726
098 99495
099 38836
100 71469
101 08603
102 94360
103 01291
104 83253
105 68788
106 11973
107 69118
108 32957
109 86593
110 54800
111 22285
112 32816
113 41978
114 26163
115 37592
116 28351
117 43886
118 10954
119 82491
120 41287

