001 18214
002 80847
003 02458
004 43984
005 17883
006 09869
007 20288
008 35554
009 32368
010 09721
011 06320
012 53837
013 63757
014 28255
015 16189
016 80429
017 40023
018 22726
019 84448
020 46487
021 88889
022 37949
023 52835
024 87035
025 48749
026 64231
027 71921
028 71131
029 61322
030 35784
031 59487
032 59168
033 97148
034 75885
035 04994
036 48092
037 43414
038 63201
039 94730
040 88374
041 50397
042 52920
043 20182
044 81212
045 31645
046 52482
047 88573
048 35891
049 75101
050 77309
051 11092
052 71751
053 11118
054 83787
055 71631
056 04715
057 47137
058 52081
059 70956
060 06541
061 29714
062 21035
063 36869
064 89407
065 84897
066 30000
067 10071
068 91761
069 11373
070 77820
071 00736
072 51527
073 04994
074 48929
075 44168
076 07291
077 99125
078 78773
079 46102
080 02780
081 49655
082 77415
083 08136
084 31370
085 77990
086 30328
087 30626
088 39742
089 92034
090 72269
091 61217
092 15791
093 79208
094 01291
095 05810
096 10051
097 60849
098 76323
099 29125
100 75324
101 24385
102 17358
103 33574
104 74161
105 30651
106 54266
107 84066
108 52572
109 47151
110 51104
111 98394
112 02637
113 10462
114 25478
115 91260
116 79530
117 58403
118 69751
119 07277
120 08342
