001 16496
002 78275
003 93185
004 50684
005 24313
006 29293
007 47970
008 34747
009 38040
010 03570
011 42090
012 97348
013 69563
014 54481
015 75016
016 27839
017 88125
018 45949
019 04817
020 74932
021 35142
022 70316
023 47316
024 16813
025 16864
026 00931
027 98406
028 94706
029 63689
030 36398
031 81438
032 07956
033 02800
034 63053
035 57924
036 28580
037 81153
038 49835
039 79936
040 16523
041 42026
042 44879
043 82881
044 92047
045 53690
046 37113
047 75874
048 75710
049 83986
050 45873
051 83249
052 52004
053 57285
054 52142
055 01457
056 44916
057 07148
058 98203
059 34556
060 05951
061 18072
062 65609
063 53089
064 94689
065 97054
066 49933
067 30688
068 36206
069 01544
070 73962
071 09306
072 05340
073 75558
074 38880
075 94561
076 52896
077 75002
078 40918
079 54617
080 29779
081 73587
082 29910
083 22005
084 29950
085 89576
086 84275
087 25665
088 74259
089 08010
090 95827
091 28217
092 69998
093 68616
094 88464
095 78204
096 59397
097 37310
098 16897
099 20225
100 54613
101 14300
102 60659
103 42641
104 31095
105 59112
106 34131
107 28632
108 11972
109 78805
110 56006
111 56558
112 61432
113 76352
114 47688
115 40043
116 33016
117 73172
118 49898
119 98082
120 04202
