001 70614
002 10643
003 96725
004 39194
005 80992
006 58434
007 36008
008 15455
009 01207
010 59706
011 67352
012 76480
013 11611
014 91042
015 84663
016 32488
017 10746
018 33912
019 47203
020 48575
021 80342
022 98293
023 89868
024 27807
025 71955
026 95717
027 98729
028 86463
029 41460
030 17069
031 33712
032 25778
033 46664
034 30577
035 78580
036 83519
037 08693
038 94447
039 45273
040 73397
041 36848
042 77649
043 00632
044 88420
045 95791
046 00507
047 45111
048 26464
049 05648
050 37162
051 02034
052 43928
053 53819
054 69627
055 52901
056 92160
057 00391
058 35248
059 16444
060 02457
061 56394
062 19854
063 45464
064 09614
065 46977
066 62975
067 45881
068 36631
069 54647
070 95414
071 87292
072 57235
073 12769
074 24418
075 58467
076 41825
077 77489
078 84793
079 43411
080 08457
081 30228
082 82675
083 88454
084 15917
085 98810
086 50939
087 90739
088 33028
089 86412
090 84545
091 57156
092 24536
093 57333
094 53562
095 65294
096 24191
097 64109
098 02874
099 56633
100 67622
101 47461
102 43562
103 30735
104 39371
105 86414
106 35990
107 42940
108 84672
109 62671
110 16865
111 89830
112 55942
113 46752
114 75925
115 44904
116 29933
117 36220
118 19256
119 59221
120 67497
