001 86464
002 49357
003 53412
004 20636
005 04807
006 47383
007 26240
008 70424
009 43679
010 05512
011 04410
012 99177
013 77533
014 77065
015 54790
016 59453
017 45175
018 57951
019 39289
020 09312
021 26166
022 07933
023 12713
024 65759
025 79298
026 88033
027 38496
028 30481
029 39439
030 35871
031 50864
032 14436
033 74247
034 22900
035 56943
036 91011
037 05319
038 08650
039 03297
040 96742
041 31310
042 21384
043 38617
044 75183
045 59384
046 04583
047 46631
048 21688
049 93904
050 79943
051 32016
052 71079
053 89089
054 54517
055 84552
056 37566
057 59686
058 34172
059 62715
060 37068
061 69504
062 25770
063 34080
064 04793
065 24330
066 41763
067 04674
068 29695
069 00009
070 01474
071 88480
072 29540
073 07706
074 45272
075 79527
076 92965
077 26643
078 96073
079 98183
080 85763
081 28438
082 66148
083 20524
084 20783
085 87719
086 21484
087 40222
088 53853
089 58551
090 18263
091 73590
092 62432
093 00676
094 66389
095 91657
096 84841
097 38801
098 65812
099 16063
100 31244
101 36789
102 66743
103 40375
104 01480
105 44128
106 95420
107 07818
108 34464
109 27437
110 25230
111 11258
112 37470
113 61314
114 97608
115 20719
116 12281
117 47362
118 02744
119 68591
120 37386
