001 42727
002 76866
003 83258
004 62699
005 15420
006 46678
007 57285
008 51598
009 25292
010 51821
011 09581
012 44278
013 88714
014 35193
015 55917
016 50386
017 59269
018 81340
019 30125
020 85455
021 35837
022 16628
023 29300
024 86619
025 74963
026 02815
027 89275
028 13832
029 81845
030 45272
031 86240
032 06663
033 34473
034 63007
035 68051
036 90705
037 71736
038 61629
039 66690
040 25949
041 61788
042 70669
043 48351
044 91844
045 32996
046 53332
047 16355
048 80324
049 69208
050 35265
051 56126
052 53274
053 60295
054 02737
055 27687
056 09805
057 87201
058 69190
059 96382
060 60830
061 34677
062 13948
063 14963
064 01196
065 17141
066 34419
067 27966
068 33523
069 45328
070 40156
071 36060
072 16325
073 51820
074 12719
075 41374
076 67448
077 93435
078 25480
079 82320
080 55195
081 61167
082 20181
083 84980
084 15292
085 15473
086 73517
087 87300
088 46024
089 31066
090 27721
091 08368
092 67812
093 24484
094 44197
095 25392
096 34038
097 93379
098 15034
099 16949
100 58062
101 33413
102 95687
103 63494
104 40854
105 22149
106 86860
107 32772
108 47372
109 35156
110 12928
111 13387
112 17937
113 19279
114 32130
115 01037
116 02646
117 45091
118 42920
119 36734
120 79211
