001 09195
002 37632
003 68800
004 23216
005 66480
006 43560
007 61800
008 95544
009 81042
010 71404
011 18956
012 77307
013 64547
014 91334
015 63212
016 08885
017 41174
018 89297
019 68394
020 96410
021 71722
022 40434
023 72022
024 09582
025 73874
026 23858
027 55166
028 58592
029 74047
030 35838
031 10685
032 38055
033 25354
034 93833
035 38103
036 31457
037 27707
038 53317
039 59818
040 29642
041 66247
042 65141
043 04208
044 56077
045 19487
046 10719
047 40786
048 96847
049 76813
050 44732
051 16558
052 81518
053 03815
054 00488
055 44694
056 07574
057 53032
058 31853
059 02910
060 51882
061 58424
062 93154
063 78537
064 31300
065 88432
066 78486
067 35880
068 52370
069 70886
070 91511
071 83951
072 14936
073 66545
074 09709
075 99076
076 93696
077 67174
078 03515
079 68238
080 20024
081 11752
082 03055
083 99250
084 90677
085 22332
086 70302
087 99056
088 42573
089 55662
090 33246
091 58713
092 87245
093 05016
094 31903
095 79373
096 25175
097 31100
098 57992
099 78203
100 47953
101 05412
102 75094
103 32126
104 03424
105 50092
106 55388
107 66233
108 30186
109 38406
110 02084
111 87887
112 36807
113 33178
114 02860
115 04495
116 71514
117 48021
118 35280
119 27584
120 31536

