001 01918
002 88231
003 13723
004 00734
005 49097
006 38267
007 17678
008 65711
009 07697
010 73255
011 76570
012 54935
013 14948
014 90091
015 60141
016 89938
017 27782
018 68481
019 00145
020 35747
021 65966
022 49256
023 37697
024 66263
025 92112
026 52366
027 80414
028 93359
029 26352
030 72439
031 50120
032 46318
033 82208
034 81737
035 77826
036 13780
037 11168
038 68993
039 69232
040 70480
041 97604
042 67585
043 52951
044 13404
045 36791
046 40589
047 91166
048 66406
049 10206
050 03479
051 10106
052 20691
053 51333
054 70170
055 64160
056 60784
057 20220
058 83552
059 27930
060 38097
061 44069
062 61298
063 38851
064 70755
065 66603
066 10470
067 04601
068 59551
069 86946
070 85350
071 52905
072 22476
073 46649
074 22607
075 10110
076 04327
077 44322
078 40382
079 77523
080 26753
081 57452
082 31477
083 39766
084 45557
085 81990
086 88976
087 86343
088 11799
089 33770
090 97587
091 65463
092 42845
093 76919
094 18254
095 70356
096 71434
097 52252
098 98682
099 14894
100 10637
101 34125
102 94823
103 02679
104 02087
105 95756
106 42436
107 58682
108 81837
109 02050
110 39515
111 04276
112 06051
113 17237
114 26054
115 61499
116 18846
117 02697
118 47479
119 84946
120 75408

