001 72897
002 90700
003 05277
004 89903
005 63323
006 85487
007 04220
008 51554
009 79985
010 21558
011 83681
012 53890
013 35673
014 65608
015 87008
016 76769
017 54929
018 68356
019 68235
020 74417
021 16415
022 47907
023 73737
024 78362
025 63601
026 20557
027 77796
028 97742
029 73307
030 33144
031 35612
032 99623
033 67622
034 80992
035 82408
036 01971
037 43882
038 63073
039 24132
040 49834
041 83351
042 73458
043 99156
044 21796
045 33013
046 93245
047 67174
048 40959
049 16769
050 63916
051 68249
052 60223
053 00168
054 56419
055 98837
056 23681
057 36444
058 37344
059 90174
060 59138
061 55224
062 58575
063 93095
064 46428
065 10105
066 35403
067 71593
068 27500
069 36756
070 56694
071 06312
072 76758
073 07973
074 80078
075 56039
076 45018
077 36451
078 89787
079 11315
080 43108
081 95502
082 27108
083 80457
084 87658
085 26858
086 24837
087 46583
088 11068
089 89315
090 95415
091 79630
092 74208
093 34411
094 81480
095 68760
096 95959
097 78223
098 70541
099 89308
100 59116
101 35322
102 72167
103 31746
104 35251
105 13066
106 56384
107 55862
108 56638
109 90190
110 40535
111 45259
112 04644
113 26912
114 78085
115 63171
116 20399
117 03161
118 02021
119 02693
120 38901
