001 51019
002 68721
003 42903
004 10382
005 83079
006 73403
007 89677
008 70719
009 89629
010 04929
011 57938
012 37165
013 76523
014 70466
015 19931
016 80532
017 69214
018 92971
019 34237
020 82111
021 33287
022 54770
023 94221
024 03075
025 18612
026 00032
027 46053
028 83404
029 94332
030 28157
031 01720
032 29791
033 74545
034 64420
035 61016
036 28217
037 96004
038 13249
039 35197
040 80889
041 73647
042 80465
043 23394
044 84631
045 69318
046 27204
047 12823
048 10789
049 11445
050 65556
051 30101
052 68152
053 99761
054 78110
055 07035
056 97951
057 98738
058 52617
059 32614
060 15163
061 48906
062 68938
063 40583
064 15244
065 00242
066 61424
067 89552
068 50221
069 64829
070 59139
071 32567
072 87103
073 69204
074 96050
075 54026
076 44200
077 36852
078 81083
079 38851
080 90892
081 24955
082 40563
083 92729
084 79605
085 94021
086 81966
087 48989
088 56685
089 93543
090 04921
091 45340
092 71672
093 40686
094 66610
095 76638
096 43217
097 04432
098 13821
099 51168
100 73399
101 42793
102 88652
103 68698
104 47651
105 88158
106 32007
107 41289
108 07634
109 72185
110 92480
111 80110
112 47487
113 16882
114 34778
115 77123
116 92625
117 69044
118 65432
119 76732
120 34029

