001 50903
002 62577
003 96629
004 81610
005 03861
006 16200
007 73060
008 67096
009 97447
010 38582
011 93364
012 98154
013 76743
014 72537
015 86253
016 18521
017 96563
018 19176
019 08210
020 50263
021 78780
022 44137
023 39564
024 23659
025 07356
026 92040
027 17256
028 17664
029 51012
030 76758
031 49018
032 28077
033 13580
034 28847
035 39408
036 91423
037 47247
038 54139
039 71482
040 98350
041 25843
042 76563
043 17079
044 92599
045 66675
046 79669
047 34106
048 89192
049 30749
050 99821
051 64912
052 39198
053 44845
054 24973
055 83671
056 82684
057 46111
058 64267
059 10977
060 36378
061 00563
062 59545
063 68577
064 53101
065 42440
066 73709
067 95665
068 79002
069 79469
070 64129
071 10327
072 10096
073 87201
074 25755
075 64948
076 12769
077 84665
078 53886
079 19368
080 65926
081 02559
082 12337
083 40301
084 47411
085 30550
086 55637
087 30732
088 09328
089 92842
090 40968
091 78134
092 60183
093 91406
094 82998
095 03576
096 37018
097 64989
098 09950
099 62433
100 37470
101 86664
102 97541
103 03786
104 00416
105 58235
106 60470
107 25632
108 16849
109 53100
110 04738
111 98496
112 86906
113 33440
114 05316
115 74995
116 19280
117 99417
118 75666
119 28010
120 27612

