001 48035
002 08437
003 40944
004 41011
005 60441
006 35101
007 96631
008 07746
009 71111
010 86735
011 36703
012 80957
013 40517
014 31102
015 77535
016 51710
017 71804
018 94510
019 24435
020 93001
021 24723
022 63731
023 95099
024 45508
025 91606
026 73840
027 16728
028 08292
029 35370
030 07608
031 06732
032 69278
033 49331
034 51932
035 43695
036 10707
037 94762
038 09844
039 75350
040 88271
041 10695
042 73843
043 24641
044 70561
045 50625
046 90351
047 36427
048 27459
049 84487
050 54312
051 64609
052 84988
053 35546
054 52050
055 24281
056 75602
057 72800
058 72513
059 37901
060 95856
061 91747
062 80322
063 76167
064 18270
065 97292
066 59152
067 94102
068 40000
069 85411
070 03649
071 01262
072 98212
073 20541
074 03396
075 56758
076 38827
077 86462
078 44056
079 98487
080 63993
081 14043
082 54320
083 04537
084 44644
085 40727
086 61603
087 89253
088 06700
089 23487
090 80865
091 85219
092 00643
093 37942
094 73304
095 49216
096 76893
097 63595
098 44696
099 74425
100 49611
101 05317
102 00519
103 21071
104 96632
105 50029
106 27820
107 03572
108 92212
109 12190
110 49371
111 44136
112 96023
113 54762
114 95920
115 74501
116 24567
117 21614
118 07862
119 98064
120 31797

