001 46745
002 50347
003 41583
004 84712
005 35778
006 37799
007 94947
008 35098
009 93879
010 38527
011 35834
012 84053
013 87081
014 01688
015 93258
016 53628
017 67623
018 70824
019 66816
020 35811
021 45183
022 84823
023 67309
024 25639
025 38535
026 73067
027 33315
028 51397
029 32002
030 31087
031 96786
032 16956
033 36759
034 40594
035 66989
036 26752
037 78221
038 35682
039 66558
040 19136
041 13351
042 93902
043 88758
044 58020
045 44241
046 85487
047 51985
048 04894
049 13055
050 41484
051 32529
052 33388
053 21175
054 57116
055 81541
056 01274
057 67762
058 80895
059 32000
060 00265
061 26733
062 21269
063 70366
064 34637
065 99332
066 45802
067 38040
068 65361
069 65957
070 19123
071 68536
072 80898
073 43801
074 40001
075 08619
076 83035
077 08080
078 21605
079 12438
080 88912
081 50929
082 98673
083 70420
084 45343
085 22523
086 42481
087 99011
088 53816
089 88914
090 66832
091 57459
092 77996
093 97158
094 64314
095 12733
096 38181
097 88874
098 04909
099 38370
100 67318
101 80157
102 34386
103 79775
104 78916
105 68193
106 25948
107 80396
108 21246
109 27630
110 25072
111 97914
112 40515
113 54383
114 14458
115 99082
116 01550
117 17078
118 29471
119 81545
120 88349

