001 20648
002 13504
003 80439
004 44887
005 87135
006 44000
007 56752
008 75423
009 57695
010 37610
011 92502
012 83092
013 56287
014 83325
015 23095
016 44233
017 37670
018 45844
019 99771
020 10414
021 07647
022 32749
023 26706
024 39496
025 54688
026 79046
027 84893
028 75463
029 60922
030 11471
031 25553
032 52260
033 52189
034 94181
035 66015
036 47918
037 25498
038 77886
039 97123
040 79931
041 32837
042 68406
043 92161
044 69780
045 20940
046 15360
047 64511
048 45308
049 37528
050 97812
051 82319
052 03657
053 47112
054 53130
055 89444
056 24523
057 46878
058 52347
059 65149
060 97748
061 42018
062 88872
063 96466
064 20579
065 59403
066 50098
067 53538
068 47019
069 70936
070 92672
071 02176
072 76892
073 30492
074 36358
075 45260
076 35824
077 37661
078 92495
079 23898
080 65057
081 96247
082 46807
083 56667
084 51289
085 29940
086 48359
087 16562
088 07375
089 42121
090 54924
091 56649
092 62166
093 82631
094 01654
095 20463
096 01371
097 21667
098 39229
099 22731
100 59554
101 39732
102 44885
103 27995
104 29226
105 97634
106 76189
107 42070
108 40709
109 29971
110 46385
111 16812
112 52675
113 23145
114 75241
115 72528
116 35076
117 09857
118 62890
119 81876
120 26449

