001 56112
002 59631
003 56521
004 27003
005 55137
006 59792
007 90567
008 73810
009 24222
010 88820
011 54399
012 80180
013 97163
014 41565
015 05793
016 28460
017 11025
018 08502
019 83270
020 14439
021 80967
022 69563
023 19233
024 72801
025 17714
026 06258
027 46807
028 95150
029 63410
030 81549
031 60281
032 49172
033 73177
034 85564
035 07131
036 12173
037 21614
038 17865
039 37213
040 52672
041 18128
042 84057
043 56305
044 54563
045 07426
046 67523
047 12184
048 20098
049 10686
050 48179
051 74693
052 52758
053 54226
054 58749
055 56225
056 72626
057 65999
058 50962
059 14303
060 25242
061 04845
062 61342
063 41503
064 47742
065 16957
066 07341
067 67884
068 19941
069 37985
070 76903
071 82191
072 92413
073 49389
074 71581
075 90193
076 29565
077 28332
078 51416
079 30898
080 24953
081 96883
082 28320
083 77104
084 36361
085 06027
086 82807
087 23083
088 08101
089 21115
090 66254
091 62482
092 01165
093 77175
094 12253
095 02002
096 55077
097 42599
098 03345
099 93516
100 47918
101 44427
102 75004
103 02495
104 33754
105 61090
106 76691
107 79151
108 92638
109 48502
110 82410
111 99257
112 87981
113 02687
114 25330
115 68304
116 98746
117 68920
118 13255
119 80269
120 79371

