001 16830
002 02370
003 16124
004 38291
005 80958
006 71802
007 80520
008 52289
009 37401
010 62369
011 39664
012 08617
013 99978
014 39070
015 29933
016 77792
017 17876
018 53890
019 70852
020 23895
021 94788
022 68107
023 92645
024 74669
025 05144
026 52140
027 35001
028 34264
029 13242
030 65473
031 26067
032 69882
033 31828
034 57859
035 61532
036 33752
037 76610
038 03377
039 33033
040 44369
041 75928
042 70568
043 91967
044 06503
045 63235
046 58359
047 64314
048 02131
049 16833
050 72060
051 24260
052 92050
053 32461
054 63073
055 60073
056 31130
057 21352
058 73576
059 45667
060 17581
061 50400
062 77747
063 96194
064 72110
065 66764
066 32021
067 23833
068 88598
069 11925
070 65912
071 87737
072 99142
073 56525
074 00227
075 51415
076 08704
077 25048
078 40827
079 05453
080 76456
081 27608
082 01923
083 77305
084 95592
085 20176
086 79983
087 79606
088 26415
089 86228
090 88426
091 58427
092 03835
093 64829
094 03763
095 68555
096 83861
097 07612
098 37471
099 31865
100 16086
101 36661
102 11412
103 95097
104 40147
105 37353
106 48982
107 09085
108 35314
109 54489
110 53132
111 59818
112 92253
113 28632
114 19461
115 38044
116 78787
117 35341
118 21419
119 62108
120 38197

