001 30661
002 48130
003 31327
004 47713
005 56942
006 03112
007 06999
008 46395
009 64953
010 21172
011 70685
012 28553
013 58383
014 36643
015 46149
016 78886
017 35688
018 93583
019 61698
020 80405
021 72658
022 50475
023 04849
024 81089
025 74586
026 72492
027 23955
028 76880
029 83113
030 69364
031 64558
032 62293
033 12908
034 62832
035 04621
036 14747
037 44655
038 33876
039 45935
040 06326
041 97162
042 77989
043 87636
044 47708
045 03685
046 22502
047 72993
048 55406
049 76841
050 40977
051 56475
052 62950
053 67088
054 22888
055 35590
056 57613
057 98398
058 15539
059 29343
060 09317
061 92188
062 04884
063 81232
064 80798
065 72150
066 94338
067 10808
068 23774
069 12083
070 51336
071 99086
072 68008
073 27682
074 23337
075 91940
076 35426
077 16430
078 98236
079 90197
080 71232
081 07044
082 07890
083 94254
084 12367
085 48252
086 63340
087 07902
088 75865
089 50457
090 56677
091 25063
092 37960
093 31504
094 42267
095 32718
096 92104
097 84893
098 40637
099 09063
100 65558
101 60539
102 37042
103 94287
104 93179
105 42899
106 09347
107 17910
108 41364
109 75016
110 87418
111 94066
112 68134
113 14780
114 67748
115 45706
116 99404
117 45937
118 37993
119 20677
120 83985
