001 43327
002 76727
003 08422
004 75811
005 18795
006 69454
007 65540
008 80326
009 93862
010 20669
011 45735
012 25765
013 79812
014 31142
015 96395
016 69331
017 58212
018 11306
019 83996
020 87099
021 21867
022 23700
023 63094
024 19300
025 26822
026 65919
027 54789
028 27661
029 74893
030 29599
031 62851
032 24176
033 23886
034 30235
035 33774
036 22993
037 50267
038 54367
039 08800
040 31271
041 48974
042 32495
043 64239
044 32514
045 53252
046 77249
047 24649
048 05369
049 01667
050 78058
051 92117
052 23024
053 72990
054 55870
055 99398
056 57623
057 08437
058 20768
059 53516
060 16937
061 19374
062 13594
063 94559
064 14375
065 82823
066 05074
067 71477
068 97987
069 22219
070 55840
071 36621
072 66922
073 36088
074 28498
075 00014
076 49762
077 79412
078 57604
079 62782
080 94650
081 36137
082 52896
083 79469
084 79025
085 29936
086 64763
087 69110
088 81535
089 75326
090 39496
091 13359
092 36456
093 28190
094 27935
095 22847
096 78023
097 69085
098 09315
099 69380
100 24891
101 82245
102 50186
103 95929
104 26592
105 77843
106 35701
107 97947
108 94013
109 05145
110 93052
111 01218
112 96230
113 69284
114 19044
115 88300
116 67645
117 63298
118 52362
119 62469
120 67130

