001 00175
002 17189
003 07815
004 52696
005 92953
006 30716
007 16222
008 36564
009 59190
010 58393
011 16032
012 88092
013 48737
014 90699
015 17178
016 53536
017 94348
018 14375
019 15281
020 12300
021 71219
022 47756
023 56797
024 26940
025 57780
026 19861
027 80378
028 87576
029 42360
030 92664
031 14244
032 75073
033 38351
034 19217
035 12955
036 18339
037 61334
038 99084
039 90753
040 78333
041 50647
042 11905
043 98479
044 90727
045 08984
046 74775
047 83438
048 27196
049 17878
050 93866
051 35878
052 57262
053 02237
054 70338
055 07671
056 09670
057 12016
058 31691
059 22609
060 70109
061 04441
062 74522
063 51387
064 92696
065 91111
066 34131
067 05501
068 46460
069 61741
070 61999
071 51924
072 00396
073 90182
074 04725
075 92085
076 86652
077 53628
078 46831
079 58126
080 72658
081 63083
082 08716
083 92306
084 80558
085 24186
086 67645
087 44775
088 44560
089 62782
090 15854
091 80365
092 82821
093 56836
094 74866
095 02432
096 78490
097 95140
098 57358
099 14984
100 66728
101 07713
102 38103
103 26203
104 26777
105 51654
106 99934
107 71950
108 25995
109 71435
110 54321
111 95220
112 25651
113 78361
114 75515
115 07091
116 77946
117 74797
118 40306
119 37921
120 79184

