001 11047
002 15658
003 28862
004 69683
005 32012
006 50127
007 54225
008 00689
009 76363
010 79608
011 61358
012 02017
013 36686
014 39578
015 99040
016 54728
017 86848
018 66109
019 16685
020 17917
021 60517
022 95424
023 66044
024 24644
025 62797
026 93458
027 81023
028 91783
029 56376
030 71237
031 04185
032 34717
033 81345
034 05021
035 20371
036 27790
037 84145
038 68680
039 61254
040 29159
041 51312
042 57879
043 43433
044 88529
045 97176
046 08215
047 43810
048 62829
049 22770
050 02541
051 93191
052 26939
053 72826
054 12332
055 28669
056 94146
057 35137
058 00993
059 90151
060 35299
061 64536
062 03258
063 88080
064 46390
065 61561
066 21121
067 72079
068 97168
069 93314
070 55098
071 49919
072 15879
073 07206
074 29305
075 66750
076 77706
077 12594
078 88002
079 71777
080 30956
081 24259
082 21217
083 81432
084 91216
085 96508
086 97954
087 79293
088 58677
089 35771
090 18218
091 96620
092 35682
093 21387
094 47726
095 75055
096 31258
097 84439
098 36479
099 89736
100 88915
101 76789
102 89522
103 82398
104 57677
105 66088
106 53421
107 28698
108 65902
109 14958
110 51192
111 62925
112 96922
113 06658
114 20946
115 40477
116 45993
117 49004
118 04846
119 76870
120 60348

