001 73762
002 51161
003 81429
004 95684
005 49124
006 05524
007 22412
008 75021
009 03331
010 43061
011 24142
012 96080
013 75183
014 51984
015 41346
016 25651
017 22761
018 17955
019 55502
020 73468
021 60992
022 11146
023 25149
024 64125
025 49399
026 02255
027 36946
028 67573
029 91465
030 07919
031 56384
032 68278
033 76438
034 38951
035 00278
036 28379
037 48644
038 33022
039 07545
040 14510
041 25487
042 65317
043 99092
044 34681
045 19006
046 25408
047 07279
048 35096
049 28910
050 94220
051 29506
052 53625
053 48618
054 86411
055 76964
056 74258
057 05302
058 31309
059 67185
060 07122
061 87553
062 09710
063 73516
064 89931
065 53901
066 08141
067 65203
068 11903
069 66667
070 33803
071 88917
072 37973
073 88965
074 71358
075 25902
076 49875
077 64245
078 11998
079 50039
080 65219
081 26564
082 63112
083 75678
084 69195
085 03256
086 26415
087 64340
088 71173
089 52782
090 69520
091 38398
092 92625
093 43338
094 32018
095 35162
096 57853
097 95716
098 11952
099 38841
100 25920
101 09008
102 39096
103 43842
104 40106
105 08407
106 73822
107 86218
108 64101
109 42936
110 61834
111 18307
112 42158
113 66737
114 29494
115 82771
116 08044
117 01225
118 81003
119 45676
120 91689

