001 22797
002 97994
003 23447
004 51719
005 13044
006 05537
007 71123
008 65287
009 78763
010 73283
011 38788
012 30620
013 61991
014 33571
015 82446
016 53545
017 04468
018 11799
019 28884
020 02066
021 47679
022 58821
023 19660
024 22887
025 39758
026 30506
027 72075
028 63076
029 14052
030 53332
031 93024
032 02153
033 86177
034 17548
035 65008
036 01606
037 60192
038 41202
039 19517
040 08119
041 87693
042 72023
043 96865
044 90827
045 64066
046 05943
047 76199
048 56459
049 69319
050 45359
051 77255
052 26651
053 45686
054 89754
055 84468
056 20402
057 09152
058 70545
059 53773
060 86222
061 25607
062 89860
063 49564
064 36917
065 04201
066 94228
067 11904
068 98122
069 71560
070 20184
071 94455
072 60688
073 61684
074 57953
075 16132
076 10764
077 40701
078 18639
079 31741
080 72270
081 91906
082 32917
083 21593
084 40612
085 06781
086 39991
087 76913
088 00546
089 33025
090 25496
091 65736
092 18216
093 45260
094 63466
095 46163
096 85715
097 10927
098 58833
099 58175
100 74849
101 87613
102 24389
103 85974
104 47600
105 73254
106 34823
107 89938
108 07231
109 31657
110 82108
111 79928
112 82091
113 82631
114 58332
115 53261
116 11865
117 66753
118 66014
119 88376
120 92594

