001 02048
002 63743
003 75837
004 94902
005 22615
006 12292
007 54030
008 29671
009 54336
010 36674
011 95689
012 02334
013 41373
014 87357
015 81632
016 20254
017 86173
018 66508
019 53297
020 15593
021 36546
022 30384
023 93754
024 32955
025 59987
026 09606
027 53809
028 76798
029 73955
030 38125
031 92418
032 15078
033 04613
034 95607
035 34668
036 13547
037 70015
038 62887
039 49438
040 82764
041 82107
042 39726
043 54659
044 58936
045 74034
046 44255
047 15001
048 80076
049 46395
050 80223
051 52636
052 60022
053 11157
054 46246
055 78919
056 90863
057 73567
058 28525
059 67773
060 38026
061 18425
062 64387
063 68514
064 79440
065 19715
066 92518
067 47335
068 68572
069 89798
070 45474
071 22765
072 85257
073 98809
074 98491
075 70411
076 78996
077 61394
078 10541
079 43531
080 53361
081 01785
082 92659
083 73929
084 26338
085 72132
086 47140
087 48184
088 26996
089 40741
090 20011
091 72181
092 18173
093 94733
094 56352
095 45028
096 39331
097 12130
098 12737
099 09254
100 82374
101 05113
102 39591
103 58337
104 58238
105 55507
106 46677
107 60242
108 43377
109 88596
110 44324
111 21494
112 61826
113 10408
114 77224
115 79365
116 85877
117 23582
118 56339
119 99224
120 20764
