001 48490
002 36870
003 82512
004 32374
005 34207
006 46343
007 80594
008 23874
009 29466
010 70254
011 73442
012 53039
013 67367
014 23560
015 92419
016 23793
017 26388
018 97588
019 41356
020 13651
021 43449
022 52248
023 32555
024 30585
025 16975
026 73857
027 21199
028 46208
029 44693
030 34930
031 61993
032 11780
033 47311
034 64675
035 58686
036 27968
037 75826
038 40172
039 72139
040 60357
041 65001
042 49847
043 48880
044 41199
045 59252
046 03402
047 79693
048 85934
049 28544
050 18081
051 53508
052 66036
053 68809
054 58388
055 03218
056 80070
057 84869
058 52828
059 33050
060 28707
061 20178
062 78382
063 82730
064 92293
065 31955
066 01242
067 00579
068 29363
069 31791
070 53556
071 57308
072 89279
073 83947
074 47642
075 97327
076 63032
077 74595
078 56432
079 41186
080 18364
081 37642
082 38509
083 13083
084 99996
085 68757
086 47391
087 85040
088 24427
089 27318
090 77567
091 31801
092 04774
093 24535
094 06105
095 38513
096 53041
097 01588
098 58959
099 35109
100 28833
101 89043
102 44999
103 10236
104 63102
105 41258
106 48456
107 08011
108 81066
109 76876
110 69977
111 62706
112 06006
113 56671
114 79738
115 99326
116 55502
117 89673
118 07480
119 20422
120 86153

