001 78937
002 11888
003 10612
004 08525
005 83899
006 07753
007 69924
008 78514
009 28259
010 56220
011 60536
012 20840
013 56285
014 40695
015 00169
016 91446
017 47366
018 18090
019 24186
020 24968
021 49051
022 56028
023 05746
024 15461
025 78562
026 38062
027 40040
028 90044
029 28694
030 71429
031 54869
032 93285
033 89190
034 83504
035 33452
036 20323
037 89736
038 09468
039 93939
040 13527
041 81806
042 75499
043 63932
044 07952
045 55563
046 56232
047 50672
048 38111
049 70426
050 91360
051 29523
052 62327
053 55295
054 71402
055 28855
056 21255
057 13048
058 54572
059 69164
060 71318
061 92081
062 93568
063 75775
064 48156
065 53658
066 22720
067 18874
068 64205
069 67843
070 15808
071 59875
072 35615
073 01289
074 47257
075 42714
076 68278
077 52468
078 59570
079 44550
080 48750
081 93910
082 33048
083 33656
084 01878
085 21185
086 45096
087 14398
088 50672
089 00489
090 21806
091 47113
092 48752
093 92891
094 27603
095 81923
096 47961
097 89527
098 01227
099 23941
100 81696
101 13054
102 76620
103 88573
104 15097
105 61389
106 19615
107 38511
108 40289
109 07880
110 19015
111 38013
112 09758
113 00341
114 79451
115 48191
116 78323
117 52420
118 62116
119 93945
120 94504

