001 33054
002 74798
003 03358
004 68816
005 38123
006 10893
007 88375
008 24941
009 33087
010 69161
011 83637
012 55444
013 85228
014 47228
015 02732
016 78470
017 23231
018 28116
019 43842
020 26277
021 91027
022 10486
023 78318
024 94424
025 57425
026 18423
027 27808
028 86223
029 57808
030 55186
031 19446
032 24955
033 48480
034 03871
035 39117
036 38163
037 06485
038 32107
039 12269
040 51070
041 95516
042 93550
043 12339
044 03568
045 12709
046 66668
047 66168
048 70400
049 69025
050 21974
051 10869
052 17865
053 72417
054 35477
055 30664
056 14669
057 50996
058 87686
059 32729
060 47934
061 41115
062 06716
063 68024
064 71275
065 02789
066 12659
067 47950
068 88065
069 38586
070 78897
071 14153
072 39946
073 51562
074 51216
075 34517
076 69869
077 28353
078 07845
079 37529
080 32018
081 58086
082 37730
083 40144
084 22770
085 12772
086 07502
087 60110
088 75840
089 24130
090 22985
091 23713
092 86007
093 79778
094 16288
095 70249
096 15233
097 39768
098 18122
099 22224
100 86626
101 80672
102 00680
103 64045
104 80706
105 45731
106 01486
107 05503
108 82593
109 77147
110 63447
111 00621
112 74668
113 75785
114 19320
115 51458
116 85302
117 76520
118 94695
119 82842
120 81791

