001 86538
002 80393
003 69978
004 83867
005 44399
006 45897
007 43475
008 69290
009 37177
010 20469
011 91065
012 23390
013 65001
014 73080
015 09678
016 82746
017 18201
018 85641
019 76312
020 71030
021 51848
022 72698
023 06056
024 99988
025 56471
026 91536
027 77764
028 27871
029 12576
030 65329
031 04970
032 55985
033 72046
034 92549
035 30648
036 38856
037 98521
038 63454
039 77354
040 71609
041 24457
042 14575
043 75373
044 98309
045 65301
046 61579
047 15312
048 81759
049 42207
050 87146
051 54415
052 25331
053 51294
054 59561
055 58208
056 58403
057 74737
058 46288
059 14180
060 72926
061 39388
062 56918
063 57042
064 78516
065 38962
066 93721
067 96574
068 87841
069 71409
070 96015
071 34905
072 86937
073 60695
074 63818
075 97268
076 85428
077 11824
078 82700
079 89328
080 75539
081 81680
082 94527
083 35620
084 82272
085 76337
086 39200
087 39775
088 01604
089 73546
090 61597
091 70741
092 44683
093 59988
094 57690
095 23307
096 84698
097 94611
098 59420
099 72535
100 21978
101 23246
102 60141
103 90374
104 26676
105 46774
106 61003
107 70487
108 03169
109 95539
110 31203
111 09123
112 25679
113 61929
114 25210
115 49453
116 31051
117 17893
118 03646
119 07602
120 58033
