001 38158
002 78701
003 39442
004 22410
005 79601
006 06309
007 14702
008 45733
009 39299
010 04092
011 33209
012 07442
013 90937
014 27017
015 79505
016 77599
017 18457
018 49938
019 19067
020 65558
021 90092
022 37721
023 68217
024 30107
025 02444
026 50983
027 67118
028 70648
029 49543
030 65722
031 14005
032 35712
033 27167
034 15333
035 52555
036 72355
037 70624
038 51250
039 66512
040 11671
041 93231
042 58547
043 18599
044 93168
045 08260
046 52734
047 55315
048 22291
049 68935
050 47143
051 17357
052 48306
053 52286
054 87402
055 36533
056 87121
057 18791
058 88739
059 08965
060 69790
061 26873
062 19151
063 22290
064 40009
065 89645
066 89483
067 92209
068 04381
069 14440
070 58266
071 52428
072 51396
073 35979
074 96611
075 35491
076 53011
077 78526
078 67107
079 12273
080 97035
081 05857
082 83927
083 17781
084 15449
085 19059
086 87716
087 29814
088 54694
089 66506
090 58453
091 39360
092 68219
093 03675
094 63508
095 89924
096 19955
097 13016
098 28490
099 43871
100 62201
101 41233
102 46541
103 50052
104 43421
105 20510
106 56069
107 59098
108 09011
109 94750
110 16360
111 62607
112 03716
113 49841
114 59610
115 55971
116 23068
117 17421
118 61749
119 08308
120 95996

