001 90312
002 58380
003 62218
004 14326
005 37148
006 41556
007 46998
008 91391
009 04510
010 17318
011 85410
012 70498
013 55633
014 67879
015 12533
016 17676
017 14971
018 34083
019 73089
020 24546
021 63452
022 57779
023 94723
024 41246
025 50529
026 33047
027 25857
028 28062
029 66836
030 73412
031 73762
032 27175
033 49884
034 60303
035 50871
036 59912
037 90806
038 39008
039 06996
040 82842
041 41837
042 58035
043 83129
044 32743
045 02875
046 08719
047 46329
048 39554
049 25710
050 20210
051 46335
052 44941
053 45275
054 01476
055 45674
056 84802
057 29798
058 41648
059 01236
060 19545
061 70514
062 18060
063 10159
064 67158
065 17506
066 23482
067 67709
068 59923
069 13110
070 97017
071 23675
072 16557
073 62779
074 77854
075 53403
076 99663
077 44904
078 04824
079 82548
080 40479
081 62408
082 67720
083 58711
084 43420
085 48568
086 53942
087 03390
088 30987
089 49741
090 36765
091 42697
092 13533
093 84707
094 60288
095 29477
096 57080
097 06579
098 99913
099 26682
100 18262
101 22975
102 47489
103 58562
104 37822
105 08580
106 40304
107 84919
108 17838
109 28272
110 50728
111 52605
112 56444
113 13871
114 10441
115 07358
116 09830
117 99990
118 82619
119 34854
120 95300
