001 98928
002 04272
003 91362
004 61472
005 74800
006 28372
007 11765
008 45644
009 25416
010 11886
011 11983
012 11359
013 52229
014 07465
015 24255
016 91093
017 71687
018 94524
019 47869
020 08020
021 99607
022 04094
023 28465
024 37104
025 29757
026 92972
027 06072
028 47413
029 98692
030 79018
031 08591
032 17646
033 22202
034 39477
035 76777
036 63762
037 26972
038 75691
039 19879
040 85867
041 47888
042 54889
043 14340
044 28907
045 79350
046 21802
047 39222
048 02225
049 97775
050 72792
051 41110
052 78661
053 80891
054 03103
055 21538
056 74312
057 14868
058 10086
059 59368
060 03274
061 22663
062 73023
063 08616
064 52959
065 17162
066 78245
067 29108
068 08674
069 67926
070 92538
071 45041
072 53219
073 09574
074 88818
075 96198
076 73755
077 66766
078 21527
079 10229
080 87529
081 28816
082 62258
083 54650
084 88578
085 56770
086 42668
087 68487
088 95406
089 52308
090 60905
091 01378
092 88535
093 81406
094 18939
095 52686
096 28298
097 36333
098 69082
099 54772
100 54794
101 00969
102 65672
103 24671
104 50415
105 40999
106 29383
107 49061
108 91972
109 21238
110 22991
111 15319
112 84640
113 21796
114 49266
115 80800
116 33771
117 74831
118 66271
119 70496
120 15471

