001 36576
002 55056
003 96295
004 40152
005 92487
006 00531
007 72015
008 64038
009 71588
010 34242
011 66776
012 51484
013 58345
014 68213
015 43779
016 27351
017 73198
018 04509
019 24978
020 11296
021 65968
022 44533
023 55491
024 09005
025 81679
026 32261
027 39617
028 11860
029 75380
030 45303
031 98682
032 26208
033 31663
034 26106
035 19519
036 86869
037 55669
038 99912
039 56287
040 05373
041 39775
042 30325
043 10394
044 51753
045 42144
046 80005
047 36107
048 85621
049 14415
050 44940
051 35236
052 14598
053 85351
054 96503
055 55969
056 12023
057 66948
058 02675
059 59320
060 75289
061 47672
062 82502
063 97748
064 22695
065 78821
066 58282
067 59964
068 54659
069 93495
070 39938
071 49607
072 98426
073 08607
074 93202
075 99845
076 15248
077 41386
078 07697
079 77799
080 00795
081 46194
082 84216
083 16625
084 35453
085 72542
086 84712
087 90622
088 37444
089 32338
090 31063
091 07638
092 21929
093 52251
094 68893
095 21897
096 01303
097 40940
098 53808
099 16538
100 12436
101 59410
102 92008
103 55862
104 59983
105 00278
106 90179
107 59175
108 33912
109 51056
110 56791
111 26196
112 98815
113 16611
114 91512
115 61096
116 43532
117 93679
118 58943
119 01187
120 64269
