001 61653
002 79147
003 53795
004 15705
005 63798
006 94631
007 50605
008 29348
009 76946
010 32253
011 33204
012 86278
013 75125
014 55380
015 44573
016 57756
017 30298
018 28444
019 27317
020 13788
021 86154
022 69577
023 45615
024 90458
025 35066
026 22440
027 31827
028 64744
029 80724
030 13215
031 59607
032 39696
033 99861
034 04007
035 51223
036 78806
037 21241
038 86237
039 33717
040 59834
041 11955
042 43490
043 83964
044 68520
045 68316
046 93147
047 69925
048 15353
049 45685
050 54356
051 56089
052 97177
053 53111
054 17066
055 01601
056 92584
057 29840
058 85375
059 97217
060 81930
061 70338
062 72673
063 80078
064 02091
065 69567
066 74380
067 44301
068 43693
069 79168
070 00521
071 24879
072 19177
073 05545
074 27670
075 52592
076 33427
077 46184
078 02315
079 54128
080 52508
081 49081
082 45841
083 49055
084 24920
085 12126
086 42941
087 94856
088 41524
089 06402
090 04656
091 05012
092 14237
093 51219
094 21064
095 56861
096 02271
097 00092
098 13363
099 67736
100 43558
101 09513
102 69016
103 51578
104 56204
105 47031
106 98826
107 03517
108 28507
109 97148
110 01955
111 22500
112 79462
113 08309
114 96934
115 07057
116 29559
117 04057
118 84219
119 46293
120 40662
