001 13036
002 98399
003 93594
004 75387
005 97143
006 10337
007 06189
008 08189
009 10331
010 24066
011 19209
012 14625
013 47818
014 85014
015 99216
016 12147
017 28914
018 18538
019 61303
020 31097
021 45097
022 97583
023 52745
024 54002
025 18153
026 09277
027 11160
028 72908
029 11622
030 55823
031 70555
032 63279
033 70975
034 18752
035 30105
036 14644
037 43595
038 54335
039 88174
040 54435
041 83878
042 34862
043 19215
044 71854
045 01598
046 14523
047 57146
048 15807
049 58867
050 86368
051 28735
052 37161
053 56688
054 80770
055 74622
056 49719
057 84235
058 72011
059 71219
060 92626
061 13807
062 72451
063 65898
064 32580
065 89920
066 16969
067 53815
068 97444
069 15843
070 94250
071 18401
072 93914
073 28074
074 31036
075 27509
076 56748
077 90249
078 17553
079 88247
080 37073
081 86918
082 55690
083 66746
084 39477
085 19066
086 16575
087 26033
088 89407
089 96205
090 27383
091 12241
092 98262
093 12387
094 82170
095 76270
096 56558
097 41950
098 39770
099 58517
100 13795
101 45566
102 95289
103 64659
104 04760
105 39606
106 48903
107 82765
108 74506
109 18302
110 16392
111 97255
112 82026
113 92040
114 52065
115 41929
116 86690
117 40479
118 84598
119 37214
120 72513

