001 04949
002 22387
003 54207
004 60715
005 17798
006 80220
007 81085
008 48966
009 24114
010 22992
011 00756
012 69655
013 48407
014 39518
015 56900
016 94262
017 05051
018 68191
019 40990
020 78798
021 04572
022 22981
023 88437
024 68614
025 41717
026 66713
027 10845
028 15334
029 26779
030 70364
031 28782
032 88327
033 61001
034 72526
035 40098
036 77911
037 67643
038 86459
039 85174
040 99370
041 98309
042 95895
043 70269
044 88160
045 32573
046 08369
047 61824
048 70684
049 16758
050 60958
051 28245
052 38277
053 54853
054 30330
055 03823
056 84663
057 40689
058 30164
059 93803
060 60952
061 32009
062 88422
063 05947
064 05740
065 07662
066 29926
067 18046
068 94669
069 93457
070 85789
071 21200
072 61898
073 61999
074 50631
075 53317
076 80593
077 06780
078 83000
079 86761
080 50102
081 76207
082 26473
083 92626
084 99606
085 53665
086 85650
087 62546
088 65113
089 91402
090 53098
091 48980
092 53928
093 43591
094 38555
095 45472
096 14758
097 79664
098 50249
099 29643
100 30925
101 66475
102 86894
103 60329
104 04240
105 96522
106 70633
107 37646
108 87651
109 33499
110 42621
111 15812
112 35285
113 12094
114 79738
115 34448
116 64529
117 06328
118 39594
119 45236
120 30281

