001 77933
002 19755
003 64484
004 84288
005 09472
006 25618
007 09744
008 73834
009 65033
010 03347
011 78580
012 20363
013 70749
014 46444
015 61867
016 76821
017 41624
018 88063
019 68949
020 83367
021 68793
022 16065
023 13437
024 30820
025 64899
026 58361
027 86948
028 10915
029 97924
030 22432
031 88001
032 20010
033 44596
034 25484
035 68616
036 41719
037 27396
038 19625
039 13182
040 94198
041 45874
042 28256
043 41401
044 82066
045 50632
046 61077
047 93628
048 34721
049 37464
050 36220
051 74961
052 42562
053 25563
054 77334
055 07137
056 62509
057 46292
058 23194
059 26510
060 69028
061 58166
062 56030
063 63958
064 14560
065 44494
066 14705
067 71555
068 88574
069 91308
070 57958
071 43813
072 17332
073 38114
074 64818
075 79028
076 54984
077 57334
078 29012
079 46378
080 51956
081 48859
082 77542
083 72245
084 92946
085 87559
086 21699
087 72381
088 07396
089 81319
090 85256
091 40542
092 58714
093 07534
094 30809
095 57818
096 79012
097 38178
098 05201
099 94721
100 20359
101 89000
102 43089
103 51446
104 85041
105 30400
106 23504
107 95617
108 82784
109 96781
110 86768
111 43422
112 81652
113 97409
114 53117
115 14261
116 07905
117 98371
118 39753
119 40000
120 95806
