001 75599
002 42304
003 16260
004 09314
005 89570
006 91782
007 31312
008 89269
009 35844
010 55287
011 72434
012 56322
013 78132
014 82705
015 88673
016 90765
017 24177
018 53698
019 10829
020 49111
021 73305
022 77231
023 51660
024 93133
025 69983
026 22177
027 21500
028 72683
029 37799
030 25454
031 27681
032 83619
033 19093
034 15778
035 75914
036 45351
037 55493
038 81125
039 48853
040 75081
041 68848
042 61745
043 92423
044 14944
045 22047
046 37266
047 54429
048 21145
049 25795
050 55158
051 88811
052 55331
053 36471
054 18966
055 23145
056 96082
057 73910
058 95096
059 51353
060 39089
061 04253
062 68666
063 90007
064 46895
065 62367
066 97368
067 11218
068 92570
069 91270
070 76531
071 88103
072 60081
073 78585
074 27950
075 08840
076 64700
077 74699
078 12282
079 05466
080 77286
081 20501
082 80951
083 10119
084 78695
085 72664
086 77437
087 92990
088 51454
089 82951
090 85015
091 54074
092 88295
093 83045
094 74472
095 34040
096 68940
097 56204
098 77996
099 49045
100 38893
101 35168
102 17045
103 01648
104 46558
105 14530
106 08067
107 19061
108 79969
109 49591
110 60124
111 80059
112 96632
113 33858
114 07537
115 95904
116 45582
117 09257
118 63465
119 46126
120 70619

