001 62387
002 49275
003 77035
004 53492
005 30885
006 48686
007 89550
008 70258
009 56106
010 26217
011 89779
012 42083
013 41793
014 09104
015 95073
016 38551
017 69804
018 01361
019 64780
020 76546
021 94541
022 31117
023 72343
024 48998
025 96037
026 22390
027 93536
028 98603
029 64906
030 75822
031 23377
032 19492
033 40254
034 46629
035 20458
036 57610
037 19267
038 72928
039 75889
040 22670
041 07548
042 65671
043 32949
044 15974
045 25169
046 88581
047 31986
048 96358
049 10515
050 41535
051 34834
052 49384
053 77628
054 71367
055 24417
056 21812
057 57374
058 57809
059 64077
060 35469
061 97949
062 50171
063 88802
064 62802
065 60014
066 53307
067 20212
068 98833
069 02432
070 78598
071 23782
072 46216
073 24065
074 74046
075 91573
076 24885
077 64452
078 25759
079 38781
080 66013
081 43456
082 62557
083 02069
084 25535
085 57010
086 28811
087 79094
088 60156
089 13092
090 04385
091 83814
092 39956
093 60253
094 13286
095 36784
096 02056
097 66853
098 26504
099 46503
100 07258
101 39780
102 18540
103 32808
104 40986
105 37835
106 64665
107 75699
108 88708
109 83348
110 09360
111 60323
112 91207
113 04769
114 42030
115 01962
116 48820
117 45569
118 24331
119 70808
120 13992
