001 08164
002 84398
003 72799
004 89972
005 04308
006 17991
007 43384
008 14592
009 56929
010 71435
011 31145
012 91891
013 14789
014 04996
015 31302
016 92492
017 71070
018 53856
019 57528
020 94670
021 83013
022 13684
023 66600
024 64124
025 51506
026 97465
027 74778
028 33483
029 74359
030 19215
031 11617
032 25136
033 10784
034 36352
035 59975
036 44330
037 52570
038 08307
039 36660
040 15114
041 31219
042 47509
043 79009
044 89831
045 26803
046 81105
047 65856
048 42698
049 25660
050 38438
051 29443
052 74179
053 83084
054 14562
055 59074
056 23312
057 59831
058 04364
059 44361
060 74996
061 95801
062 99340
063 46591
064 87988
065 87694
066 07737
067 78767
068 79877
069 52439
070 45915
071 29570
072 27678
073 86093
074 01830
075 92854
076 74664
077 30457
078 14963
079 94983
080 30752
081 51148
082 01536
083 02707
084 55972
085 02273
086 03022
087 96381
088 76867
089 46726
090 00122
091 04020
092 40709
093 66994
094 77652
095 87277
096 57226
097 12672
098 34350
099 12039
100 75765
101 78888
102 17151
103 81361
104 50557
105 80676
106 59673
107 25918
108 78377
109 77007
110 33717
111 40455
112 98285
113 70100
114 64313
115 24376
116 14235
117 97672
118 70342
119 17938
120 67861
