001 58307
002 10918
003 41260
004 06474
005 15744
006 96163
007 57592
008 04458
009 14583
010 51285
011 36906
012 50126
013 82342
014 54781
015 11592
016 15696
017 96787
018 83018
019 76698
020 64493
021 34439
022 01468
023 81557
024 92292
025 58224
026 93454
027 52052
028 98870
029 15915
030 77316
031 97616
032 71000
033 85300
034 12932
035 45370
036 83628
037 56282
038 39626
039 73186
040 15050
041 71965
042 16713
043 40179
044 11190
045 53028
046 12833
047 34107
048 88334
049 29842
050 96090
051 51839
052 26126
053 14040
054 39175
055 82572
056 37855
057 20199
058 90076
059 85338
060 62568
061 08564
062 64011
063 72303
064 97994
065 00018
066 62860
067 32663
068 73074
069 44716
070 19350
071 72296
072 76994
073 81080
074 20328
075 17850
076 65158
077 84269
078 74974
079 28789
080 60602
081 39364
082 80656
083 08103
084 65588
085 13726
086 25403
087 68690
088 20370
089 19902
090 94814
091 98181
092 26596
093 30704
094 55243
095 79752
096 15317
097 22426
098 47339
099 74048
100 23120
101 01933
102 37584
103 44725
104 13071
105 44133
106 59745
107 51850
108 42190
109 41828
110 86753
111 51630
112 28599
113 42035
114 83152
115 33026
116 76655
117 64955
118 56950
119 43992
120 27475

