001 83227
002 85222
003 85579
004 10915
005 95810
006 38843
007 55233
008 93838
009 03712
010 33015
011 69088
012 24960
013 97699
014 33345
015 90121
016 79596
017 18592
018 17525
019 28747
020 17238
021 01232
022 78858
023 40227
024 33547
025 30379
026 73932
027 93341
028 42650
029 88720
030 41251
031 13154
032 62998
033 61787
034 22184
035 97323
036 75955
037 68827
038 23329
039 14721
040 31986
041 56424
042 65276
043 98903
044 87187
045 82662
046 10312
047 88626
048 65464
049 89809
050 27119
051 52010
052 03369
053 47324
054 83438
055 03033
056 20392
057 26795
058 09063
059 23464
060 03544
061 08061
062 72793
063 31294
064 46307
065 12504
066 26396
067 37808
068 98955
069 09309
070 62810
071 23923
072 43134
073 99229
074 53499
075 12989
076 08025
077 98751
078 92148
079 82130
080 82526
081 94861
082 94332
083 02076
084 60333
085 08595
086 85099
087 93699
088 15887
089 89542
090 69478
091 06975
092 48897
093 17133
094 95518
095 57348
096 47626
097 38414
098 56578
099 16140
100 30444
101 66109
102 62571
103 02835
104 78238
105 36977
106 14863
107 66100
108 93710
109 88439
110 27022
111 31712
112 36828
113 01174
114 33016
115 54642
116 09778
117 57697
118 92980
119 26394
120 19869

