001 50040
002 77919
003 57553
004 79600
005 08726
006 33283
007 19895
008 00235
009 75244
010 87280
011 88348
012 71816
013 10929
014 38157
015 03556
016 26980
017 60759
018 27952
019 31557
020 91664
021 34062
022 16469
023 96271
024 22682
025 24677
026 26272
027 81739
028 84339
029 70787
030 88265
031 46652
032 23016
033 74366
034 16737
035 54854
036 28198
037 42610
038 64690
039 69893
040 82356
041 73557
042 71997
043 65479
044 08226
045 10832
046 02107
047 39069
048 42421
049 06169
050 11495
051 06843
052 79621
053 81489
054 62281
055 94926
056 27052
057 45433
058 97820
059 33914
060 02383
061 22137
062 75246
063 93916
064 01500
065 85994
066 54530
067 12946
068 51258
069 12202
070 89162
071 54800
072 85814
073 40451
074 54800
075 85754
076 25344
077 67314
078 63349
079 95187
080 09483
081 67829
082 26442
083 68918
084 68049
085 85973
086 11893
087 55033
088 77515
089 05900
090 13448
091 26436
092 29879
093 75261
094 78342
095 08571
096 65333
097 11217
098 10737
099 94101
100 33000
101 33250
102 46052
103 67583
104 71342
105 27886
106 53870
107 62984
108 94402
109 11301
110 90516
111 59855
112 06158
113 74499
114 92004
115 42550
116 66841
117 06840
118 88161
119 07641
120 98727

