001 41825
002 09507
003 23567
004 74804
005 61282
006 53293
007 95565
008 31846
009 65690
010 52476
011 09383
012 05447
013 72418
014 34901
015 68250
016 03497
017 71858
018 91916
019 78400
020 05064
021 16555
022 06805
023 78595
024 39050
025 54051
026 22130
027 69868
028 17770
029 22849
030 61581
031 06415
032 99390
033 67599
034 70286
035 62565
036 22836
037 03962
038 60632
039 99223
040 30369
041 69250
042 95764
043 04930
044 02356
045 19289
046 09691
047 89455
048 12391
049 04295
050 97990
051 87366
052 36294
053 94894
054 12994
055 60955
056 94220
057 91910
058 53558
059 44394
060 12789
061 45562
062 78671
063 40930
064 74997
065 06642
066 07294
067 42206
068 13650
069 73312
070 36465
071 52257
072 63424
073 62620
074 22889
075 60092
076 42300
077 93512
078 77659
079 58470
080 38597
081 05514
082 28098
083 15466
084 87470
085 97144
086 05389
087 32190
088 39388
089 25088
090 81430
091 04254
092 40295
093 69673
094 90047
095 59149
096 69674
097 17157
098 52796
099 21548
100 27714
101 84556
102 42603
103 55633
104 59607
105 85335
106 83612
107 30278
108 67535
109 76302
110 05091
111 71365
112 14147
113 79893
114 78924
115 14304
116 09932
117 56004
118 98281
119 43241
120 05179
