001 40210
002 41969
003 22393
004 93191
005 88145
006 27731
007 44131
008 48659
009 39416
010 43236
011 13172
012 45407
013 22760
014 79479
015 92126
016 29679
017 03682
018 55325
019 74849
020 95008
021 10622
022 82224
023 34298
024 96605
025 24280
026 18898
027 15732
028 23713
029 49115
030 48469
031 11604
032 64423
033 57368
034 46182
035 69071
036 24964
037 06184
038 82440
039 87426
040 45254
041 26541
042 99746
043 39586
044 92046
045 67459
046 74976
047 34204
048 44814
049 48357
050 88178
051 41224
052 69431
053 55528
054 01886
055 26307
056 37139
057 46611
058 29962
059 92115
060 87199
061 69226
062 73820
063 33322
064 22259
065 13255
066 66155
067 76601
068 52658
069 26975
070 28324
071 39970
072 61050
073 15586
074 58701
075 45732
076 10811
077 92046
078 62691
079 36690
080 41047
081 25333
082 46308
083 89630
084 16071
085 62190
086 77341
087 37295
088 72542
089 94954
090 02996
091 23363
092 62732
093 85300
094 04522
095 09460
096 26205
097 00391
098 72371
099 80146
100 51638
101 54118
102 43187
103 05308
104 21882
105 07151
106 31540
107 33352
108 13346
109 26055
110 95980
111 53114
112 88187
113 84784
114 91907
115 69289
116 60345
117 08702
118 56517
119 32457
120 81244
