001 85723
002 83820
003 85579
004 07085
005 31091
006 26320
007 59799
008 82461
009 85969
010 25124
011 74928
012 10573
013 97368
014 87331
015 98811
016 58402
017 63530
018 74294
019 40707
020 81658
021 49287
022 78031
023 12117
024 52106
025 11199
026 20930
027 71019
028 81271
029 09919
030 83320
031 78312
032 92215
033 97270
034 80635
035 41673
036 67269
037 64753
038 72178
039 43661
040 82397
041 36438
042 51280
043 81690
044 64896
045 86559
046 70505
047 87089
048 57544
049 45119
050 19389
051 30088
052 60634
053 88737
054 51699
055 98497
056 22814
057 18943
058 91091
059 00164
060 76044
061 05080
062 79294
063 38196
064 45895
065 30823
066 80134
067 50898
068 38882
069 34747
070 81635
071 24029
072 97415
073 98148
074 23689
075 88237
076 37909
077 96432
078 84159
079 23405
080 86094
081 96632
082 99262
083 64485
084 94847
085 99212
086 60681
087 51606
088 36966
089 87906
090 21436
091 45395
092 47243
093 61441
094 08998
095 35616
096 29499
097 29740
098 74247
099 20481
100 44140
101 83138
102 16826
103 42438
104 45223
105 72520
106 94119
107 17572
108 63245
109 88774
110 65859
111 95019
112 52185
113 99255
114 50145
115 65161
116 40260
117 52302
118 29842
119 55969
120 78092

