001 19625
002 08077
003 65637
004 23132
005 29534
006 28795
007 43081
008 28109
009 72411
010 47474
011 06647
012 78725
013 49691
014 88864
015 77020
016 57006
017 64608
018 82534
019 64949
020 08327
021 35881
022 04179
023 75073
024 52613
025 06211
026 12886
027 77311
028 86906
029 75232
030 12775
031 92783
032 11071
033 73142
034 26113
035 76728
036 37534
037 78339
038 12941
039 15762
040 77665
041 78573
042 57799
043 37004
044 44871
045 46785
046 37930
047 24532
048 50670
049 98625
050 36702
051 33975
052 51948
053 86700
054 87152
055 71083
056 29394
057 25474
058 62024
059 30332
060 87344
061 13522
062 71397
063 55647
064 30342
065 52055
066 19637
067 20318
068 32695
069 59650
070 45673
071 38118
072 80429
073 57523
074 32634
075 79005
076 57238
077 11783
078 15264
079 04865
080 46802
081 10925
082 08771
083 58404
084 74447
085 11112
086 57145
087 14457
088 30094
089 58196
090 10907
091 08051
092 12724
093 64883
094 52319
095 96756
096 97641
097 70579
098 11977
099 05391
100 14122
101 80338
102 70497
103 85739
104 34167
105 49647
106 39139
107 33712
108 34386
109 02858
110 44668
111 22339
112 18019
113 79038
114 83492
115 83185
116 20022
117 74448
118 64912
119 58377
120 47331
