001 31937
002 05571
003 85205
004 36101
005 30235
006 94565
007 80802
008 54423
009 18896
010 84682
011 03656
012 13578
013 68041
014 47197
015 00093
016 98554
017 35927
018 84564
019 80475
020 27821
021 09522
022 98415
023 97064
024 41561
025 81878
026 32957
027 14453
028 58585
029 39626
030 88028
031 90236
032 66177
033 50136
034 21012
035 28226
036 49955
037 36683
038 98802
039 11646
040 73327
041 08588
042 78038
043 47020
044 77476
045 11227
046 26095
047 50245
048 88638
049 25514
050 84284
051 57760
052 11181
053 46037
054 69810
055 53310
056 61762
057 45056
058 76694
059 65810
060 54506
061 86737
062 13292
063 99864
064 24195
065 75458
066 20426
067 63596
068 99390
069 80364
070 20825
071 90487
072 66686
073 81860
074 49435
075 68909
076 26887
077 89179
078 18239
079 19040
080 05079
081 87189
082 78295
083 66505
084 29469
085 84274
086 39242
087 33152
088 66480
089 06691
090 03014
091 59984
092 66391
093 91223
094 96703
095 70738
096 10661
097 17083
098 99613
099 89748
100 45813
101 45504
102 78496
103 07068
104 89399
105 06800
106 39916
107 68679
108 07589
109 83076
110 13525
111 77753
112 65429
113 32535
114 43432
115 79202
116 71627
117 70736
118 88285
119 59012
120 37064

