001 38192
002 57297
003 70854
004 09266
005 42162
006 38767
007 98934
008 29403
009 64377
010 75651
011 64657
012 91240
013 67464
014 62640
015 12454
016 52769
017 02863
018 02613
019 54527
020 14154
021 61777
022 04374
023 08149
024 92909
025 69694
026 34243
027 81127
028 98074
029 65871
030 54545
031 89068
032 22930
033 27831
034 29798
035 94439
036 01559
037 98822
038 00902
039 27730
040 73669
041 50066
042 19913
043 31767
044 35122
045 15384
046 61033
047 17944
048 91585
049 77360
050 95756
051 59786
052 14494
053 34706
054 22501
055 70225
056 77497
057 60708
058 72898
059 31933
060 01287
061 03079
062 33123
063 43415
064 04950
065 52901
066 21400
067 46780
068 76920
069 55968
070 15333
071 28686
072 28920
073 18034
074 09720
075 68512
076 94289
077 21479
078 03247
079 02335
080 04873
081 64003
082 99979
083 94402
084 38085
085 35500
086 82295
087 61348
088 11059
089 34706
090 09037
091 11538
092 80959
093 37966
094 27212
095 70066
096 50509
097 91766
098 60021
099 50117
100 31612
101 49006
102 56826
103 69960
104 25642
105 38337
106 97894
107 10286
108 03591
109 05392
110 78168
111 46406
112 21004
113 17477
114 03918
115 83968
116 51092
117 75221
118 87303
119 86785
120 46213
