001 58791
002 40758
003 28332
004 60268
005 79593
006 90812
007 75611
008 38208
009 16911
010 35551
011 27688
012 91041
013 16347
014 16461
015 26280
016 85987
017 00069
018 48602
019 94668
020 16736
021 80874
022 08364
023 01637
024 73386
025 25120
026 79712
027 41911
028 28929
029 56050
030 64853
031 39436
032 96938
033 15384
034 03675
035 40666
036 17357
037 43969
038 73224
039 44866
040 78624
041 97958
042 66768
043 57691
044 73589
045 66796
046 88784
047 40644
048 00683
049 28262
050 16109
051 87237
052 00344
053 31034
054 07401
055 21138
056 87072
057 59363
058 69940
059 69818
060 44992
061 67299
062 05276
063 49230
064 36417
065 52068
066 07788
067 06396
068 06477
069 59781
070 50736
071 64502
072 50467
073 14583
074 08133
075 23050
076 18983
077 39983
078 26560
079 66658
080 12330
081 72089
082 37802
083 27610
084 34233
085 89532
086 78127
087 49790
088 17595
089 50979
090 31514
091 31596
092 94131
093 65444
094 03634
095 04685
096 86674
097 68510
098 18026
099 25436
100 24842
101 84261
102 47568
103 15003
104 38116
105 38903
106 32653
107 11630
108 09544
109 87636
110 83558
111 97591
112 33315
113 51229
114 15113
115 70274
116 20476
117 30802
118 37304
119 30405
120 34280

