001 48242
002 57712
003 30782
004 40553
005 52370
006 67912
007 81161
008 26107
009 54823
010 26816
011 17855
012 02279
013 91397
014 21597
015 60565
016 77824
017 89790
018 71914
019 47940
020 66072
021 32778
022 02699
023 94691
024 68281
025 86687
026 77867
027 73287
028 08836
029 39639
030 91777
031 47200
032 41706
033 08367
034 89152
035 01742
036 74939
037 47362
038 62719
039 70768
040 22719
041 34796
042 98665
043 97000
044 81963
045 22311
046 01577
047 60725
048 20495
049 56839
050 97450
051 48110
052 89888
053 74001
054 00384
055 50812
056 01602
057 18308
058 88059
059 44448
060 49852
061 95085
062 70009
063 21661
064 83472
065 21673
066 31384
067 42602
068 79125
069 47881
070 96266
071 53879
072 78909
073 70670
074 53245
075 90186
076 78751
077 60943
078 86229
079 18385
080 15938
081 93295
082 40873
083 54359
084 18113
085 93001
086 77318
087 33459
088 30818
089 45982
090 92598
091 50402
092 94099
093 84677
094 11858
095 08271
096 70487
097 57078
098 28284
099 06254
100 66849
101 39389
102 48302
103 76913
104 24433
105 97311
106 91202
107 89328
108 32343
109 38478
110 03375
111 52106
112 11420
113 83584
114 59492
115 93230
116 85415
117 17927
118 22569
119 09638
120 97104
