001 99421
002 56548
003 66700
004 40127
005 24811
006 04778
007 01877
008 68050
009 19728
010 82206
011 13015
012 18190
013 63964
014 64266
015 48478
016 70459
017 34308
018 00162
019 72868
020 81421
021 98819
022 06329
023 75081
024 82052
025 71647
026 05754
027 23633
028 99147
029 98553
030 28052
031 76029
032 00298
033 21123
034 28960
035 41413
036 83514
037 27122
038 56529
039 87125
040 88814
041 34829
042 90662
043 00914
044 16635
045 38500
046 53725
047 53409
048 20969
049 97551
050 32600
051 85423
052 92196
053 01471
054 90488
055 08574
056 22904
057 24011
058 30731
059 96667
060 80648
061 68105
062 21041
063 35612
064 53024
065 04744
066 35180
067 42920
068 59130
069 79087
070 48967
071 45137
072 63784
073 09075
074 12955
075 87536
076 18752
077 78215
078 32092
079 79825
080 05410
081 56330
082 81869
083 65972
084 79745
085 16401
086 49484
087 99936
088 17253
089 04784
090 55184
091 39718
092 66239
093 71656
094 72766
095 94925
096 54427
097 55078
098 14206
099 41863
100 18423
101 52163
102 80727
103 91665
104 59203
105 61879
106 83830
107 39422
108 18708
109 73093
110 99498
111 65820
112 15501
113 95170
114 61243
115 10085
116 92246
117 96676
118 95435
119 78956
120 07188
