001 73079
002 15091
003 33539
004 18222
005 23519
006 83670
007 00306
008 55036
009 91706
010 68328
011 97686
012 88277
013 87619
014 14418
015 73940
016 87688
017 63319
018 26602
019 21062
020 70882
021 19317
022 64812
023 70275
024 41000
025 95534
026 08749
027 78336
028 80922
029 72508
030 51421
031 77279
032 94787
033 48245
034 28707
035 78997
036 35123
037 55512
038 56581
039 21984
040 41964
041 84989
042 29307
043 20585
044 58086
045 67490
046 22006
047 66854
048 42904
049 50121
050 55208
051 28918
052 40114
053 59777
054 94409
055 62470
056 20072
057 72351
058 77406
059 80578
060 60984
061 75862
062 94844
063 14968
064 20674
065 07003
066 24828
067 80270
068 88333
069 01738
070 62741
071 48283
072 07929
073 05213
074 13563
075 97300
076 40028
077 07765
078 80121
079 92736
080 73858
081 64039
082 26082
083 86765
084 96439
085 99735
086 69815
087 87260
088 55991
089 38701
090 30633
091 82452
092 84566
093 63721
094 60952
095 28035
096 70869
097 73708
098 03881
099 80539
100 19639
101 03226
102 20619
103 91255
104 18552
105 89164
106 93668
107 95668
108 00796
109 54222
110 86040
111 88085
112 48340
113 97147
114 43041
115 57213
116 29326
117 43013
118 07360
119 77269
120 21837
