001 54772
002 03531
003 48658
004 35733
005 09559
006 27185
007 84179
008 07410
009 27523
010 91749
011 43198
012 84646
013 11233
014 85414
015 05582
016 61853
017 16987
018 47094
019 55244
020 93473
021 53174
022 80657
023 31469
024 07878
025 06299
026 39642
027 11542
028 56145
029 83610
030 55325
031 50785
032 01098
033 12112
034 90855
035 69563
036 82647
037 09194
038 16650
039 64007
040 66765
041 55480
042 87866
043 84305
044 50299
045 63879
046 38894
047 31616
048 97808
049 30462
050 76884
051 56514
052 17616
053 88026
054 73504
055 37947
056 40404
057 27207
058 54776
059 76209
060 73972
061 57503
062 84186
063 26343
064 87835
065 05020
066 51789
067 51007
068 79668
069 74866
070 73505
071 90035
072 96403
073 46484
074 18052
075 84962
076 88134
077 48766
078 04096
079 81900
080 06953
081 82097
082 78534
083 57296
084 19868
085 41259
086 97193
087 85868
088 00641
089 64749
090 19084
091 36275
092 09476
093 18649
094 92820
095 67983
096 78470
097 35673
098 38867
099 06066
100 05209
101 20459
102 75095
103 73312
104 79158
105 84610
106 82942
107 22937
108 59984
109 29558
110 54262
111 29372
112 76085
113 86043
114 59923
115 17530
116 30544
117 36945
118 26411
119 81807
120 66516

