001 18269
002 77998
003 16663
004 43846
005 65111
006 47700
007 10947
008 45986
009 64832
010 79068
011 72914
012 15899
013 09759
014 83394
015 84969
016 29414
017 96977
018 20661
019 82467
020 77703
021 23701
022 88061
023 60791
024 04776
025 21289
026 83497
027 34782
028 23166
029 27141
030 10311
031 65774
032 96505
033 46387
034 17857
035 76063
036 36973
037 79675
038 26889
039 45204
040 75295
041 11264
042 75618
043 03992
044 16933
045 85821
046 24624
047 14495
048 76685
049 08537
050 49050
051 77500
052 97921
053 18038
054 47796
055 96808
056 54996
057 49333
058 34905
059 50221
060 57157
061 80152
062 22542
063 90004
064 72673
065 40246
066 09117
067 74116
068 64155
069 78589
070 95426
071 49574
072 24200
073 33882
074 94563
075 96763
076 18782
077 00264
078 66712
079 15507
080 33991
081 28258
082 69393
083 97719
084 16324
085 25427
086 43735
087 73112
088 86385
089 17439
090 10287
091 95132
092 01993
093 83575
094 08496
095 17668
096 28036
097 97176
098 22727
099 57446
100 85959
101 73547
102 89870
103 81920
104 45981
105 50171
106 47974
107 15414
108 19807
109 39877
110 52251
111 03537
112 23135
113 52155
114 84504
115 72135
116 10878
117 29278
118 08575
119 83554
120 03509
