001 87457
002 88427
003 71779
004 46595
005 85116
006 31038
007 49051
008 47103
009 56793
010 68603
011 64040
012 23632
013 45772
014 31838
015 60203
016 18672
017 41387
018 35139
019 19623
020 41754
021 52319
022 40873
023 26241
024 48431
025 76729
026 00562
027 78459
028 85808
029 34184
030 99627
031 44241
032 99403
033 09777
034 53440
035 56561
036 90154
037 62572
038 84263
039 87703
040 45603
041 16724
042 42098
043 29328
044 42470
045 48906
046 08784
047 36239
048 05760
049 55921
050 31543
051 80502
052 93036
053 35773
054 88760
055 37174
056 30149
057 57175
058 83038
059 11937
060 31152
061 13201
062 48250
063 10489
064 17268
065 53594
066 36563
067 30575
068 99226
069 77469
070 17525
071 26154
072 84356
073 77541
074 67014
075 56916
076 58882
077 28683
078 87562
079 59542
080 33438
081 18690
082 45857
083 32769
084 86797
085 05335
086 50726
087 69527
088 95768
089 89258
090 18867
091 48853
092 31593
093 23441
094 27419
095 28181
096 18197
097 88184
098 37051
099 14985
100 69852
101 59108
102 19242
103 14574
104 58759
105 40490
106 63045
107 38930
108 20477
109 51916
110 43905
111 26535
112 78024
113 21199
114 75370
115 56492
116 79254
117 37119
118 87128
119 63143
120 64389
