001 58586
002 81155
003 07258
004 51361
005 72586
006 87917
007 51734
008 01518
009 37756
010 45302
011 32875
012 67854
013 81460
014 48660
015 44451
016 82816
017 97822
018 95323
019 66859
020 03057
021 13246
022 50187
023 48034
024 21799
025 36000
026 32644
027 12318
028 81582
029 08760
030 70430
031 17435
032 79087
033 45429
034 83325
035 29306
036 55613
037 57932
038 84670
039 16322
040 07856
041 83044
042 26049
043 94825
044 19203
045 18147
046 54261
047 66931
048 55181
049 69007
050 40824
051 32105
052 56935
053 60336
054 69189
055 27624
056 92788
057 15950
058 32405
059 95790
060 64303
061 13623
062 74066
063 03673
064 99748
065 01674
066 60647
067 91896
068 88344
069 90246
070 35723
071 86366
072 00200
073 87344
074 70695
075 27027
076 36496
077 77032
078 54496
079 78636
080 41125
081 37412
082 03875
083 19716
084 86338
085 42996
086 33530
087 97788
088 22280
089 95400
090 92116
091 17281
092 59756
093 35689
094 34498
095 65666
096 41685
097 74834
098 79859
099 11315
100 18079
101 22480
102 85367
103 55812
104 47291
105 97574
106 86529
107 84388
108 19930
109 81077
110 65356
111 03908
112 36596
113 67992
114 04273
115 66175
116 37919
117 66107
118 99174
119 83988
120 16519

