001 05847
002 73205
003 56553
004 79272
005 00854
006 48620
007 59935
008 08066
009 15427
010 62945
011 90009
012 08137
013 09876
014 13424
015 75102
016 84398
017 14735
018 19269
019 69397
020 24108
021 20561
022 82519
023 54721
024 18519
025 88397
026 86297
027 71042
028 64991
029 91090
030 86580
031 62096
032 69747
033 17538
034 62492
035 49574
036 10145
037 27708
038 54964
039 97208
040 88933
041 86464
042 09346
043 09520
044 35832
045 34628
046 67957
047 89147
048 49901
049 93487
050 08035
051 18274
052 41251
053 70211
054 27945
055 48169
056 66463
057 70319
058 87075
059 41300
060 27308
061 67987
062 76970
063 22543
064 48458
065 26234
066 58191
067 46739
068 67125
069 83938
070 50553
071 40212
072 08921
073 05234
074 99049
075 16736
076 54723
077 77393
078 53637
079 06606
080 61767
081 99055
082 23689
083 07954
084 76921
085 03609
086 24947
087 14362
088 84157
089 09064
090 16519
091 73529
092 18157
093 27855
094 89574
095 59410
096 51174
097 66889
098 93649
099 46686
100 84643
101 16760
102 08549
103 94305
104 17813
105 29170
106 03121
107 86795
108 92999
109 78388
110 58575
111 77066
112 86402
113 94589
114 51657
115 26910
116 81079
117 63577
118 47452
119 05763
120 59834
