001 32608
002 88007
003 50856
004 33061
005 68170
006 44510
007 25719
008 63103
009 40458
010 55719
011 83090
012 50898
013 48163
014 14505
015 24405
016 13812
017 84079
018 69705
019 15420
020 71447
021 72169
022 32399
023 73139
024 70044
025 84887
026 44945
027 93171
028 21103
029 00601
030 56286
031 81752
032 29927
033 91197
034 83768
035 74236
036 21677
037 89590
038 34841
039 01999
040 33319
041 10435
042 42440
043 75333
044 55768
045 97770
046 55657
047 80142
048 72090
049 84975
050 65574
051 77917
052 82003
053 60841
054 05396
055 69944
056 87885
057 51804
058 35797
059 37441
060 59976
061 79043
062 78721
063 55449
064 57471
065 12144
066 10811
067 73174
068 53010
069 77867
070 15066
071 06401
072 26906
073 89618
074 81746
075 13234
076 50709
077 38841
078 18723
079 60931
080 13703
081 29763
082 37604
083 00539
084 19405
085 63137
086 51084
087 30133
088 54734
089 85274
090 78816
091 47114
092 22013
093 82473
094 39157
095 62260
096 20344
097 41261
098 22601
099 69603
100 44394
101 68032
102 16799
103 23173
104 91954
105 56214
106 03466
107 58588
108 02343
109 01268
110 29709
111 82215
112 55678
113 00421
114 38499
115 74326
116 60197
117 21869
118 69693
119 07231
120 57285

