001 35079
002 05966
003 89103
004 98137
005 62963
006 90509
007 36905
008 41980
009 10254
010 64959
011 50244
012 98764
013 09585
014 85068
015 21632
016 39324
017 37217
018 59682
019 34939
020 49472
021 01565
022 26741
023 66595
024 35571
025 26534
026 15578
027 91350
028 40289
029 70430
030 02323
031 72557
032 47864
033 92794
034 32693
035 20535
036 07758
037 75635
038 92238
039 04302
040 56168
041 78231
042 58849
043 31689
044 00403
045 53589
046 78342
047 62474
048 48626
049 02711
050 34426
051 72612
052 38871
053 43398
054 35284
055 69400
056 04416
057 31976
058 50770
059 79917
060 42433
061 93553
062 08769
063 78937
064 95999
065 01585
066 29554
067 04930
068 47840
069 02165
070 83347
071 00610
072 08549
073 15668
074 37778
075 28089
076 40317
077 50724
078 34277
079 59560
080 97640
081 01274
082 19632
083 89971
084 74803
085 32449
086 92624
087 79100
088 02934
089 29950
090 06425
091 07684
092 57463
093 91726
094 27096
095 85568
096 82088
097 20523
098 03461
099 98829
100 44768
101 74473
102 23836
103 18156
104 76670
105 20149
106 58639
107 00706
108 17354
109 27403
110 19958
111 90576
112 27982
113 28740
114 76905
115 77221
116 65245
117 87184
118 01841
119 54505
120 87702

