001 55461
002 60917
003 59593
004 42442
005 39495
006 18276
007 67259
008 30489
009 83347
010 11672
011 42065
012 55157
013 37327
014 64654
015 15887
016 43597
017 26573
018 13025
019 06279
020 16529
021 43484
022 86356
023 02451
024 92265
025 09583
026 57704
027 66273
028 63101
029 42716
030 80191
031 81463
032 27613
033 93128
034 32425
035 48710
036 55955
037 74879
038 84153
039 45226
040 27967
041 28355
042 47473
043 33564
044 22220
045 14996
046 75988
047 26387
048 77030
049 12529
050 56990
051 80326
052 50821
053 46043
054 41291
055 93790
056 77800
057 25068
058 33283
059 30724
060 88962
061 52660
062 82381
063 90953
064 64778
065 32396
066 31045
067 51381
068 81653
069 21479
070 45461
071 05127
072 76322
073 43409
074 21525
075 36969
076 40197
077 35922
078 16666
079 33411
080 94469
081 51223
082 79206
083 62338
084 96026
085 24788
086 59401
087 67705
088 30559
089 21720
090 95995
091 46418
092 92519
093 06300
094 45539
095 27803
096 40690
097 09898
098 11478
099 57395
100 29277
101 17433
102 76660
103 71035
104 54155
105 17060
106 20304
107 36485
108 80053
109 25154
110 85231
111 58320
112 93195
113 13296
114 55532
115 77422
116 22941
117 27933
118 70525
119 66316
120 70635
