001 73696
002 16636
003 34537
004 78965
005 84055
006 42614
007 32482
008 06116
009 27016
010 14577
011 40556
012 17069
013 30449
014 92291
015 42612
016 67781
017 70724
018 61289
019 09762
020 57744
021 65730
022 42317
023 21248
024 67267
025 05885
026 00363
027 05252
028 69887
029 60073
030 70762
031 84941
032 71023
033 63592
034 97802
035 88747
036 74204
037 10165
038 86163
039 39711
040 13132
041 28248
042 67332
043 58088
044 51558
045 27946
046 69099
047 64348
048 14837
049 04034
050 42063
051 79326
052 77188
053 28401
054 70085
055 10913
056 35381
057 73805
058 22836
059 45308
060 16760
061 00229
062 43928
063 91301
064 24941
065 45801
066 37078
067 08053
068 03007
069 43720
070 97164
071 28444
072 20092
073 83235
074 12907
075 67479
076 63200
077 34192
078 24061
079 72021
080 65200
081 21354
082 80377
083 84355
084 53358
085 79058
086 99585
087 54065
088 70721
089 70392
090 12290
091 09850
092 72939
093 82254
094 97750
095 15258
096 00819
097 10070
098 20465
099 13306
100 31622
101 82866
102 34549
103 16587
104 45244
105 02092
106 92456
107 65503
108 53181
109 60447
110 74179
111 47089
112 31468
113 71153
114 06879
115 29801
116 94207
117 93987
118 81964
119 76600
120 72777

