001 05950
002 67853
003 60551
004 16862
005 11111
006 78494
007 07683
008 82059
009 64975
010 78936
011 15320
012 00133
013 35797
014 58692
015 95997
016 83443
017 23713
018 03872
019 65839
020 36880
021 80681
022 17525
023 63736
024 05579
025 50744
026 30654
027 12645
028 60436
029 33257
030 43276
031 35154
032 30265
033 93356
034 70698
035 87689
036 95108
037 45176
038 23226
039 43179
040 56570
041 50168
042 55792
043 19716
044 56316
045 27920
046 57607
047 50786
048 00110
049 84899
050 18959
051 04404
052 17988
053 15318
054 42517
055 58448
056 71264
057 56215
058 04792
059 64315
060 33811
061 48527
062 96332
063 24026
064 52194
065 15009
066 07310
067 35518
068 07284
069 93545
070 26225
071 36722
072 50452
073 80665
074 72546
075 76044
076 53476
077 48135
078 75429
079 74723
080 24252
081 02257
082 05679
083 08901
084 35673
085 49868
086 07596
087 29794
088 74257
089 59197
090 41504
091 76289
092 79604
093 87037
094 55592
095 43424
096 87227
097 18314
098 97642
099 92874
100 65202
101 57108
102 02020
103 55190
104 41019
105 47287
106 87416
107 81368
108 11894
109 96325
110 77775
111 59520
112 61838
113 90817
114 01796
115 78125
116 91617
117 95117
118 39272
119 53401
120 66090

