001 14885
002 96986
003 53107
004 97975
005 67412
006 82747
007 48506
008 91493
009 29099
010 93698
011 44173
012 52745
013 14362
014 72062
015 52798
016 97839
017 75420
018 33128
019 46694
020 15267
021 22801
022 13950
023 80486
024 13338
025 27494
026 01326
027 70166
028 01564
029 41795
030 64465
031 07655
032 21055
033 57521
034 00969
035 69155
036 15620
037 49030
038 28940
039 73629
040 36174
041 52731
042 39408
043 06801
044 99300
045 97209
046 82546
047 94617
048 94922
049 43993
050 63144
051 63931
052 58937
053 60813
054 33943
055 26045
056 00178
057 71774
058 74530
059 62347
060 75274
061 20184
062 14291
063 64655
064 77903
065 94518
066 03897
067 89876
068 84409
069 45433
070 33123
071 58594
072 00180
073 14502
074 26973
075 97145
076 58642
077 33874
078 21496
079 43293
080 89462
081 77262
082 90400
083 50328
084 41729
085 19653
086 71489
087 95692
088 88722
089 56405
090 53110
091 45725
092 24185
093 01962
094 73562
095 49409
096 48933
097 00963
098 35608
099 05875
100 85567
101 45715
102 02978
103 76285
104 58789
105 61352
106 45122
107 91134
108 15614
109 62827
110 28131
111 29158
112 07193
113 24430
114 98522
115 67545
116 13285
117 67404
118 93490
119 05813
120 90175
