001 70133
002 26883
003 38891
004 24497
005 53995
006 97604
007 20414
008 03648
009 64399
010 15606
011 12202
012 84009
013 69660
014 59784
015 95881
016 28939
017 17046
018 36848
019 97943
020 16791
021 11586
022 05542
023 34354
024 11676
025 31068
026 39168
027 41804
028 05137
029 56456
030 00841
031 51301
032 98669
033 90381
034 45659
035 32183
036 11118
037 98979
038 72239
039 30287
040 41287
041 52484
042 58519
043 99425
044 50211
045 40089
046 43144
047 48844
048 68778
049 30593
050 81739
051 94209
052 21259
053 20986
054 04988
055 54217
056 03139
057 33820
058 26190
059 11176
060 38850
061 46167
062 92003
063 75061
064 32546
065 95911
066 76678
067 03407
068 16110
069 48047
070 62364
071 11089
072 78687
073 10870
074 91540
075 54959
076 57517
077 13613
078 11923
079 10909
080 33593
081 37859
082 95446
083 51837
084 40418
085 56486
086 00673
087 42555
088 30795
089 36669
090 08827
091 64899
092 89108
093 30903
094 64863
095 92381
096 96832
097 61656
098 97830
099 22920
100 57532
101 63667
102 88258
103 09627
104 39966
105 77037
106 77773
107 06811
108 58260
109 57495
110 61573
111 43841
112 48299
113 13786
114 10865
115 33658
116 06644
117 74335
118 75702
119 09631
120 96692

