001 50822
002 37180
003 14019
004 37940
005 15070
006 43862
007 67076
008 47650
009 09575
010 57943
011 43782
012 62294
013 79109
014 26693
015 46454
016 79937
017 18541
018 27052
019 44815
020 98963
021 02886
022 19183
023 91874
024 88363
025 94799
026 74251
027 48609
028 45343
029 33763
030 69831
031 73517
032 29892
033 38007
034 74773
035 78314
036 76463
037 51703
038 18562
039 57270
040 66529
041 26154
042 68255
043 53823
044 61219
045 70289
046 00512
047 18465
048 27602
049 14190
050 26933
051 65439
052 90609
053 68391
054 44429
055 31384
056 62918
057 44244
058 65579
059 08429
060 62063
061 23713
062 53359
063 82104
064 96380
065 75733
066 91457
067 62374
068 64148
069 13692
070 11164
071 05403
072 28054
073 10593
074 04660
075 59495
076 62446
077 12761
078 36717
079 10609
080 27239
081 50634
082 71925
083 12312
084 72822
085 69814
086 50267
087 77796
088 04719
089 58972
090 07234
091 46303
092 76950
093 70453
094 82363
095 85410
096 90564
097 67923
098 15435
099 47920
100 55930
101 48599
102 63080
103 76085
104 41590
105 29172
106 28814
107 81693
108 99243
109 08332
110 35120
111 26486
112 25399
113 80603
114 47500
115 36587
116 33077
117 63473
118 66728
119 87411
120 63111

