001 03208
002 42148
003 61228
004 07299
005 69356
006 48246
007 22486
008 39241
009 05430
010 39351
011 77702
012 79856
013 71352
014 52822
015 17612
016 99755
017 31540
018 23494
019 51346
020 79284
021 83131
022 35538
023 67325
024 84357
025 27010
026 73423
027 24885
028 71012
029 51114
030 04649
031 34266
032 51216
033 94018
034 10625
035 36561
036 08611
037 35296
038 08001
039 16081
040 09164
041 11289
042 88758
043 07006
044 75801
045 71506
046 35592
047 66436
048 49730
049 60824
050 55526
051 70413
052 68404
053 01750
054 61233
055 54777
056 80778
057 03514
058 63294
059 09240
060 95814
061 48071
062 07941
063 43253
064 28378
065 78691
066 39139
067 51079
068 03733
069 44990
070 31849
071 30974
072 83686
073 98511
074 37632
075 82003
076 94942
077 08528
078 88893
079 00788
080 48016
081 11834
082 79789
083 02062
084 14632
085 58317
086 22221
087 44213
088 58189
089 57769
090 27447
091 10563
092 72573
093 85246
094 21009
095 04385
096 18756
097 71512
098 65687
099 98461
100 40193
101 06153
102 69691
103 75830
104 99396
105 86607
106 55388
107 81102
108 27709
109 60385
110 81322
111 87529
112 83676
113 21339
114 99073
115 66296
116 29432
117 25641
118 70152
119 12587
120 75579
