001 52444
002 35515
003 72153
004 80116
005 58227
006 65689
007 34122
008 53500
009 59419
010 77559
011 94811
012 49820
013 49919
014 22907
015 84078
016 63360
017 58423
018 96293
019 16296
020 11062
021 13396
022 62889
023 69146
024 64361
025 26005
026 87596
027 47388
028 27115
029 45607
030 37982
031 31789
032 81563
033 30260
034 92663
035 71410
036 23300
037 76138
038 85291
039 20739
040 13831
041 43914
042 81735
043 91616
044 65550
045 74709
046 76383
047 30171
048 37615
049 79817
050 14433
051 70872
052 09516
053 69011
054 69857
055 17359
056 26798
057 99268
058 80226
059 72082
060 58135
061 22744
062 16500
063 56693
064 68858
065 55441
066 95856
067 36747
068 75521
069 21743
070 17152
071 04717
072 95167
073 47716
074 87477
075 84198
076 68592
077 75152
078 99760
079 58254
080 85856
081 43032
082 63751
083 59318
084 13945
085 84857
086 28943
087 57831
088 43799
089 34733
090 02334
091 25021
092 98778
093 53620
094 38397
095 71763
096 18726
097 80230
098 81889
099 91352
100 64765
101 81984
102 90268
103 95658
104 55259
105 91003
106 48334
107 83138
108 49785
109 65100
110 71500
111 94822
112 45327
113 58395
114 91020
115 74290
116 40132
117 28899
118 72367
119 38193
120 75454
