001 76668
002 56121
003 82200
004 65231
005 02299
006 11436
007 99127
008 67522
009 03473
010 51848
011 25339
012 66887
013 64742
014 66895
015 32251
016 10576
017 69319
018 04938
019 46038
020 43371
021 06568
022 18437
023 02524
024 74098
025 75331
026 38803
027 07220
028 03930
029 45598
030 74311
031 36619
032 66437
033 35191
034 34310
035 86567
036 23690
037 11593
038 38811
039 24447
040 98670
041 10633
042 50552
043 29381
044 53012
045 84804
046 18096
047 56413
048 75063
049 00737
050 88420
051 96016
052 16078
053 31757
054 53320
055 53784
056 60469
057 89214
058 16011
059 49888
060 91005
061 62386
062 49425
063 29811
064 94001
065 89163
066 93863
067 64434
068 63151
069 82089
070 71479
071 76757
072 58397
073 15522
074 34146
075 68868
076 63528
077 66159
078 52850
079 76513
080 38814
081 70736
082 38488
083 69596
084 60927
085 57964
086 57794
087 95458
088 90988
089 05989
090 53368
091 31714
092 14356
093 81041
094 61333
095 09461
096 19004
097 70193
098 82245
099 60891
100 25983
101 81875
102 12681
103 00401
104 64832
105 27799
106 77879
107 56069
108 76012
109 05501
110 48328
111 45649
112 32322
113 41951
114 08299
115 09523
116 22784
117 51397
118 21110
119 41419
120 28625
