001 31584
002 55340
003 70774
004 32879
005 25386
006 24766
007 26272
008 95668
009 56601
010 60277
011 05861
012 20116
013 22424
014 13349
015 55236
016 87773
017 67761
018 53524
019 84307
020 50233
021 01073
022 61511
023 80739
024 10944
025 07764
026 34046
027 43145
028 24429
029 69485
030 66244
031 05998
032 47229
033 95036
034 10351
035 37231
036 25075
037 85688
038 18095
039 89420
040 40636
041 34098
042 44696
043 89984
044 33741
045 02844
046 90323
047 17222
048 77807
049 77378
050 98306
051 55204
052 25814
053 57077
054 31743
055 77010
056 99504
057 94845
058 77563
059 28570
060 31479
061 14682
062 98574
063 74363
064 96027
065 80364
066 08747
067 24820
068 08997
069 97275
070 22241
071 69148
072 20762
073 97492
074 96579
075 75976
076 89248
077 05302
078 66655
079 61715
080 36504
081 85931
082 41574
083 25945
084 01659
085 88884
086 41638
087 02585
088 01296
089 04478
090 56780
091 10461
092 91475
093 06466
094 85132
095 62267
096 91967
097 86256
098 56030
099 98606
100 26890
101 64447
102 00463
103 10827
104 34614
105 28178
106 35048
107 54814
108 99555
109 80150
110 32262
111 28600
112 84928
113 22887
114 01864
115 09386
116 86181
117 49666
118 94644
119 71657
120 78304
