001 13799
002 14358
003 68655
004 92113
005 72487
006 76470
007 54532
008 94944
009 04615
010 92122
011 70055
012 38022
013 57907
014 82319
015 27487
016 97885
017 98214
018 27288
019 00904
020 83958
021 05736
022 20546
023 73138
024 66523
025 92780
026 38692
027 48451
028 72145
029 28485
030 78484
031 84183
032 64392
033 99454
034 33596
035 27617
036 32872
037 36354
038 01344
039 73057
040 72446
041 48925
042 24542
043 74577
044 88297
045 34491
046 96020
047 00156
048 58605
049 26881
050 74952
051 67103
052 47085
053 02533
054 90873
055 36395
056 04941
057 54035
058 89940
059 88199
060 20794
061 77647
062 15568
063 35081
064 69578
065 13802
066 73716
067 38615
068 76735
069 62425
070 51200
071 09584
072 36851
073 97133
074 20403
075 42768
076 72580
077 58720
078 65964
079 06625
080 54839
081 86820
082 12780
083 63599
084 78450
085 26824
086 67405
087 04386
088 78992
089 54225
090 86330
091 11660
092 07324
093 55290
094 57680
095 81585
096 44224
097 82931
098 02041
099 15976
100 29016
101 49170
102 41933
103 15773
104 36891
105 56484
106 50482
107 88374
108 12023
109 95541
110 62355
111 98540
112 62134
113 71764
114 68873
115 26357
116 16177
117 32462
118 43691
119 23521
120 99450

