001 24638
002 17512
003 98904
004 11300
005 49543
006 14744
007 48478
008 63705
009 12590
010 02122
011 54238
012 46996
013 21598
014 74785
015 40193
016 90126
017 23626
018 83401
019 73706
020 95169
021 43146
022 92271
023 62497
024 97466
025 55318
026 01474
027 37342
028 62109
029 39818
030 06260
031 70017
032 94633
033 34585
034 50747
035 18333
036 48693
037 72626
038 72772
039 13412
040 08206
041 54421
042 39892
043 77051
044 53661
045 26760
046 46186
047 24531
048 76821
049 99123
050 88714
051 25096
052 77588
053 88566
054 36898
055 99756
056 59958
057 36239
058 81972
059 47132
060 96891
061 82108
062 88525
063 90555
064 27252
065 00613
066 68220
067 00443
068 94000
069 84655
070 47898
071 15664
072 71559
073 53762
074 91073
075 95154
076 21596
077 61324
078 18634
079 76236
080 31388
081 00103
082 46986
083 75416
084 23590
085 92744
086 73240
087 95397
088 69731
089 39539
090 57419
091 50787
092 30875
093 72884
094 31260
095 98313
096 26574
097 87604
098 94626
099 73640
100 57172
101 58864
102 99026
103 45222
104 04639
105 29892
106 42830
107 30445
108 23771
109 13442
110 99087
111 26631
112 97819
113 73511
114 32425
115 10684
116 52530
117 27936
118 25521
119 89218
120 04195
