001 06926
002 02167
003 97734
004 21226
005 50545
006 31060
007 43125
008 50031
009 56397
010 38443
011 76175
012 21032
013 19413
014 61106
015 81743
016 13730
017 47844
018 41859
019 83255
020 12014
021 21095
022 51970
023 02652
024 56417
025 57216
026 10383
027 80951
028 28870
029 64189
030 36122
031 89167
032 20215
033 59548
034 94850
035 21103
036 19422
037 51232
038 74453
039 64007
040 42652
041 06905
042 29015
043 63462
044 18182
045 36723
046 62220
047 13533
048 58392
049 24623
050 26691
051 55774
052 36444
053 26181
054 87114
055 06107
056 82967
057 35569
058 44737
059 60757
060 22697
061 80133
062 76887
063 61749
064 95515
065 73378
066 99442
067 30624
068 36074
069 53525
070 17264
071 38483
072 95738
073 97160
074 18351
075 35213
076 36355
077 56602
078 45431
079 08208
080 51956
081 07508
082 79168
083 49746
084 66087
085 17297
086 84052
087 17828
088 54450
089 14276
090 76154
091 42552
092 09067
093 73058
094 65942
095 05335
096 15708
097 58520
098 59371
099 73240
100 86631
101 38260
102 22405
103 33222
104 58395
105 52941
106 01756
107 69088
108 86319
109 08360
110 25293
111 09063
112 03683
113 43337
114 03759
115 46797
116 92192
117 73242
118 61269
119 88622
120 81403

