001 91915
002 92480
003 15251
004 51573
005 07939
006 37830
007 66197
008 47979
009 40097
010 61085
011 22990
012 26801
013 32093
014 13596
015 87407
016 19483
017 24964
018 58218
019 91991
020 85332
021 92897
022 57017
023 81104
024 34726
025 31571
026 39245
027 93755
028 34679
029 98943
030 37613
031 44937
032 58616
033 04861
034 74400
035 84526
036 23929
037 45336
038 06270
039 02595
040 84139
041 43702
042 06873
043 81915
044 59203
045 45321
046 46397
047 86780
048 15339
049 33421
050 86422
051 64878
052 54107
053 19918
054 53051
055 82060
056 21563
057 04776
058 17111
059 11984
060 66929
061 57732
062 50872
063 64788
064 41522
065 31323
066 22183
067 53421
068 44374
069 24942
070 34296
071 89147
072 74795
073 90675
074 44240
075 75317
076 82875
077 82600
078 26823
079 91704
080 55661
081 97358
082 75439
083 20139
084 68143
085 89375
086 83098
087 31271
088 74253
089 12007
090 52661
091 60404
092 14877
093 73882
094 53283
095 08699
096 31466
097 12075
098 23994
099 13641
100 72473
101 04658
102 98501
103 37528
104 88026
105 01038
106 78674
107 90223
108 21969
109 62792
110 20073
111 30805
112 59397
113 70205
114 89961
115 83072
116 04911
117 23244
118 37104
119 36444
120 86854
