001 03595
002 03645
003 63671
004 59048
005 49192
006 04098
007 62478
008 43461
009 00973
010 88858
011 39500
012 64693
013 28831
014 95699
015 56706
016 47087
017 18668
018 46424
019 34867
020 15584
021 40440
022 79974
023 88074
024 77719
025 88011
026 11761
027 24516
028 60434
029 97425
030 63971
031 34797
032 21012
033 87215
034 94670
035 87742
036 81951
037 05174
038 22342
039 02361
040 50657
041 70876
042 75541
043 47544
044 39384
045 34021
046 63509
047 48638
048 27417
049 08980
050 87389
051 33111
052 89947
053 94903
054 58923
055 51950
056 24834
057 20450
058 80191
059 85797
060 77677
061 95449
062 61371
063 38575
064 44082
065 40539
066 73047
067 61915
068 95851
069 26660
070 51264
071 32968
072 12734
073 11657
074 98367
075 28961
076 43045
077 41387
078 79617
079 64628
080 23930
081 27183
082 62442
083 62683
084 98368
085 59170
086 20383
087 67602
088 88893
089 27290
090 92347
091 03985
092 43442
093 48981
094 34977
095 11952
096 48147
097 19180
098 46594
099 61875
100 24485
101 36106
102 77696
103 37989
104 35930
105 65064
106 31432
107 10275
108 39117
109 94212
110 37806
111 03823
112 87255
113 51423
114 28790
115 93036
116 64724
117 38464
118 20544
119 30812
120 90068

