001 75393
002 64347
003 61145
004 14156
005 11835
006 44613
007 05943
008 02654
009 35938
010 21441
011 88525
012 83554
013 10547
014 97677
015 28476
016 69549
017 99055
018 05540
019 92572
020 40882
021 43183
022 14294
023 39845
024 63609
025 18413
026 66176
027 50720
028 54890
029 31586
030 95323
031 65044
032 87140
033 04550
034 70477
035 40258
036 94650
037 66779
038 79517
039 44649
040 39624
041 79068
042 57577
043 52764
044 99601
045 46850
046 45136
047 36786
048 05098
049 95632
050 48376
051 94112
052 31931
053 77437
054 85296
055 98974
056 36926
057 54270
058 12594
059 24699
060 53953
061 94157
062 00673
063 41015
064 71321
065 30047
066 23493
067 80541
068 94352
069 24886
070 22751
071 57120
072 71104
073 51526
074 26121
075 01750
076 98934
077 84386
078 69631
079 36784
080 10937
081 49647
082 25735
083 80884
084 74452
085 45211
086 52724
087 48180
088 43307
089 70000
090 12526
091 48167
092 36192
093 93457
094 87581
095 52434
096 55917
097 20309
098 11590
099 43603
100 65122
101 61363
102 37334
103 64087
104 97924
105 03979
106 65201
107 09721
108 41326
109 46740
110 15730
111 44778
112 33738
113 67784
114 10498
115 54283
116 08210
117 47372
118 68243
119 86033
120 24218
