001 23296
002 70092
003 41579
004 63030
005 83850
006 04988
007 75490
008 17918
009 21580
010 02827
011 18096
012 24262
013 25105
014 74627
015 27644
016 80430
017 32024
018 86795
019 27370
020 11054
021 31737
022 69355
023 48954
024 50741
025 60407
026 94381
027 89029
028 83686
029 61042
030 53410
031 43227
032 60474
033 99592
034 36990
035 66906
036 54108
037 14360
038 03674
039 93446
040 80610
041 40694
042 90702
043 35870
044 41526
045 86026
046 16068
047 07211
048 70863
049 37867
050 63453
051 91676
052 49537
053 21358
054 96813
055 32670
056 11082
057 15027
058 20418
059 22657
060 38922
061 92811
062 23508
063 68522
064 61873
065 96359
066 49234
067 95333
068 54546
069 61842
070 49049
071 65779
072 41511
073 22620
074 92941
075 74908
076 67576
077 27942
078 86086
079 05342
080 06447
081 07897
082 99732
083 61848
084 61350
085 90081
086 59766
087 92886
088 77276
089 43623
090 28566
091 04465
092 91377
093 64870
094 18978
095 25429
096 03503
097 40539
098 33713
099 85468
100 13630
101 34820
102 22199
103 46026
104 81342
105 37289
106 23516
107 04486
108 65506
109 09168
110 05099
111 10554
112 53361
113 44260
114 11205
115 93588
116 14112
117 49439
118 35543
119 93794
120 36733
