001 59409
002 27104
003 84292
004 61952
005 02209
006 87095
007 37448
008 62327
009 71985
010 88350
011 36259
012 81481
013 32499
014 44670
015 85808
016 95860
017 34297
018 76153
019 07318
020 29938
021 74359
022 41175
023 79508
024 89748
025 45995
026 07257
027 77194
028 29932
029 30683
030 13827
031 06292
032 27389
033 46366
034 60946
035 27700
036 49638
037 44952
038 58098
039 76618
040 15580
041 03016
042 00708
043 95547
044 00577
045 48178
046 33239
047 71702
048 27592
049 64866
050 11175
051 65902
052 38899
053 82724
054 07797
055 04592
056 26835
057 50003
058 27288
059 50241
060 40855
061 20944
062 38634
063 72404
064 38935
065 44100
066 77591
067 83080
068 22214
069 00716
070 59996
071 56795
072 92325
073 09993
074 69729
075 52141
076 89192
077 11757
078 14475
079 98792
080 09768
081 93741
082 06171
083 39251
084 05438
085 28006
086 51399
087 74162
088 89799
089 20775
090 27328
091 75338
092 86329
093 15248
094 50609
095 55363
096 93227
097 49700
098 24755
099 43418
100 78331
101 84560
102 80297
103 28563
104 08980
105 72256
106 30863
107 38082
108 76517
109 70334
110 32408
111 42536
112 71811
113 62577
114 84106
115 19376
116 55623
117 28927
118 25227
119 46253
120 42274
