001 66978
002 03754
003 66100
004 02260
005 31751
006 57344
007 97761
008 53454
009 27954
010 81296
011 86831
012 10391
013 22203
014 87999
015 35485
016 37440
017 01892
018 90564
019 15487
020 71335
021 24855
022 03898
023 38755
024 92735
025 61986
026 29262
027 65265
028 85546
029 75761
030 94921
031 28858
032 40885
033 65891
034 37772
035 16681
036 52200
037 38484
038 32624
039 33091
040 91770
041 08819
042 87977
043 64347
044 16944
045 54126
046 21521
047 24517
048 12386
049 39627
050 37173
051 19282
052 67414
053 92055
054 27426
055 40254
056 39177
057 10836
058 36017
059 72126
060 46383
061 23210
062 60760
063 33198
064 88676
065 92112
066 61005
067 87357
068 05717
069 35661
070 88762
071 29767
072 54822
073 21124
074 35743
075 40372
076 64847
077 77327
078 41017
079 58417
080 88356
081 14694
082 93189
083 64954
084 50883
085 56374
086 14928
087 92122
088 49672
089 76280
090 62198
091 03074
092 48478
093 92728
094 62103
095 35032
096 65830
097 91687
098 81865
099 07258
100 08192
101 73228
102 05615
103 79765
104 42046
105 70741
106 09280
107 71545
108 06719
109 41859
110 98454
111 96153
112 30826
113 35925
114 74861
115 47131
116 76504
117 84860
118 87670
119 65695
120 67220

