001 26860
002 68663
003 58628
004 39041
005 87840
006 95355
007 11139
008 52805
009 05943
010 48578
011 13402
012 45660
013 53579
014 82484
015 12560
016 61306
017 78266
018 11459
019 22780
020 63848
021 34571
022 65249
023 60259
024 85932
025 33368
026 99872
027 01691
028 07458
029 09394
030 99749
031 99473
032 96167
033 53770
034 98088
035 64816
036 21757
037 52669
038 84414
039 68000
040 31279
041 54597
042 96012
043 68194
044 98522
045 45858
046 76891
047 52195
048 84852
049 08620
050 49540
051 27430
052 78075
053 25601
054 41732
055 13374
056 59459
057 23631
058 84105
059 60323
060 24623
061 15209
062 62286
063 20942
064 40897
065 17560
066 50044
067 30609
068 01901
069 36151
070 36923
071 75290
072 78324
073 39167
074 95312
075 41511
076 02236
077 20109
078 03115
079 02909
080 09593
081 76214
082 06980
083 78942
084 78287
085 06215
086 37342
087 99549
088 14700
089 79184
090 67168
091 40597
092 28893
093 68665
094 52709
095 91429
096 88316
097 07383
098 58518
099 65308
100 72412
101 13429
102 90371
103 63201
104 41508
105 54297
106 93853
107 38198
108 25335
109 34162
110 74622
111 57633
112 71558
113 81604
114 95318
115 42505
116 69242
117 53267
118 37762
119 57964
120 06151

