001 63062
002 28523
003 72372
004 39201
005 60568
006 88546
007 46985
008 51766
009 72458
010 98712
011 89663
012 47015
013 17147
014 79465
015 23807
016 18680
017 76230
018 41984
019 18119
020 03660
021 21416
022 61028
023 25255
024 75177
025 86280
026 82376
027 79367
028 35988
029 39392
030 04569
031 56730
032 34575
033 72455
034 33158
035 02410
036 57975
037 71342
038 28272
039 42786
040 26772
041 87876
042 17908
043 25615
044 93310
045 88044
046 41479
047 48038
048 12531
049 79603
050 77039
051 01329
052 01844
053 16175
054 23944
055 54290
056 57483
057 29131
058 93733
059 66989
060 56395
061 54931
062 75626
063 95415
064 07538
065 45495
066 95752
067 51319
068 83814
069 77734
070 43646
071 56628
072 01594
073 59464
074 11874
075 08657
076 46086
077 23204
078 06588
079 75763
080 02418
081 33037
082 45291
083 11378
084 54306
085 33985
086 68036
087 91118
088 09953
089 95217
090 40087
091 18258
092 31213
093 72219
094 45234
095 34441
096 14513
097 00898
098 77235
099 85707
100 74233
101 35547
102 54923
103 95899
104 74153
105 40947
106 70246
107 30329
108 98360
109 07565
110 02086
111 54580
112 41035
113 17228
114 48527
115 62572
116 75731
117 98956
118 41259
119 91587
120 64079
