001 26375
002 32319
003 10238
004 36848
005 79972
006 57833
007 46706
008 59419
009 18227
010 59678
011 20537
012 12847
013 53394
014 91193
015 48112
016 51529
017 03568
018 18112
019 77932
020 46437
021 55573
022 81931
023 03804
024 07907
025 65820
026 00413
027 74810
028 74485
029 90245
030 72495
031 48244
032 54907
033 28904
034 19126
035 90321
036 67322
037 39070
038 56235
039 03986
040 99065
041 86943
042 05834
043 17588
044 00673
045 83839
046 83744
047 29497
048 99719
049 51833
050 29815
051 73000
052 01169
053 21224
054 84831
055 29282
056 29003
057 53328
058 33080
059 63099
060 55123
061 47486
062 48635
063 86139
064 32505
065 17412
066 43326
067 01538
068 47866
069 64830
070 52945
071 39842
072 72169
073 50313
074 58968
075 19682
076 92582
077 38452
078 04688
079 31080
080 25349
081 05326
082 14316
083 43271
084 64627
085 11175
086 84042
087 93823
088 23232
089 61952
090 07765
091 65630
092 68774
093 80504
094 68190
095 65821
096 22009
097 67599
098 08691
099 61402
100 20139
101 31617
102 86103
103 81080
104 16568
105 14410
106 55142
107 21053
108 79396
109 92979
110 89963
111 10005
112 60534
113 13898
114 91434
115 54410
116 61463
117 94603
118 05133
119 35067
120 38585
