001 31892
002 76924
003 37345
004 40843
005 69728
006 34206
007 98744
008 92386
009 03943
010 68562
011 91468
012 74489
013 95598
014 20827
015 38300
016 62997
017 41606
018 11478
019 01553
020 27872
021 51817
022 04150
023 19176
024 95063
025 16699
026 03408
027 26315
028 12456
029 52980
030 45767
031 41531
032 20245
033 41900
034 71755
035 91129
036 04843
037 12086
038 03555
039 53409
040 33624
041 67980
042 58383
043 97465
044 62463
045 09752
046 21846
047 94085
048 62377
049 16222
050 27386
051 68143
052 93424
053 25154
054 95941
055 32769
056 11625
057 18336
058 32457
059 96103
060 32710
061 80133
062 45400
063 09416
064 96212
065 16414
066 81209
067 07433
068 04435
069 40375
070 26273
071 15255
072 25256
073 21798
074 07943
075 91997
076 24843
077 42252
078 59796
079 83740
080 50890
081 22301
082 35836
083 81303
084 19804
085 76209
086 81974
087 89668
088 17826
089 64608
090 20721
091 23096
092 47037
093 50305
094 94130
095 12716
096 28830
097 44536
098 58288
099 63992
100 66800
101 23879
102 77884
103 61550
104 62702
105 96539
106 13077
107 11974
108 80847
109 99876
110 72865
111 20192
112 85420
113 64369
114 97120
115 72927
116 81600
117 35136
118 80703
119 40922
120 82891
