001 63251
002 34924
003 68840
004 65432
005 69088
006 54440
007 05639
008 85284
009 05580
010 13791
011 80398
012 89852
013 46202
014 61441
015 98689
016 50997
017 37711
018 99646
019 13695
020 46478
021 96155
022 37821
023 00864
024 35852
025 16067
026 35770
027 26294
028 32152
029 77759
030 46726
031 32036
032 71114
033 25060
034 80368
035 07476
036 88217
037 22072
038 35547
039 18275
040 83887
041 28155
042 42099
043 22733
044 80577
045 20517
046 28540
047 04959
048 85722
049 36604
050 13084
051 91686
052 48719
053 47121
054 37107
055 60645
056 46240
057 81225
058 93711
059 21386
060 50765
061 13914
062 94581
063 27616
064 94540
065 17455
066 25967
067 19041
068 54519
069 82955
070 48663
071 29556
072 26966
073 60488
074 43450
075 46752
076 75119
077 94505
078 70550
079 07592
080 28157
081 59915
082 55600
083 25207
084 53528
085 65755
086 14887
087 41024
088 19266
089 71026
090 14087
091 87230
092 29293
093 01522
094 70836
095 43180
096 11686
097 73569
098 56004
099 87641
100 12177
101 33565
102 22215
103 94020
104 28412
105 84186
106 91135
107 98608
108 83474
109 80693
110 80538
111 23456
112 93327
113 61981
114 66020
115 17361
116 37928
117 85321
118 64065
119 67213
120 87996

