001 39816
002 73874
003 66696
004 55328
005 89149
006 79862
007 33012
008 08062
009 64247
010 60342
011 90917
012 34355
013 49448
014 04253
015 14981
016 45650
017 29949
018 81008
019 50893
020 04210
021 15639
022 61460
023 34196
024 46177
025 29429
026 11319
027 98647
028 14196
029 03546
030 13631
031 93781
032 05517
033 61041
034 32280
035 87897
036 31772
037 46328
038 34755
039 92083
040 17020
041 98581
042 28290
043 57438
044 99321
045 87668
046 75588
047 80652
048 48297
049 18354
050 86660
051 92699
052 43531
053 97044
054 23669
055 99078
056 67170
057 14899
058 49918
059 98518
060 99913
061 74794
062 24368
063 85108
064 89450
065 34871
066 30122
067 85495
068 88557
069 92356
070 88937
071 89797
072 20300
073 94679
074 89756
075 55036
076 92603
077 70056
078 55442
079 77776
080 40530
081 60253
082 26882
083 26463
084 21291
085 76780
086 26587
087 42593
088 11773
089 93071
090 66166
091 72611
092 46331
093 32463
094 45601
095 59532
096 18197
097 19738
098 67963
099 43992
100 21921
101 55917
102 35577
103 80079
104 38571
105 35725
106 32816
107 96361
108 95594
109 40401
110 67569
111 71399
112 42004
113 91184
114 26116
115 24196
116 47940
117 44732
118 38508
119 57371
120 53115
