001 30296
002 26073
003 52330
004 60587
005 89425
006 90275
007 65634
008 20610
009 20676
010 00530
011 96919
012 92328
013 42476
014 45522
015 62045
016 88247
017 91632
018 30391
019 93556
020 10316
021 12494
022 36170
023 99585
024 12925
025 16016
026 34134
027 22703
028 24650
029 01211
030 55746
031 98033
032 32428
033 32415
034 13119
035 29118
036 01272
037 74227
038 59409
039 68957
040 69304
041 29627
042 06134
043 25697
044 31449
045 14376
046 35621
047 45091
048 61566
049 57303
050 75607
051 70392
052 96663
053 55457
054 58909
055 73007
056 50149
057 68228
058 33077
059 19586
060 61715
061 90565
062 64707
063 69859
064 28086
065 40894
066 25876
067 55310
068 10281
069 76299
070 36456
071 31743
072 01364
073 66056
074 85701
075 39190
076 99815
077 89051
078 08514
079 79257
080 49537
081 95673
082 73768
083 79449
084 05122
085 10960
086 83312
087 30589
088 84842
089 18203
090 17086
091 51972
092 55022
093 86700
094 41499
095 05221
096 23570
097 98832
098 61455
099 50638
100 96497
101 67594
102 55321
103 79877
104 25427
105 79704
106 75990
107 78428
108 93987
109 65949
110 73264
111 06245
112 55415
113 26190
114 50656
115 32802
116 57599
117 82092
118 31096
119 83763
120 01649

