001 89797
002 68479
003 91881
004 52131
005 23786
006 71186
007 89781
008 49586
009 09199
010 63614
011 60554
012 68440
013 89190
014 04492
015 43253
016 57963
017 84671
018 45421
019 22085
020 00324
021 02807
022 43841
023 91132
024 04610
025 21772
026 42142
027 26553
028 73686
029 16834
030 53752
031 24661
032 40010
033 69976
034 75953
035 56128
036 02333
037 80351
038 00733
039 84186
040 61873
041 58929
042 35793
043 79084
044 98171
045 35296
046 99167
047 49867
048 46062
049 88496
050 19653
051 58092
052 96175
053 58224
054 49621
055 16275
056 76964
057 95156
058 59841
059 87209
060 01110
061 34276
062 17006
063 34284
064 34096
065 16935
066 93615
067 04311
068 08358
069 08779
070 44403
071 14748
072 42392
073 10881
074 12264
075 29413
076 32682
077 26182
078 84616
079 21202
080 41285
081 37712
082 46386
083 83236
084 53232
085 03931
086 98496
087 80799
088 71900
089 64473
090 15644
091 81466
092 89563
093 82557
094 99046
095 19475
096 00890
097 40565
098 57631
099 66268
100 15694
101 00629
102 09607
103 15486
104 02058
105 28550
106 47076
107 87514
108 42871
109 72538
110 13633
111 51115
112 70261
113 49927
114 62913
115 29551
116 85889
117 94654
118 75381
119 34752
120 27674

