001 38045
002 35744
003 44936
004 14262
005 01537
006 73605
007 92330
008 36738
009 13097
010 01031
011 64039
012 45886
013 07864
014 68447
015 60543
016 69387
017 81810
018 95163
019 25014
020 62343
021 72917
022 15785
023 26473
024 33979
025 55679
026 77970
027 12974
028 10411
029 64064
030 86132
031 44061
032 65478
033 77510
034 99221
035 28916
036 31132
037 31492
038 92738
039 43124
040 49810
041 03886
042 37344
043 72432
044 14490
045 64252
046 62087
047 89689
048 19383
049 03245
050 62779
051 14888
052 82083
053 51579
054 77123
055 90450
056 09100
057 18883
058 59634
059 91438
060 72450
061 69184
062 59195
063 68936
064 64206
065 72511
066 49147
067 90721
068 58915
069 76869
070 31910
071 74837
072 13408
073 73328
074 79818
075 07861
076 87241
077 60480
078 97458
079 49887
080 52620
081 70918
082 84975
083 83215
084 78228
085 39370
086 60919
087 57559
088 03811
089 44432
090 75087
091 50711
092 71134
093 36728
094 53665
095 14007
096 41778
097 22910
098 40408
099 69034
100 51508
101 47189
102 67523
103 71842
104 23550
105 44633
106 28686
107 82751
108 03590
109 89352
110 49907
111 34443
112 10598
113 59503
114 12492
115 96834
116 45436
117 46349
118 49929
119 33163
120 24989
