001 85500
002 66516
003 92645
004 28339
005 01595
006 28830
007 07738
008 51635
009 67669
010 51088
011 47515
012 35461
013 12703
014 48534
015 41360
016 20879
017 94190
018 30436
019 60399
020 87914
021 06327
022 32367
023 30504
024 22749
025 84927
026 79753
027 41829
028 47720
029 33487
030 23653
031 32951
032 15424
033 29770
034 32966
035 30727
036 68747
037 62742
038 92521
039 57745
040 33548
041 29378
042 92376
043 46974
044 12468
045 11446
046 17925
047 70687
048 52987
049 05665
050 78446
051 46393
052 65818
053 06917
054 74101
055 60854
056 34761
057 83159
058 32270
059 57125
060 53233
061 57011
062 72394
063 51764
064 41381
065 20501
066 61675
067 59460
068 83748
069 94873
070 88353
071 45956
072 55895
073 55475
074 28757
075 65598
076 04181
077 06148
078 58116
079 72244
080 65555
081 92042
082 47723
083 53046
084 00725
085 15953
086 25549
087 31804
088 07861
089 18946
090 80156
091 88949
092 04248
093 86699
094 64809
095 51377
096 52966
097 81023
098 17025
099 52878
100 37662
101 81886
102 19259
103 52454
104 47213
105 27226
106 00927
107 15153
108 00786
109 02054
110 92166
111 67410
112 09858
113 37442
114 10367
115 91283
116 46074
117 56937
118 00368
119 65252
120 64056
