001 42197
002 68515
003 89582
004 90510
005 71990
006 43948
007 26863
008 98367
009 88051
010 13182
011 35823
012 91807
013 05923
014 38087
015 89111
016 98780
017 21524
018 42904
019 72346
020 89549
021 20948
022 96268
023 78163
024 19320
025 67206
026 61417
027 65854
028 14822
029 70344
030 69348
031 32342
032 27396
033 78718
034 18527
035 33544
036 15262
037 77067
038 36766
039 46647
040 87524
041 27567
042 04526
043 58172
044 61092
045 81516
046 17744
047 88683
048 05082
049 91123
050 81464
051 00835
052 60842
053 78445
054 51689
055 07986
056 08133
057 51761
058 34115
059 21202
060 85853
061 76277
062 02669
063 00155
064 87824
065 44772
066 10606
067 76146
068 86279
069 06783
070 80802
071 40930
072 08624
073 74672
074 28867
075 78775
076 04234
077 61442
078 69774
079 53490
080 81492
081 76799
082 11709
083 52826
084 04384
085 67233
086 24591
087 68021
088 87892
089 75317
090 26590
091 09561
092 77983
093 13580
094 59506
095 26532
096 46468
097 98312
098 77865
099 61169
100 10834
101 84080
102 29366
103 18366
104 26959
105 65588
106 79220
107 58175
108 51493
109 47164
110 32966
111 93401
112 74582
113 95145
114 40482
115 65051
116 51148
117 37804
118 24450
119 22046
120 57790

