001 33085
002 87704
003 68410
004 70728
005 60920
006 05105
007 03362
008 78637
009 45264
010 50393
011 53767
012 97616
013 30407
014 12233
015 81150
016 49717
017 74690
018 70952
019 73327
020 38026
021 81001
022 91280
023 73861
024 46293
025 70680
026 38063
027 38355
028 87290
029 08024
030 48445
031 67305
032 23597
033 66584
034 11688
035 54172
036 44964
037 41731
038 05839
039 69230
040 31195
041 17007
042 58442
043 10024
044 96663
045 41773
046 82942
047 34707
048 50907
049 79316
050 51463
051 91170
052 01012
053 48655
054 06877
055 76197
056 74391
057 34152
058 38971
059 12484
060 01541
061 53417
062 42518
063 96771
064 62816
065 73881
066 43262
067 60107
068 78718
069 57732
070 91363
071 32611
072 26263
073 07578
074 79826
075 44926
076 74323
077 23361
078 82444
079 30610
080 62754
081 17170
082 34875
083 47389
084 03253
085 82135
086 71348
087 48618
088 38497
089 22996
090 97171
091 40940
092 33016
093 47877
094 20373
095 59551
096 93892
097 22500
098 64067
099 40086
100 90372
101 16900
102 53323
103 02560
104 68481
105 67105
106 24547
107 38292
108 24132
109 01407
110 50676
111 92813
112 05430
113 96491
114 15531
115 83638
116 57064
117 80703
118 51229
119 91556
120 26567
