001 72035
002 47263
003 49754
004 31073
005 58283
006 19465
007 96126
008 39244
009 29101
010 99219
011 67955
012 14703
013 09564
014 89475
015 01480
016 62378
017 86432
018 13041
019 00763
020 81983
021 49209
022 66067
023 87879
024 94559
025 97683
026 78758
027 51809
028 43632
029 54303
030 54958
031 16752
032 53901
033 28396
034 49057
035 33111
036 61743
037 45954
038 84192
039 09206
040 98083
041 28352
042 08841
043 15108
044 70241
045 74252
046 11395
047 07688
048 71613
049 44316
050 14072
051 23377
052 38384
053 77080
054 78721
055 76059
056 11167
057 91597
058 56416
059 28601
060 24489
061 58024
062 29496
063 11133
064 12312
065 17621
066 50485
067 75910
068 25242
069 34327
070 69010
071 87417
072 24091
073 00579
074 31848
075 00490
076 18316
077 14968
078 86768
079 54531
080 85884
081 44404
082 97394
083 98968
084 85055
085 69223
086 59100
087 11442
088 82061
089 21739
090 21637
091 38369
092 38862
093 81410
094 97618
095 29968
096 47752
097 66506
098 45705
099 71633
100 95762
101 80642
102 62149
103 10221
104 20147
105 34216
106 33537
107 26530
108 82466
109 03249
110 50595
111 20902
112 90403
113 64524
114 48181
115 42219
116 33317
117 67539
118 21529
119 96696
120 05340

