001 78678
002 79898
003 13704
004 57418
005 73883
006 79974
007 17298
008 11531
009 11699
010 16789
011 46720
012 47472
013 71588
014 03031
015 51064
016 10346
017 30384
018 64150
019 70119
020 94492
021 44985
022 71187
023 42385
024 52201
025 29590
026 76111
027 16667
028 75051
029 22088
030 07551
031 57802
032 22269
033 28402
034 02862
035 73049
036 71211
037 73278
038 32166
039 36441
040 81444
041 50713
042 37740
043 18906
044 37169
045 55015
046 69685
047 42065
048 41211
049 01675
050 02551
051 22926
052 48255
053 18314
054 60176
055 92722
056 96426
057 10946
058 64659
059 72332
060 31800
061 60883
062 47254
063 32176
064 21802
065 14787
066 60966
067 35003
068 63118
069 40503
070 83317
071 60071
072 50429
073 21469
074 79845
075 37970
076 20521
077 80325
078 01697
079 22980
080 25993
081 35491
082 20438
083 16540
084 24024
085 99505
086 13562
087 05306
088 23500
089 65501
090 09509
091 51298
092 80852
093 03578
094 68555
095 00374
096 92069
097 64735
098 66584
099 25304
100 29046
101 12422
102 72780
103 61540
104 83780
105 35947
106 81940
107 96076
108 39277
109 74529
110 12828
111 90020
112 69911
113 45474
114 91497
115 46835
116 40019
117 68891
118 94920
119 66482
120 22533

