001 15052
002 73695
003 75789
004 68003
005 90442
006 68104
007 03746
008 44999
009 36679
010 36847
011 99163
012 07844
013 08176
014 69634
015 39297
016 78478
017 59840
018 94862
019 17854
020 19012
021 44990
022 43780
023 65570
024 49242
025 51016
026 22438
027 68303
028 85844
029 29931
030 17666
031 70272
032 47273
033 96053
034 27514
035 05933
036 29306
037 62749
038 56128
039 10354
040 04458
041 09887
042 26965
043 18499
044 03168
045 08491
046 31267
047 53469
048 83828
049 01168
050 58490
051 43249
052 94609
053 97038
054 47800
055 26131
056 97527
057 68584
058 23156
059 30130
060 20834
061 17977
062 20439
063 21172
064 83637
065 11116
066 60940
067 12981
068 51092
069 03161
070 75427
071 42591
072 07437
073 24980
074 14936
075 78605
076 93666
077 85614
078 18703
079 25902
080 10337
081 59166
082 82789
083 17768
084 34908
085 42012
086 41654
087 24696
088 59095
089 24043
090 25576
091 87922
092 97882
093 76697
094 23879
095 05805
096 04442
097 75521
098 82927
099 81921
100 79685
101 97866
102 75180
103 60533
104 34033
105 22031
106 44478
107 83681
108 29816
109 78538
110 85729
111 85015
112 79849
113 71408
114 28038
115 57517
116 53428
117 00398
118 90968
119 73083
120 28973

