001 79111
002 13130
003 53476
004 37304
005 30191
006 03378
007 36865
008 20524
009 05689
010 53494
011 02352
012 14726
013 44749
014 44187
015 19159
016 84675
017 17475
018 51537
019 66874
020 95091
021 22747
022 72405
023 26013
024 19344
025 62692
026 85808
027 66503
028 98282
029 02969
030 19417
031 35159
032 65063
033 91050
034 47608
035 75091
036 89060
037 11225
038 05768
039 03083
040 72451
041 47536
042 06841
043 20861
044 20052
045 04896
046 31667
047 73481
048 39622
049 80478
050 59480
051 66517
052 30790
053 83557
054 54360
055 27980
056 61004
057 78035
058 32439
059 13854
060 73659
061 39630
062 76900
063 95099
064 44510
065 17774
066 44725
067 20804
068 95705
069 82164
070 92816
071 82476
072 05669
073 93416
074 18727
075 61219
076 24676
077 77058
078 09718
079 27290
080 10614
081 62655
082 35141
083 85117
084 33557
085 38856
086 83770
087 40090
088 05597
089 28784
090 91843
091 89886
092 56720
093 56135
094 20778
095 76413
096 73069
097 07114
098 47760
099 44898
100 04428
101 92368
102 33677
103 31682
104 32244
105 53551
106 67821
107 07073
108 27259
109 50258
110 12642
111 27944
112 19459
113 33394
114 43061
115 13425
116 22667
117 03220
118 49813
119 08582
120 51392

