001 09972
002 30015
003 50760
004 69168
005 88839
006 07723
007 69061
008 91241
009 11101
010 47631
011 90810
012 06871
013 13944
014 79214
015 17817
016 24821
017 84171
018 60801
019 15113
020 87978
021 14251
022 20924
023 30881
024 78069
025 07751
026 28319
027 54080
028 17954
029 32098
030 69805
031 05030
032 92816
033 35289
034 81667
035 57785
036 65737
037 78577
038 42736
039 85518
040 68600
041 19730
042 34270
043 69382
044 11177
045 69205
046 74330
047 87059
048 92658
049 81007
050 20096
051 42046
052 52123
053 14565
054 90203
055 99174
056 97461
057 48449
058 74904
059 10877
060 62947
061 13020
062 08798
063 57541
064 10976
065 29807
066 90130
067 25114
068 71139
069 65926
070 98075
071 73943
072 15907
073 45561
074 88210
075 03933
076 71452
077 80811
078 10391
079 48821
080 47086
081 67496
082 76639
083 37028
084 98036
085 95325
086 39196
087 94191
088 09324
089 21998
090 05132
091 12223
092 86949
093 89523
094 73347
095 29912
096 42563
097 69824
098 82897
099 78781
100 64989
101 20900
102 50045
103 10561
104 25426
105 77963
106 49682
107 35266
108 21930
109 94224
110 63123
111 88490
112 91625
113 55921
114 89878
115 41531
116 47276
117 93132
118 03730
119 00113
120 36472
