001 67070
002 43847
003 29125
004 88725
005 96976
006 56442
007 05098
008 17859
009 82849
010 65661
011 13765
012 08775
013 47327
014 47577
015 13423
016 03082
017 13729
018 19231
019 40180
020 63404
021 10779
022 38872
023 43580
024 70269
025 73089
026 78559
027 41033
028 86390
029 25335
030 59740
031 88470
032 31314
033 27449
034 00091
035 09716
036 52462
037 98896
038 69145
039 21270
040 40523
041 95335
042 67865
043 21332
044 06986
045 42848
046 45156
047 46035
048 10492
049 06743
050 70929
051 75530
052 43517
053 36470
054 86424
055 82303
056 01086
057 18750
058 19998
059 23069
060 35852
061 20603
062 99517
063 87907
064 31546
065 33887
066 22136
067 47489
068 70789
069 57695
070 68718
071 46465
072 59711
073 85756
074 96438
075 71926
076 72776
077 76578
078 25491
079 92630
080 56160
081 84970
082 43041
083 94446
084 99031
085 16698
086 38213
087 40613
088 40275
089 97955
090 62470
091 83725
092 09206
093 31725
094 73019
095 86884
096 98678
097 68803
098 11745
099 47583
100 56875
101 88709
102 77325
103 16657
104 04635
105 35206
106 50409
107 79910
108 77420
109 66437
110 68662
111 14436
112 97557
113 21100
114 23983
115 97178
116 48370
117 07697
118 03540
119 60970
120 52507
