001 33607
002 25309
003 48826
004 87577
005 80841
006 24977
007 37535
008 43656
009 14481
010 23102
011 20585
012 13537
013 31747
014 47233
015 29278
016 96907
017 51914
018 81292
019 71834
020 83119
021 30177
022 07195
023 34716
024 41573
025 40108
026 79615
027 98365
028 58438
029 66722
030 05843
031 43082
032 21941
033 80818
034 21598
035 82605
036 50465
037 56305
038 20736
039 16091
040 70884
041 32199
042 13432
043 97513
044 41172
045 01671
046 74034
047 58166
048 18020
049 99939
050 75764
051 26248
052 18068
053 90676
054 60250
055 59524
056 63337
057 45879
058 29298
059 24083
060 65223
061 56515
062 59591
063 37376
064 65091
065 02826
066 87401
067 75865
068 72774
069 72789
070 76596
071 57424
072 05720
073 64092
074 32175
075 44412
076 09722
077 43976
078 68954
079 10765
080 42454
081 16915
082 00171
083 17100
084 99669
085 80788
086 94478
087 17715
088 74299
089 15237
090 03184
091 87051
092 92853
093 96361
094 52932
095 95140
096 46764
097 21692
098 06346
099 14102
100 15481
101 95005
102 44028
103 56626
104 22073
105 29293
106 12244
107 16687
108 47922
109 13084
110 53010
111 30565
112 16774
113 36716
114 50099
115 76315
116 46836
117 69667
118 66398
119 01152
120 58781

