001 64956
002 58108
003 61138
004 98290
005 69875
006 68218
007 57001
008 01610
009 57508
010 03989
011 55811
012 15879
013 47062
014 72346
015 07276
016 65067
017 61030
018 58337
019 75164
020 93881
021 14663
022 53382
023 13920
024 71844
025 84830
026 40606
027 76271
028 48605
029 58472
030 27195
031 62186
032 92764
033 83617
034 44881
035 08352
036 48410
037 27514
038 93474
039 62771
040 59199
041 30520
042 01647
043 49002
044 61493
045 81543
046 87144
047 94891
048 51372
049 22920
050 93389
051 79319
052 35249
053 23569
054 33801
055 87353
056 90708
057 94096
058 52310
059 53626
060 03572
061 60812
062 53869
063 34754
064 86253
065 70898
066 69785
067 53818
068 02944
069 81898
070 10557
071 83647
072 68289
073 53727
074 58214
075 46929
076 75634
077 63381
078 23347
079 65909
080 16619
081 24409
082 70776
083 25231
084 31551
085 62925
086 85694
087 50764
088 82162
089 64428
090 66369
091 37262
092 76437
093 82389
094 51400
095 68703
096 62126
097 56460
098 47444
099 86100
100 98267
101 57750
102 77885
103 86398
104 69177
105 13020
106 62619
107 43707
108 25967
109 51970
110 73880
111 42470
112 60298
113 18916
114 08537
115 16089
116 57358
117 36661
118 43938
119 63448
120 29565

