001 35069
002 85674
003 37581
004 15336
005 55491
006 69165
007 90425
008 32368
009 42362
010 84948
011 68426
012 58086
013 35889
014 88402
015 71469
016 59197
017 48987
018 20755
019 16806
020 24081
021 90287
022 40035
023 84798
024 30201
025 10500
026 82786
027 91733
028 56341
029 75062
030 36908
031 67736
032 07656
033 31089
034 37229
035 57516
036 04692
037 51898
038 01295
039 89669
040 08619
041 02042
042 43573
043 91281
044 40855
045 79120
046 98079
047 01126
048 03189
049 38187
050 61511
051 75230
052 68743
053 96642
054 22916
055 05798
056 90904
057 56508
058 13463
059 43986
060 72939
061 96059
062 63783
063 25034
064 21880
065 66680
066 57632
067 69010
068 07161
069 32455
070 26028
071 70055
072 26267
073 63905
074 11544
075 02330
076 87326
077 41794
078 49102
079 77665
080 60059
081 39254
082 74242
083 80543
084 11016
085 18410
086 84082
087 52829
088 06704
089 87277
090 61356
091 54736
092 11009
093 52628
094 08685
095 32920
096 56678
097 02856
098 72826
099 34580
100 42020
101 81144
102 20002
103 08755
104 83030
105 86696
106 14110
107 49490
108 54094
109 06524
110 98393
111 26818
112 16437
113 84332
114 26067
115 13135
116 80970
117 96293
118 21805
119 99996
120 83329

