001 67603
002 17506
003 03245
004 02330
005 84645
006 93428
007 85680
008 53886
009 79241
010 74715
011 95436
012 45927
013 19075
014 66812
015 09500
016 38405
017 92342
018 09008
019 41996
020 85980
021 11119
022 70918
023 38422
024 33755
025 67500
026 13877
027 95231
028 49674
029 73196
030 88745
031 46030
032 01479
033 28674
034 23929
035 14184
036 45593
037 44199
038 10436
039 00863
040 20231
041 55256
042 56065
043 64386
044 09006
045 14965
046 35590
047 96165
048 25910
049 38626
050 78567
051 61204
052 43003
053 70392
054 69382
055 23094
056 27601
057 83612
058 66650
059 76638
060 53617
061 59813
062 28938
063 78849
064 11252
065 46887
066 31705
067 04599
068 23668
069 46247
070 99451
071 77002
072 70379
073 97174
074 91225
075 83049
076 96252
077 45898
078 24555
079 24187
080 38221
081 53163
082 97606
083 65903
084 78715
085 86345
086 88741
087 02134
088 95984
089 40707
090 00138
091 54433
092 91452
093 62074
094 54117
095 37411
096 13666
097 12370
098 21347
099 77688
100 63007
101 59714
102 08391
103 77155
104 74960
105 71325
106 26819
107 89666
108 47493
109 12884
110 83859
111 65970
112 73631
113 91402
114 53785
115 94100
116 09986
117 52978
118 16973
119 16168
120 61713

