001 78079
002 83266
003 31106
004 89718
005 18998
006 44543
007 33925
008 21717
009 96087
010 76279
011 81798
012 94270
013 73040
014 45321
015 31548
016 14990
017 88979
018 20780
019 25609
020 29597
021 47993
022 95566
023 98228
024 84662
025 59433
026 03108
027 07460
028 11214
029 56544
030 77203
031 71345
032 72052
033 70042
034 43520
035 01868
036 20971
037 73785
038 93473
039 70372
040 98393
041 06216
042 89762
043 01245
044 93508
045 16584
046 05518
047 39329
048 67756
049 61309
050 41782
051 96913
052 18504
053 77830
054 14840
055 95257
056 30374
057 34520
058 69060
059 35497
060 11808
061 77217
062 94717
063 93235
064 85994
065 42788
066 31846
067 31348
068 09197
069 38696
070 15407
071 22029
072 51949
073 40363
074 35121
075 78679
076 47771
077 60029
078 30671
079 72327
080 45802
081 99021
082 44724
083 48726
084 11512
085 85803
086 91818
087 96474
088 29611
089 16545
090 21851
091 57489
092 69772
093 77674
094 47184
095 19919
096 01053
097 09872
098 87045
099 76022
100 69625
101 31596
102 32027
103 77163
104 04838
105 85657
106 36883
107 89247
108 28048
109 64865
110 94302
111 22923
112 80276
113 91496
114 02630
115 42177
116 69613
117 16754
118 93241
119 92302
120 73807
