001 62059
002 05393
003 19749
004 54076
005 15914
006 00896
007 34134
008 79737
009 81654
010 80709
011 77369
012 11164
013 55699
014 03106
015 68599
016 57815
017 30563
018 73657
019 72635
020 50070
021 02812
022 11995
023 35459
024 27632
025 89327
026 28835
027 65024
028 35348
029 77461
030 33080
031 12278
032 51952
033 72571
034 40972
035 31995
036 54503
037 31003
038 87152
039 14931
040 95210
041 52882
042 07729
043 24053
044 77269
045 98214
046 43118
047 24478
048 99816
049 74389
050 39670
051 69265
052 37482
053 93478
054 80054
055 89281
056 04514
057 40827
058 55639
059 45568
060 07384
061 89132
062 99881
063 02420
064 80025
065 82808
066 01614
067 38246
068 79960
069 62711
070 80156
071 47788
072 39013
073 09948
074 02383
075 25007
076 80470
077 07436
078 53795
079 41867
080 63476
081 92852
082 68887
083 68319
084 84140
085 96842
086 69382
087 92247
088 12394
089 93111
090 71284
091 40086
092 79622
093 24610
094 74025
095 14599
096 32222
097 84386
098 40944
099 26707
100 48704
101 56273
102 98263
103 04152
104 72482
105 41074
106 79657
107 86341
108 75165
109 26246
110 69658
111 60093
112 94339
113 67823
114 25312
115 95078
116 92509
117 61625
118 00995
119 61568
120 35080
