001 77894
002 32183
003 56111
004 35082
005 46794
006 96438
007 43846
008 46258
009 72182
010 08867
011 99004
012 63738
013 29344
014 68263
015 63006
016 66311
017 00761
018 29785
019 86814
020 72320
021 81603
022 15022
023 30000
024 95619
025 35248
026 26872
027 48825
028 37942
029 82221
030 42391
031 90882
032 52775
033 19887
034 48578
035 83285
036 13649
037 60658
038 55115
039 66290
040 86553
041 83617
042 87482
043 02663
044 97637
045 27922
046 81073
047 24116
048 56479
049 27973
050 32902
051 09054
052 78121
053 83139
054 17534
055 12801
056 77897
057 56002
058 51422
059 40237
060 66399
061 38946
062 75506
063 69624
064 92798
065 52790
066 36028
067 78772
068 65597
069 42361
070 53030
071 93179
072 40701
073 15702
074 28227
075 70544
076 20758
077 09100
078 94104
079 07487
080 56716
081 69191
082 31362
083 73124
084 36215
085 97898
086 68820
087 03786
088 03805
089 96881
090 36263
091 47815
092 24456
093 85020
094 58337
095 43835
096 59116
097 85378
098 54152
099 11366
100 63533
101 28733
102 64717
103 77100
104 87020
105 71722
106 67016
107 57585
108 26028
109 80720
110 09886
111 08646
112 10317
113 41880
114 21354
115 88375
116 56340
117 18077
118 92660
119 78480
120 55983
