001 17335
002 13119
003 49757
004 69100
005 01198
006 50741
007 28276
008 12230
009 87813
010 80284
011 35427
012 69930
013 11857
014 11453
015 84806
016 05946
017 54617
018 05934
019 49589
020 13580
021 14621
022 13898
023 79119
024 58221
025 43539
026 99046
027 73141
028 44778
029 72798
030 70553
031 54517
032 84254
033 23676
034 48533
035 54012
036 27498
037 95511
038 81243
039 38830
040 93727
041 90164
042 91224
043 13904
044 25298
045 54464
046 75356
047 34149
048 22155
049 15430
050 66836
051 28188
052 65687
053 37117
054 39536
055 69201
056 31173
057 25959
058 95998
059 13512
060 34825
061 80467
062 00448
063 68291
064 39762
065 74014
066 41377
067 81985
068 11252
069 44670
070 58535
071 73604
072 96213
073 24079
074 21007
075 27054
076 35990
077 26538
078 55655
079 84352
080 04550
081 11884
082 25059
083 64417
084 72368
085 07446
086 29591
087 22768
088 48546
089 54251
090 07418
091 38918
092 99356
093 45427
094 09305
095 10761
096 61064
097 41742
098 61404
099 17880
100 37314
101 06978
102 54435
103 05211
104 85115
105 96374
106 58032
107 47375
108 48873
109 93711
110 99671
111 78821
112 19368
113 19260
114 60673
115 07573
116 63118
117 13887
118 16939
119 01491
120 26945

