001 91451
002 74298
003 69665
004 74744
005 43219
006 62114
007 29521
008 12469
009 73319
010 56475
011 47554
012 80448
013 98643
014 59277
015 38116
016 14267
017 43758
018 93830
019 51203
020 49762
021 74383
022 69959
023 23168
024 42458
025 43382
026 12873
027 57451
028 51957
029 04589
030 62300
031 15586
032 42536
033 93981
034 12110
035 73459
036 21911
037 64964
038 90948
039 69854
040 85647
041 96083
042 70187
043 80923
044 39213
045 64688
046 53236
047 89590
048 98331
049 65228
050 48585
051 53332
052 48976
053 62378
054 65467
055 07274
056 16400
057 09588
058 54432
059 39657
060 84351
061 07666
062 82862
063 81432
064 21000
065 36602
066 81789
067 51357
068 53408
069 26280
070 30286
071 83602
072 61504
073 74539
074 61497
075 22972
076 50352
077 56748
078 98690
079 85460
080 68021
081 66549
082 04129
083 95020
084 34522
085 86688
086 79392
087 14194
088 21515
089 28131
090 72987
091 22977
092 59872
093 50058
094 50556
095 89707
096 10216
097 26555
098 30452
099 97062
100 86171
101 25701
102 94111
103 07644
104 30670
105 27640
106 63867
107 82101
108 43351
109 98936
110 33204
111 70440
112 16867
113 01775
114 13094
115 49193
116 19273
117 17039
118 19843
119 39050
120 19427
