001 34696
002 78452
003 70292
004 50834
005 51572
006 42544
007 57307
008 52844
009 61250
010 56535
011 31405
012 43087
013 50156
014 43571
015 52777
016 47031
017 90402
018 11489
019 36823
020 28382
021 20582
022 87269
023 71768
024 80141
025 33093
026 84551
027 04119
028 00981
029 74450
030 76505
031 33898
032 30130
033 62047
034 07064
035 58606
036 51519
037 45475
038 19058
039 79245
040 40086
041 30437
042 88520
043 50471
044 05840
045 28464
046 64285
047 03870
048 24756
049 90413
050 78040
051 69171
052 90064
053 16888
054 54330
055 74649
056 54897
057 47905
058 53367
059 93209
060 48457
061 13191
062 99925
063 28104
064 16286
065 11524
066 44754
067 86214
068 32457
069 53389
070 37873
071 21292
072 41237
073 91468
074 42824
075 63402
076 24968
077 58949
078 91903
079 71128
080 86221
081 27177
082 50345
083 38528
084 51009
085 33614
086 53108
087 87215
088 16337
089 91501
090 07252
091 68289
092 77603
093 20740
094 18950
095 18146
096 42984
097 01660
098 79056
099 76415
100 21962
101 53096
102 34525
103 78989
104 94681
105 42643
106 39270
107 07012
108 41108
109 80353
110 64861
111 22452
112 51493
113 00682
114 68420
115 59666
116 61594
117 51906
118 38542
119 60628
120 04555

