001 38741
002 64368
003 75333
004 44155
005 59071
006 74042
007 25027
008 62577
009 00133
010 98586
011 84471
012 36988
013 50541
014 91767
015 41491
016 26354
017 93886
018 94613
019 49984
020 97641
021 61937
022 99909
023 56474
024 84168
025 11639
026 88486
027 22764
028 89197
029 18930
030 49816
031 89056
032 53272
033 89137
034 67004
035 95362
036 54371
037 78035
038 52427
039 98994
040 40982
041 86682
042 56198
043 59349
044 05035
045 42444
046 77287
047 14085
048 79825
049 30603
050 19542
051 49164
052 70447
053 89222
054 80351
055 87887
056 22171
057 44038
058 75774
059 25570
060 64295
061 27805
062 25251
063 16582
064 33335
065 90449
066 47169
067 39383
068 99251
069 77887
070 46973
071 91388
072 62054
073 99042
074 66370
075 96666
076 36355
077 05412
078 83668
079 55706
080 77495
081 70412
082 40719
083 30008
084 35161
085 87053
086 10953
087 31926
088 05757
089 32172
090 91673
091 55931
092 81187
093 52665
094 68394
095 01171
096 53378
097 27361
098 47646
099 87341
100 22625
101 17744
102 92096
103 76521
104 13284
105 88942
106 00460
107 07137
108 59021
109 64816
110 42105
111 66312
112 69848
113 83460
114 97659
115 95418
116 69198
117 92672
118 53559
119 10124
120 03137

