001 94314
002 11625
003 09384
004 99985
005 84783
006 70511
007 28322
008 13613
009 83639
010 49821
011 34913
012 96676
013 05607
014 49294
015 66340
016 57555
017 34536
018 29621
019 83190
020 30768
021 27879
022 30094
023 40321
024 92855
025 17345
026 40851
027 00134
028 03456
029 68215
030 95904
031 28319
032 04703
033 73319
034 13701
035 74269
036 06544
037 14536
038 31051
039 45133
040 56913
041 85549
042 05174
043 74416
044 95907
045 99539
046 97570
047 25261
048 06510
049 50084
050 57026
051 86639
052 21281
053 32064
054 46941
055 41622
056 49734
057 19249
058 85309
059 29581
060 14139
061 73619
062 36740
063 61219
064 26286
065 67459
066 72226
067 66308
068 29943
069 82276
070 66815
071 07049
072 76912
073 45312
074 21880
075 41401
076 62280
077 78495
078 35123
079 28796
080 77306
081 65237
082 41380
083 77846
084 62791
085 16225
086 20603
087 89294
088 49940
089 75645
090 57936
091 96407
092 52006
093 72348
094 80282
095 20849
096 39127
097 89376
098 42529
099 86735
100 45477
101 80478
102 21065
103 08471
104 24632
105 20722
106 28348
107 62831
108 83708
109 79222
110 13499
111 94970
112 83821
113 68124
114 72962
115 96984
116 59885
117 26763
118 09624
119 24046
120 93034

