001 39449
002 81816
003 88192
004 55006
005 66706
006 79256
007 93569
008 42034
009 34605
010 56301
011 38893
012 90168
013 07374
014 81138
015 49952
016 41565
017 62639
018 00429
019 89937
020 84559
021 12226
022 17873
023 70221
024 49517
025 63104
026 49594
027 48289
028 28312
029 71878
030 57419
031 00116
032 34390
033 12313
034 52739
035 30608
036 06132
037 01296
038 55220
039 82146
040 21705
041 60544
042 99550
043 06974
044 81627
045 92721
046 17214
047 65060
048 97490
049 30955
050 60782
051 70265
052 10842
053 16039
054 54999
055 94460
056 92471
057 23040
058 64605
059 42505
060 07215
061 02792
062 03921
063 72669
064 22641
065 46377
066 51081
067 34546
068 31461
069 47904
070 15095
071 81391
072 23231
073 45909
074 73295
075 84937
076 07780
077 14969
078 74316
079 52155
080 78028
081 85157
082 06603
083 96933
084 15500
085 03477
086 01620
087 00576
088 44771
089 61860
090 79600
091 35368
092 25117
093 03917
094 81745
095 84750
096 46743
097 10427
098 14067
099 73338
100 99997
101 24473
102 55183
103 56837
104 06433
105 04906
106 30542
107 11508
108 94504
109 71413
110 20323
111 59879
112 41356
113 84771
114 03515
115 93788
116 25431
117 10760
118 77780
119 18171
120 73679

