001 80903
002 29314
003 26754
004 85743
005 97461
006 34528
007 85081
008 08204
009 10778
010 59922
011 59659
012 51819
013 49388
014 84432
015 33369
016 04830
017 28986
018 08989
019 92376
020 56459
021 21450
022 27606
023 00564
024 64371
025 05091
026 41189
027 67319
028 80188
029 66378
030 75182
031 47191
032 66117
033 26376
034 04958
035 71924
036 14751
037 20528
038 06472
039 76974
040 10332
041 85382
042 66713
043 44854
044 99934
045 34375
046 42131
047 73207
048 38757
049 42675
050 86243
051 01969
052 49248
053 55247
054 13798
055 46466
056 76014
057 57187
058 57666
059 07656
060 95114
061 29262
062 90002
063 98869
064 82760
065 10564
066 65322
067 18010
068 29467
069 51230
070 83708
071 02489
072 83635
073 82577
074 67983
075 72726
076 72485
077 16477
078 73083
079 53014
080 35578
081 89666
082 10692
083 38256
084 76567
085 44646
086 65273
087 84961
088 95103
089 25089
090 36192
091 81363
092 33014
093 59894
094 96663
095 09420
096 77723
097 16095
098 17606
099 45570
100 37127
101 33223
102 00493
103 69354
104 12884
105 32588
106 34407
107 85573
108 33281
109 95669
110 66720
111 14778
112 16194
113 29200
114 32186
115 08207
116 94079
117 31447
118 51388
119 19159
120 74633
