001 60575
002 37601
003 70163
004 86955
005 69467
006 56470
007 00222
008 50988
009 04856
010 69751
011 12762
012 66262
013 33547
014 11331
015 26802
016 16241
017 03480
018 78003
019 30317
020 99278
021 41055
022 07124
023 41760
024 38222
025 03174
026 56082
027 48365
028 74712
029 47352
030 75787
031 86970
032 31481
033 27608
034 40580
035 90375
036 68276
037 77974
038 41311
039 63294
040 89395
041 94232
042 66200
043 28101
044 08999
045 23544
046 42639
047 40302
048 77792
049 87204
050 98758
051 32950
052 98802
053 66880
054 61764
055 29965
056 67912
057 16649
058 64441
059 36204
060 86147
061 46655
062 35095
063 29091
064 89808
065 83247
066 24408
067 94929
068 49459
069 06722
070 91570
071 66557
072 17522
073 67385
074 86760
075 07481
076 84823
077 10434
078 73495
079 90787
080 75442
081 00237
082 47685
083 69726
084 96935
085 92084
086 05079
087 64098
088 06084
089 02028
090 33716
091 50512
092 75258
093 49909
094 14079
095 66015
096 53575
097 44237
098 85417
099 70845
100 09674
101 27315
102 41731
103 27402
104 74311
105 50857
106 76069
107 40414
108 52477
109 22972
110 17498
111 76112
112 09521
113 61849
114 26330
115 26019
116 79785
117 49808
118 53901
119 29151
120 27331

