001 89935
002 45976
003 61735
004 90994
005 28550
006 38108
007 13481
008 74141
009 26194
010 29907
011 40639
012 46130
013 91971
014 40023
015 77250
016 32227
017 76989
018 44886
019 28564
020 09047
021 55684
022 34552
023 65956
024 18678
025 12863
026 75569
027 95744
028 75932
029 76390
030 06883
031 25940
032 18202
033 75689
034 67219
035 01757
036 57738
037 73173
038 15716
039 29179
040 66600
041 15151
042 95466
043 08222
044 00756
045 60894
046 39117
047 43747
048 17039
049 49212
050 49064
051 49995
052 00186
053 89795
054 11369
055 32454
056 05908
057 63623
058 42970
059 83852
060 07122
061 58418
062 30212
063 18405
064 35434
065 58687
066 98467
067 80812
068 43232
069 68521
070 06303
071 50839
072 70241
073 63644
074 47892
075 26052
076 79466
077 80833
078 47052
079 69898
080 86818
081 60912
082 77201
083 51595
084 28999
085 72058
086 08303
087 99699
088 01273
089 02593
090 52930
091 04559
092 39758
093 33326
094 44450
095 17714
096 70566
097 24206
098 31356
099 06994
100 01243
101 83072
102 45839
103 64799
104 74752
105 80415
106 04572
107 08413
108 22978
109 88451
110 03158
111 85756
112 51515
113 33835
114 77650
115 43549
116 98415
117 38219
118 07292
119 37373
120 02496

