001 39021
002 40866
003 73221
004 00444
005 65069
006 43617
007 98088
008 33707
009 10736
010 37697
011 94759
012 79454
013 48585
014 44436
015 46714
016 37946
017 30805
018 24028
019 07301
020 88619
021 19384
022 62374
023 78934
024 35659
025 70836
026 98026
027 52672
028 74255
029 49668
030 81698
031 73125
032 60256
033 94314
034 89064
035 06695
036 96941
037 65443
038 16097
039 41845
040 95380
041 76695
042 48196
043 17594
044 17974
045 09028
046 91503
047 00044
048 59089
049 77932
050 21992
051 66964
052 18896
053 76953
054 53654
055 06462
056 01796
057 85281
058 63501
059 49450
060 15490
061 35672
062 62478
063 24589
064 30398
065 74834
066 96230
067 29912
068 51748
069 61846
070 83524
071 17077
072 69585
073 99586
074 35922
075 26386
076 93231
077 59315
078 11606
079 60884
080 63153
081 14863
082 74661
083 85978
084 35236
085 57127
086 23954
087 48301
088 00403
089 71548
090 73382
091 89073
092 40885
093 77813
094 86212
095 45372
096 53652
097 50145
098 24341
099 45787
100 36150
101 44657
102 91322
103 06104
104 58939
105 37716
106 78134
107 46781
108 66086
109 37821
110 13357
111 48678
112 65334
113 68081
114 04785
115 32866
116 97921
117 12169
118 86377
119 38323
120 71100
