001 20108
002 84289
003 43674
004 21039
005 22607
006 21992
007 96215
008 89272
009 11636
010 64342
011 88833
012 30598
013 15276
014 66435
015 71187
016 39425
017 87845
018 94886
019 86021
020 74262
021 83891
022 64191
023 70171
024 62339
025 89110
026 40034
027 14640
028 86321
029 31728
030 70897
031 21248
032 40542
033 50095
034 73249
035 96196
036 86637
037 04046
038 84893
039 01076
040 74611
041 29752
042 41399
043 69578
044 14449
045 93002
046 75064
047 66653
048 17062
049 08553
050 98943
051 86174
052 58801
053 41433
054 52041
055 02938
056 00036
057 69653
058 93763
059 72522
060 20566
061 64577
062 69256
063 86396
064 06158
065 13429
066 09576
067 58218
068 18814
069 88025
070 56929
071 80444
072 93762
073 69512
074 57483
075 86521
076 98398
077 54573
078 47850
079 45923
080 60158
081 54430
082 61763
083 53428
084 30267
085 23693
086 15506
087 90496
088 92570
089 51626
090 17178
091 21500
092 66732
093 87694
094 38993
095 45754
096 07763
097 29164
098 93031
099 89806
100 45833
101 65831
102 00262
103 33180
104 15202
105 91663
106 26686
107 98323
108 53051
109 23203
110 65977
111 05443
112 52353
113 55791
114 62958
115 57947
116 41054
117 15045
118 63621
119 02368
120 78179
