001 39010
002 72989
003 45880
004 45872
005 28371
006 61964
007 20845
008 01425
009 34259
010 50685
011 98261
012 37741
013 48562
014 95581
015 16225
016 22464
017 38522
018 85805
019 22774
020 59077
021 41998
022 45241
023 07974
024 57802
025 43804
026 27479
027 39175
028 38720
029 35882
030 82675
031 43608
032 67422
033 01006
034 72096
035 85474
036 21773
037 97376
038 35014
039 77621
040 92086
041 93430
042 68941
043 02658
044 67687
045 43968
046 18330
047 47051
048 01690
049 63206
050 48144
051 19190
052 59598
053 56518
054 95511
055 47229
056 49559
057 45092
058 26459
059 57993
060 01891
061 61760
062 45466
063 46305
064 83508
065 11847
066 92782
067 90096
068 77598
069 62716
070 76549
071 72694
072 46597
073 84510
074 34793
075 78352
076 15112
077 59464
078 90136
079 85798
080 51903
081 22388
082 82469
083 62085
084 95704
085 95114
086 81413
087 03458
088 40391
089 69869
090 95675
091 50283
092 44656
093 17541
094 15349
095 46943
096 61459
097 15096
098 83198
099 31729
100 61707
101 25891
102 18324
103 90339
104 62629
105 21918
106 66826
107 74197
108 64062
109 00762
110 50324
111 96065
112 63542
113 31808
114 06443
115 58093
116 97145
117 35730
118 27394
119 79227
120 12837

