001 56859
002 50962
003 29364
004 37039
005 40585
006 67863
007 73559
008 92067
009 46219
010 24692
011 13027
012 48121
013 85289
014 90605
015 97127
016 44844
017 68689
018 77113
019 17762
020 06814
021 75812
022 35029
023 40222
024 67606
025 21696
026 03360
027 26695
028 63568
029 93985
030 11350
031 70607
032 54291
033 21112
034 27850
035 45856
036 92999
037 67653
038 04592
039 37325
040 48138
041 44331
042 60598
043 16262
044 44069
045 48120
046 67115
047 69633
048 19595
049 22313
050 50088
051 56509
052 09639
053 55633
054 19378
055 01770
056 48740
057 57530
058 09909
059 48007
060 24708
061 49979
062 04026
063 69850
064 20609
065 16598
066 66667
067 85840
068 78676
069 54796
070 40210
071 59862
072 94058
073 31779
074 57043
075 04631
076 48004
077 71619
078 28637
079 79660
080 14704
081 90218
082 63616
083 78802
084 32619
085 68040
086 03335
087 40353
088 15147
089 17020
090 60092
091 50217
092 30046
093 98416
094 13521
095 73079
096 01903
097 75350
098 53164
099 36542
100 98402
101 60304
102 43618
103 30642
104 16297
105 63819
106 71854
107 56755
108 00296
109 59278
110 47947
111 53822
112 81121
113 21439
114 34922
115 23572
116 27703
117 90850
118 19760
119 34291
120 71159
