001 86046
002 23756
003 38825
004 97039
005 10989
006 33040
007 96339
008 00770
009 71051
010 73611
011 82632
012 22011
013 99164
014 26458
015 16940
016 31233
017 54170
018 80064
019 84250
020 37745
021 12666
022 21341
023 09594
024 80217
025 61568
026 04248
027 24330
028 02193
029 16025
030 97425
031 94230
032 51086
033 00951
034 58431
035 50903
036 79061
037 04714
038 66688
039 49189
040 31220
041 20148
042 57674
043 96464
044 90403
045 44539
046 44934
047 41495
048 30289
049 28642
050 25780
051 59344
052 44611
053 92882
054 59441
055 60648
056 76602
057 25839
058 65539
059 78381
060 92442
061 52511
062 00061
063 18282
064 47379
065 80261
066 37020
067 85940
068 36294
069 54903
070 93054
071 13294
072 36907
073 41097
074 54971
075 10646
076 94284
077 08545
078 39489
079 50608
080 14298
081 14518
082 93326
083 27840
084 80118
085 56664
086 53277
087 68675
088 43022
089 36685
090 05198
091 40594
092 62061
093 53717
094 43464
095 98189
096 70434
097 88888
098 28610
099 80981
100 89370
101 39006
102 25184
103 67885
104 93517
105 20181
106 56697
107 83182
108 36460
109 20889
110 21369
111 32206
112 87310
113 46240
114 62426
115 12178
116 96926
117 51396
118 04836
119 52737
120 04077
