001 33880
002 22791
003 55866
004 44304
005 45452
006 67314
007 63766
008 78754
009 27584
010 27225
011 81903
012 85166
013 84843
014 27163
015 75914
016 14816
017 97400
018 64029
019 70330
020 60161
021 90083
022 19172
023 36699
024 53842
025 06905
026 42658
027 69238
028 36908
029 51083
030 24145
031 49097
032 90163
033 26139
034 29202
035 49114
036 43364
037 28185
038 84667
039 51469
040 73859
041 33672
042 30753
043 45559
044 90201
045 80694
046 06584
047 41273
048 00857
049 97423
050 75490
051 37268
052 21686
053 91257
054 14284
055 76677
056 96083
057 14252
058 50770
059 65221
060 13276
061 10666
062 30822
063 95910
064 31318
065 74874
066 84593
067 80491
068 53900
069 06226
070 06645
071 35882
072 44284
073 75537
074 16001
075 74530
076 89265
077 41293
078 01934
079 97183
080 43813
081 62139
082 14189
083 38971
084 81002
085 55622
086 37798
087 29278
088 96465
089 97535
090 20072
091 98827
092 29096
093 61564
094 96396
095 96921
096 16407
097 85212
098 94266
099 46906
100 28361
101 23024
102 23174
103 66469
104 20776
105 04478
106 61033
107 04757
108 92386
109 98671
110 97024
111 28437
112 74110
113 82241
114 03464
115 70124
116 17692
117 12288
118 13780
119 09401
120 56023
