001 69162
002 11048
003 47725
004 44916
005 84997
006 50663
007 83839
008 50446
009 81790
010 28524
011 88879
012 25921
013 62912
014 31233
015 28535
016 02192
017 71151
018 23914
019 43732
020 91798
021 58155
022 95822
023 96756
024 60304
025 86268
026 83440
027 69540
028 56461
029 95678
030 88777
031 19798
032 97809
033 56855
034 10038
035 27903
036 80795
037 52203
038 35350
039 04238
040 66773
041 70787
042 02772
043 29183
044 56592
045 42981
046 90647
047 89992
048 15124
049 74467
050 25192
051 46164
052 65940
053 02959
054 02324
055 64632
056 89277
057 62328
058 57974
059 31898
060 25897
061 93529
062 13487
063 90745
064 78770
065 33156
066 62570
067 93463
068 19667
069 68138
070 92073
071 39523
072 27046
073 61020
074 87902
075 93503
076 26071
077 41907
078 09791
079 13783
080 64021
081 55233
082 27604
083 98414
084 82722
085 34439
086 32567
087 90951
088 69601
089 24547
090 07630
091 40538
092 54042
093 25961
094 82526
095 34194
096 40104
097 51455
098 12103
099 07205
100 53264
101 61007
102 45815
103 97561
104 81259
105 32452
106 35623
107 18557
108 84234
109 69841
110 00512
111 51717
112 96487
113 27431
114 68669
115 18940
116 41378
117 36814
118 03740
119 23551
120 32149

