001 28844
002 74968
003 86057
004 04949
005 31644
006 57792
007 53796
008 99585
009 31032
010 62452
011 37731
012 25932
013 45637
014 76965
015 00803
016 55873
017 73908
018 57520
019 55714
020 00787
021 39886
022 73860
023 41075
024 26628
025 35111
026 83699
027 24330
028 47817
029 59862
030 80297
031 90053
032 24621
033 31678
034 03560
035 11841
036 92377
037 53116
038 96157
039 13054
040 72271
041 62649
042 08365
043 94076
044 67251
045 39631
046 20901
047 71982
048 09406
049 28379
050 09079
051 56947
052 07873
053 30426
054 54290
055 26653
056 31151
057 66847
058 68515
059 00570
060 17617
061 29030
062 90424
063 41888
064 21412
065 03365
066 34597
067 44373
068 91009
069 64189
070 42999
071 70159
072 28752
073 50816
074 93618
075 89945
076 31280
077 05215
078 55371
079 32290
080 91996
081 02607
082 45730
083 47211
084 58448
085 13262
086 69555
087 11202
088 95707
089 53170
090 41356
091 68005
092 16988
093 21818
094 96832
095 60719
096 20737
097 87135
098 52356
099 17776
100 19198
101 74666
102 02753
103 32014
104 39329
105 21879
106 41094
107 86158
108 94202
109 13261
110 22502
111 85901
112 09583
113 07661
114 00793
115 72705
116 23854
117 21142
118 56439
119 59467
120 25235
