001 58989
002 77466
003 15411
004 65756
005 99687
006 55904
007 18482
008 12817
009 49209
010 39698
011 11349
012 99481
013 62029
014 60750
015 11139
016 83573
017 63394
018 80616
019 75317
020 52039
021 82354
022 53118
023 62611
024 59489
025 53423
026 40515
027 77037
028 21066
029 70920
030 04728
031 80088
032 83624
033 50727
034 84310
035 06151
036 51393
037 25527
038 28290
039 51250
040 21094
041 32203
042 97043
043 05913
044 11842
045 15231
046 39788
047 74681
048 28169
049 66111
050 67368
051 56458
052 83342
053 90105
054 22387
055 83336
056 81526
057 92025
058 52339
059 55834
060 89736
061 65437
062 64674
063 68196
064 14286
065 28925
066 08431
067 94837
068 20470
069 22755
070 16840
071 07846
072 25747
073 81659
074 98938
075 65349
076 25354
077 25358
078 35145
079 85498
080 84746
081 96427
082 13339
083 68384
084 77548
085 99836
086 28906
087 56259
088 12588
089 20431
090 58281
091 06109
092 48581
093 35457
094 92182
095 66269
096 16043
097 64071
098 39979
099 99447
100 26728
101 36392
102 31644
103 26524
104 20296
105 67797
106 54360
107 60183
108 06820
109 40324
110 74374
111 50942
112 53977
113 99119
114 65642
115 01524
116 88834
117 10002
118 41729
119 64607
120 40363
