001 38464
002 48399
003 07263
004 69080
005 91498
006 58079
007 85361
008 71632
009 76283
010 82186
011 59656
012 71739
013 04367
014 62990
015 70543
016 96300
017 14458
018 21106
019 13202
020 14946
021 10918
022 47595
023 74189
024 46240
025 52267
026 59612
027 83205
028 31458
029 19853
030 63652
031 35200
032 39793
033 17344
034 24284
035 44982
036 06442
037 80197
038 68909
039 63418
040 03056
041 62731
042 41375
043 97388
044 72336
045 51009
046 94422
047 58097
048 62913
049 27546
050 81818
051 62773
052 45476
053 74952
054 57418
055 37782
056 08129
057 16209
058 12780
059 08585
060 40773
061 30515
062 79226
063 86008
064 21433
065 52601
066 56304
067 34539
068 72770
069 50933
070 01410
071 26808
072 75885
073 01462
074 80282
075 74358
076 23600
077 15057
078 08714
079 33205
080 49084
081 32669
082 75035
083 35416
084 68585
085 96599
086 27185
087 82357
088 72958
089 92272
090 63455
091 98506
092 37031
093 04188
094 76923
095 79348
096 91485
097 69945
098 51171
099 12974
100 75046
101 65683
102 82981
103 10989
104 73973
105 73159
106 20017
107 91740
108 77558
109 65620
110 55207
111 34761
112 42101
113 87596
114 36261
115 48383
116 45874
117 11977
118 13129
119 57915
120 55404

