001 98415
002 76915
003 16170
004 87875
005 73059
006 32101
007 75291
008 44221
009 66465
010 93151
011 79322
012 74064
013 89649
014 11038
015 23725
016 84971
017 91919
018 59064
019 33757
020 97346
021 92199
022 98484
023 93056
024 45372
025 38957
026 82137
027 51904
028 30681
029 03500
030 39023
031 84764
032 31365
033 15385
034 80685
035 41877
036 13253
037 58695
038 48283
039 66696
040 29690
041 39425
042 54289
043 67083
044 64856
045 00160
046 53783
047 14709
048 73181
049 28186
050 61402
051 94888
052 86113
053 46350
054 39871
055 18707
056 19484
057 55499
058 05820
059 95280
060 46554
061 82688
062 07678
063 64703
064 60979
065 87119
066 47788
067 58345
068 38187
069 95843
070 45914
071 28855
072 39516
073 93355
074 77863
075 40753
076 80997
077 15555
078 91753
079 85155
080 87440
081 20977
082 46559
083 62826
084 30532
085 44605
086 19998
087 86249
088 68003
089 78279
090 55082
091 65781
092 86537
093 74149
094 94433
095 28125
096 94152
097 45905
098 09228
099 83902
100 16298
101 43095
102 22715
103 73374
104 71163
105 27027
106 78104
107 07636
108 17316
109 34602
110 94269
111 22062
112 45048
113 16365
114 61126
115 45099
116 90864
117 73190
118 53686
119 80788
120 28483

