001 22774
002 68973
003 35734
004 30157
005 15454
006 60721
007 60694
008 89219
009 45528
010 70281
011 29751
012 02600
013 22943
014 56250
015 63666
016 36098
017 07058
018 95856
019 02624
020 99297
021 09521
022 72428
023 69372
024 91861
025 66736
026 30753
027 80020
028 73227
029 00722
030 94431
031 18438
032 60367
033 34187
034 99793
035 59013
036 44580
037 71195
038 89407
039 58457
040 67899
041 72392
042 23409
043 49812
044 79607
045 67298
046 02249
047 61203
048 51583
049 24951
050 63788
051 43750
052 69824
053 07741
054 05811
055 05756
056 03855
057 90509
058 91988
059 29664
060 17266
061 06863
062 24006
063 08587
064 01774
065 22045
066 71992
067 36754
068 02093
069 91833
070 56699
071 05684
072 29747
073 45280
074 68449
075 17281
076 09956
077 57199
078 81344
079 41017
080 51697
081 93370
082 30860
083 29817
084 02381
085 86755
086 68537
087 03645
088 76651
089 88961
090 14972
091 81628
092 05228
093 66699
094 80732
095 35341
096 30625
097 34110
098 86076
099 52970
100 18760
101 54070
102 90061
103 76507
104 48703
105 99654
106 75846
107 71339
108 09733
109 17389
110 92044
111 54773
112 65879
113 66866
114 80976
115 89875
116 31979
117 33501
118 41585
119 68041
120 93618
