001 08983
002 15524
003 51304
004 99456
005 35597
006 75444
007 53076
008 08816
009 32632
010 55664
011 36990
012 36825
013 03938
014 20693
015 22869
016 62606
017 93113
018 60580
019 33496
020 53825
021 85834
022 78677
023 49223
024 50454
025 27178
026 42081
027 14720
028 23547
029 88559
030 93653
031 49673
032 02730
033 16127
034 79743
035 15266
036 95745
037 67411
038 89186
039 96820
040 79140
041 88647
042 35449
043 84608
044 89164
045 70803
046 69678
047 32656
048 11583
049 89351
050 91411
051 76830
052 19427
053 49870
054 32142
055 56585
056 79558
057 28471
058 80628
059 30916
060 03783
061 87864
062 50316
063 40549
064 90447
065 71472
066 29473
067 15895
068 67005
069 94106
070 64132
071 94168
072 49883
073 34069
074 67895
075 76314
076 49596
077 17915
078 80041
079 42140
080 89777
081 15324
082 41239
083 36278
084 48590
085 34875
086 40572
087 21563
088 09729
089 53756
090 78412
091 01058
092 20120
093 72879
094 44452
095 67935
096 23867
097 13705
098 52728
099 78576
100 56784
101 60379
102 16040
103 03517
104 74178
105 58339
106 79458
107 74042
108 33869
109 29780
110 68862
111 43510
112 50038
113 53635
114 14450
115 31702
116 21414
117 39117
118 10083
119 82220
120 90043

