001 46581
002 58713
003 69680
004 95298
005 29373
006 16401
007 24827
008 80561
009 75559
010 47671
011 84646
012 55207
013 57078
014 72839
015 25492
016 24376
017 56757
018 00800
019 07852
020 07026
021 54511
022 87664
023 05351
024 80816
025 75411
026 57499
027 89576
028 76862
029 75687
030 17613
031 50251
032 20769
033 93375
034 41377
035 12843
036 91281
037 57086
038 79319
039 87749
040 89405
041 42494
042 38885
043 15393
044 12928
045 10575
046 10174
047 11157
048 88323
049 11286
050 87973
051 29769
052 10820
053 62599
054 49728
055 19253
056 22257
057 31540
058 67908
059 10150
060 55539
061 25271
062 13202
063 52436
064 46646
065 71648
066 32731
067 78175
068 53597
069 46895
070 48164
071 38504
072 74437
073 03534
074 74872
075 08526
076 67575
077 11991
078 99634
079 19806
080 39451
081 51095
082 08698
083 54394
084 41320
085 52431
086 97485
087 97162
088 69958
089 26436
090 42978
091 12975
092 26539
093 51710
094 03817
095 95776
096 61598
097 69003
098 90107
099 15342
100 68921
101 67109
102 58500
103 79446
104 70006
105 80215
106 68574
107 49483
108 54603
109 72206
110 09852
111 21144
112 92948
113 88114
114 72192
115 82640
116 62198
117 67503
118 49406
119 92525
120 41989
