001 44484
002 31173
003 25083
004 19891
005 50808
006 99432
007 48665
008 08200
009 55042
010 05276
011 30370
012 07333
013 02923
014 44508
015 63787
016 80494
017 50938
018 25752
019 22798
020 16519
021 58969
022 84559
023 28595
024 20619
025 51152
026 49735
027 56997
028 97072
029 75894
030 34885
031 50482
032 02929
033 80971
034 18731
035 81025
036 77027
037 93150
038 87754
039 84952
040 02766
041 15926
042 31165
043 62142
044 47665
045 60366
046 04472
047 67355
048 13265
049 88148
050 62548
051 20918
052 19692
053 84422
054 13663
055 88967
056 30605
057 91353
058 68064
059 15694
060 25872
061 82323
062 56181
063 94770
064 87128
065 76634
066 96716
067 75498
068 72389
069 95883
070 30541
071 57981
072 08872
073 21529
074 22637
075 79356
076 83213
077 04682
078 83981
079 36877
080 64448
081 71560
082 10465
083 75503
084 41147
085 77217
086 40298
087 23593
088 64835
089 79026
090 64696
091 43781
092 18133
093 70631
094 64429
095 06379
096 97331
097 62186
098 00506
099 68201
100 58069
101 01292
102 53895
103 29095
104 85927
105 61409
106 86723
107 58727
108 26535
109 12833
110 49113
111 16731
112 42685
113 63703
114 46377
115 42573
116 86394
117 95743
118 13399
119 12330
120 93263

