001 82303
002 64283
003 23196
004 04755
005 34649
006 62499
007 01193
008 64597
009 52875
010 17367
011 25249
012 94937
013 52726
014 06479
015 77792
016 93312
017 02016
018 57398
019 68179
020 09913
021 08843
022 31012
023 82395
024 20072
025 44845
026 68346
027 84997
028 99614
029 32294
030 66251
031 46039
032 62047
033 06563
034 93373
035 63851
036 60375
037 07508
038 02745
039 57745
040 02117
041 78089
042 98875
043 71541
044 68478
045 79747
046 79031
047 94933
048 94737
049 36807
050 91381
051 76069
052 51664
053 41393
054 72103
055 35204
056 24307
057 86590
058 07701
059 48931
060 90720
061 59517
062 10959
063 32629
064 63384
065 75765
066 89680
067 41586
068 96445
069 99708
070 25706
071 74389
072 61042
073 24882
074 13095
075 93971
076 36447
077 73479
078 25157
079 85557
080 41685
081 78674
082 10656
083 53096
084 19465
085 33110
086 10547
087 83134
088 33793
089 83586
090 72791
091 92720
092 10736
093 79293
094 75088
095 35417
096 15958
097 33479
098 47667
099 35157
100 83133
101 65104
102 18409
103 02939
104 82470
105 24380
106 70165
107 45640
108 54430
109 19421
110 93572
111 27510
112 36850
113 08537
114 59843
115 53253
116 75483
117 26849
118 03943
119 64978
120 11891

