001 79536
002 70992
003 00478
004 68913
005 81378
006 48770
007 89225
008 76059
009 67601
010 71958
011 81804
012 04432
013 64588
014 73587
015 64386
016 83661
017 84277
018 27052
019 88429
020 19302
021 25651
022 72251
023 52357
024 27312
025 92821
026 15912
027 09162
028 20546
029 16611
030 33057
031 20890
032 63830
033 80574
034 30994
035 27349
036 39575
037 01501
038 79963
039 05802
040 70612
041 11867
042 87274
043 23887
044 98658
045 63441
046 04771
047 37945
048 42997
049 32012
050 62748
051 35208
052 70581
053 58363
054 84504
055 42082
056 59319
057 63171
058 95314
059 60679
060 15945
061 76745
062 08109
063 87286
064 60188
065 85549
066 09892
067 40895
068 49080
069 99998
070 11944
071 37431
072 57833
073 04956
074 53980
075 09796
076 74493
077 60895
078 90002
079 90556
080 89511
081 91875
082 99570
083 65745
084 25982
085 30275
086 79652
087 56722
088 88181
089 81682
090 00524
091 48242
092 53385
093 41236
094 88151
095 57550
096 49216
097 29813
098 85065
099 75633
100 14540
101 07158
102 85756
103 88999
104 29042
105 11531
106 03321
107 43691
108 17106
109 70482
110 93016
111 35573
112 43399
113 48972
114 83484
115 53705
116 58902
117 75634
118 01272
119 30353
120 66405

