001 88959
002 29934
003 09887
004 39741
005 02856
006 87121
007 30430
008 48596
009 53365
010 37506
011 68269
012 74218
013 48171
014 87414
015 66496
016 37803
017 67074
018 75297
019 53925
020 99819
021 02593
022 78543
023 48202
024 30556
025 92274
026 13550
027 34897
028 68649
029 24659
030 02369
031 94273
032 19345
033 52981
034 61730
035 74765
036 69895
037 36004
038 17427
039 68725
040 51389
041 17348
042 60752
043 85455
044 53314
045 04657
046 61657
047 80807
048 57017
049 09000
050 12999
051 51504
052 45467
053 62463
054 19158
055 99989
056 81917
057 32533
058 76171
059 01814
060 31718
061 18077
062 81891
063 16841
064 48894
065 59309
066 78314
067 33326
068 02066
069 68695
070 48121
071 77432
072 65744
073 19009
074 53632
075 42159
076 10453
077 33620
078 83618
079 35245
080 12261
081 93821
082 95661
083 60304
084 30000
085 54851
086 00529
087 87395
088 17080
089 99497
090 50425
091 62811
092 92868
093 43530
094 93830
095 48143
096 73144
097 46310
098 41322
099 42205
100 11848
101 85795
102 60317
103 37621
104 53668
105 87913
106 34924
107 59708
108 95363
109 52001
110 70924
111 27655
112 84269
113 67624
114 20463
115 43123
116 03068
117 19830
118 96553
119 20163
120 35623
