001 53095
002 14878
003 76363
004 90509
005 69363
006 10842
007 55376
008 50775
009 61147
010 80937
011 53855
012 57814
013 19561
014 09636
015 90412
016 18699
017 78149
018 55894
019 21236
020 61245
021 13840
022 90010
023 27463
024 67955
025 03389
026 32253
027 13523
028 57799
029 95981
030 63146
031 44486
032 37700
033 39934
034 16483
035 20221
036 94432
037 41714
038 91226
039 38470
040 98369
041 90597
042 50043
043 86706
044 64048
045 95080
046 14895
047 44617
048 95991
049 19488
050 99789
051 45536
052 87960
053 20915
054 31462
055 90177
056 25633
057 77667
058 22135
059 04567
060 59809
061 06475
062 79525
063 47719
064 31903
065 13955
066 85014
067 56914
068 25115
069 55259
070 86108
071 52840
072 27157
073 39915
074 46374
075 66862
076 72491
077 82776
078 63694
079 11447
080 70760
081 78115
082 43255
083 96706
084 77546
085 19078
086 78636
087 97434
088 33224
089 15384
090 45554
091 73425
092 62869
093 71423
094 67552
095 23470
096 60827
097 33139
098 76112
099 58410
100 41488
101 71567
102 82952
103 74949
104 10476
105 63809
106 29907
107 43987
108 48497
109 00121
110 76740
111 54428
112 55186
113 23223
114 86220
115 12660
116 73011
117 97537
118 09184
119 46175
120 16896

