001 63889
002 77244
003 69738
004 44282
005 68115
006 21584
007 54716
008 69100
009 87934
010 96970
011 98400
012 69059
013 31505
014 97674
015 34314
016 62237
017 61126
018 80455
019 49646
020 59022
021 20718
022 21368
023 82985
024 19877
025 04396
026 29653
027 41152
028 11622
029 16279
030 83062
031 04090
032 67111
033 22795
034 20616
035 17700
036 47324
037 76952
038 76662
039 27696
040 12804
041 44306
042 17310
043 46190
044 24681
045 91702
046 19960
047 22590
048 06897
049 13748
050 53732
051 81154
052 45858
053 23277
054 32033
055 89663
056 27049
057 58222
058 68845
059 63249
060 40478
061 78011
062 73771
063 95955
064 56917
065 27536
066 51467
067 14986
068 16189
069 31262
070 20200
071 35879
072 26029
073 62786
074 76387
075 82001
076 36610
077 21907
078 84183
079 77629
080 07706
081 82453
082 87481
083 15291
084 18166
085 66720
086 67591
087 76629
088 47426
089 75046
090 51976
091 78279
092 49384
093 36886
094 57640
095 22120
096 75098
097 92757
098 88837
099 27143
100 49368
101 87946
102 48650
103 21459
104 63881
105 68359
106 06017
107 68822
108 56567
109 06265
110 60453
111 99704
112 22319
113 09332
114 78903
115 25491
116 15889
117 40829
118 36482
119 13805
120 64683

