001 97997
002 39798
003 02353
004 09961
005 43912
006 91341
007 39558
008 00688
009 48134
010 22130
011 63277
012 58985
013 50831
014 04935
015 96546
016 10525
017 23000
018 27773
019 08005
020 94362
021 95186
022 11505
023 05410
024 58972
025 91551
026 78514
027 31963
028 54770
029 14667
030 42999
031 88708
032 59535
033 62800
034 11814
035 03678
036 10668
037 38404
038 51480
039 09334
040 38910
041 42842
042 92600
043 37941
044 33635
045 38140
046 83340
047 60643
048 82894
049 61632
050 59159
051 73757
052 98897
053 24655
054 74792
055 01601
056 73648
057 27295
058 86167
059 46712
060 22927
061 04165
062 28071
063 50810
064 83572
065 85844
066 58902
067 91158
068 28798
069 68608
070 28063
071 43408
072 32563
073 46655
074 85388
075 81395
076 96217
077 61498
078 47644
079 56770
080 15713
081 10799
082 59291
083 91546
084 66099
085 58539
086 09835
087 69285
088 17050
089 56755
090 79020
091 18157
092 93598
093 73378
094 27746
095 86102
096 69811
097 77914
098 43128
099 99572
100 33864
101 35016
102 21707
103 69021
104 09801
105 65390
106 67297
107 91045
108 38927
109 78788
110 87846
111 99987
112 30384
113 77479
114 06681
115 60121
116 23348
117 78859
118 79962
119 30992
120 82039

