001 49097
002 14267
003 41666
004 67240
005 82347
006 04032
007 82216
008 54757
009 07114
010 13198
011 69181
012 96281
013 99453
014 21698
015 25969
016 65704
017 63160
018 90160
019 22717
020 28922
021 54101
022 56057
023 37571
024 83324
025 04517
026 59379
027 24163
028 31082
029 33244
030 25053
031 39571
032 87294
033 38704
034 98004
035 41110
036 83433
037 95922
038 82318
039 09470
040 73131
041 81219
042 06500
043 18844
044 93505
045 12676
046 55320
047 00156
048 66120
049 72455
050 15146
051 20112
052 39655
053 64435
054 29438
055 45360
056 83192
057 02563
058 76113
059 66546
060 51262
061 30147
062 15869
063 36080
064 92244
065 69412
066 42717
067 54582
068 86666
069 34950
070 19508
071 38623
072 47301
073 01818
074 53601
075 70581
076 62785
077 92682
078 64960
079 78991
080 33196
081 77249
082 74805
083 49317
084 89402
085 16209
086 58469
087 65224
088 70872
089 55551
090 90119
091 07129
092 02622
093 31406
094 26503
095 05075
096 20761
097 01964
098 13687
099 48766
100 84833
101 68657
102 26749
103 21811
104 00052
105 05831
106 30816
107 52484
108 95855
109 35279
110 56627
111 83975
112 92641
113 66330
114 28128
115 17286
116 59092
117 76145
118 93581
119 30149
120 68697

