001 86462
002 99948
003 08646
004 51119
005 03582
006 20309
007 77052
008 28849
009 30274
010 65412
011 75207
012 95103
013 49613
014 42553
015 39046
016 29288
017 38601
018 25033
019 96877
020 48734
021 61294
022 70098
023 70139
024 66969
025 79032
026 95824
027 98989
028 02585
029 88407
030 84281
031 05620
032 82126
033 92131
034 21508
035 49248
036 94475
037 95956
038 98118
039 98998
040 53701
041 03919
042 79212
043 32478
044 44056
045 22670
046 76248
047 18062
048 33916
049 87728
050 95067
051 57276
052 32662
053 24495
054 47552
055 52911
056 75118
057 95194
058 90362
059 80992
060 85105
061 71097
062 86954
063 73529
064 64740
065 93711
066 06898
067 89605
068 56350
069 10138
070 79311
071 96784
072 56702
073 94091
074 28758
075 30846
076 63550
077 72417
078 92631
079 01264
080 69053
081 23996
082 87560
083 12291
084 08894
085 60241
086 10245
087 59289
088 56145
089 23576
090 12921
091 40518
092 73580
093 38262
094 33251
095 80421
096 82414
097 74747
098 38074
099 43448
100 88534
101 34893
102 44117
103 60653
104 84007
105 94887
106 23199
107 53792
108 36528
109 46618
110 07390
111 38422
112 60642
113 35270
114 26469
115 80941
116 80266
117 72887
118 65900
119 01853
120 86376
