001 05929
002 69886
003 39358
004 24945
005 12351
006 21507
007 83823
008 34327
009 88191
010 52166
011 26532
012 17116
013 80036
014 46247
015 63718
016 07850
017 95667
018 87210
019 53562
020 47183
021 62416
022 19984
023 79595
024 59820
025 10401
026 45656
027 24227
028 40915
029 65223
030 69766
031 48965
032 79971
033 60840
034 47293
035 85487
036 62461
037 41054
038 55507
039 08769
040 91721
041 79035
042 85236
043 41525
044 94466
045 30772
046 11740
047 61146
048 41482
049 51015
050 44925
051 64457
052 88642
053 77458
054 53768
055 30686
056 37560
057 01355
058 11011
059 26231
060 20665
061 12475
062 95455
063 29765
064 49512
065 15853
066 94830
067 76930
068 99474
069 26600
070 21841
071 98819
072 61841
073 02449
074 38612
075 27940
076 84956
077 35660
078 92585
079 66174
080 66765
081 13262
082 29968
083 49328
084 89786
085 53427
086 65350
087 80595
088 90571
089 67468
090 35020
091 60957
092 13852
093 31776
094 29892
095 57020
096 11161
097 72927
098 97983
099 07986
100 83379
101 36816
102 63917
103 88150
104 17267
105 97514
106 40897
107 77998
108 71102
109 76485
110 75988
111 45575
112 23287
113 68332
114 83010
115 06836
116 73674
117 51094
118 33200
119 96167
120 88199
