001 37154
002 21814
003 18215
004 95394
005 08870
006 74610
007 37440
008 55777
009 59611
010 50533
011 81385
012 58884
013 94912
014 12552
015 76200
016 71714
017 39410
018 32696
019 61508
020 50785
021 31608
022 23054
023 38027
024 92716
025 29925
026 51948
027 96444
028 42630
029 78831
030 82861
031 75630
032 95746
033 38638
034 00861
035 73181
036 11239
037 50903
038 15412
039 46925
040 90240
041 32786
042 65192
043 26830
044 87836
045 48945
046 17904
047 93998
048 56538
049 61729
050 76842
051 43050
052 82059
053 77485
054 05037
055 90013
056 92379
057 51819
058 90697
059 69437
060 94263
061 31645
062 84481
063 02660
064 82148
065 22444
066 95828
067 06556
068 54057
069 30893
070 16523
071 71208
072 29697
073 70540
074 95241
075 61387
076 70564
077 40066
078 19419
079 96754
080 57179
081 89125
082 97927
083 89871
084 06797
085 00069
086 50195
087 41007
088 35750
089 22327
090 32747
091 02448
092 06445
093 22241
094 06136
095 86711
096 72222
097 12840
098 37549
099 13028
100 04578
101 16636
102 67469
103 53419
104 70186
105 50578
106 16208
107 72619
108 89074
109 85414
110 98408
111 21518
112 24065
113 88481
114 61790
115 55794
116 57060
117 28459
118 91436
119 70436
120 18157
