001 62012
002 07863
003 64109
004 37971
005 60796
006 35672
007 36245
008 58159
009 81269
010 61424
011 83069
012 38748
013 46946
014 83901
015 62478
016 40262
017 47150
018 40037
019 78056
020 54690
021 13682
022 08367
023 42615
024 75221
025 41746
026 97060
027 31547
028 35632
029 29275
030 94893
031 57803
032 91710
033 43718
034 75768
035 14297
036 60824
037 21678
038 59007
039 26183
040 10528
041 15483
042 42568
043 59974
044 35207
045 40932
046 31030
047 72615
048 74638
049 60216
050 07681
051 29233
052 76044
053 76749
054 79336
055 60079
056 81597
057 73355
058 39887
059 36766
060 27569
061 46118
062 53817
063 05597
064 19740
065 53603
066 32794
067 70967
068 77142
069 84343
070 06902
071 79962
072 06439
073 79586
074 75085
075 07581
076 72983
077 58807
078 96398
079 84792
080 13328
081 98461
082 37640
083 76800
084 76423
085 84808
086 48467
087 45161
088 05823
089 10324
090 35668
091 40895
092 63800
093 00638
094 00427
095 99950
096 63063
097 00467
098 29737
099 17880
100 08941
101 38650
102 96251
103 44798
104 16607
105 96251
106 67274
107 72286
108 78663
109 72868
110 44391
111 07951
112 45325
113 28586
114 19152
115 35264
116 59740
117 06083
118 91816
119 42900
120 54839
