001 22317
002 48608
003 43258
004 72513
005 11989
006 78773
007 12484
008 94610
009 46499
010 03653
011 50279
012 45241
013 26985
014 08939
015 31429
016 12647
017 64114
018 92120
019 40528
020 43263
021 74969
022 20717
023 71790
024 99722
025 80796
026 48189
027 76755
028 93768
029 35277
030 55152
031 96164
032 43370
033 66640
034 26668
035 69248
036 49821
037 18565
038 50535
039 79556
040 49748
041 77807
042 22620
043 16252
044 75248
045 85235
046 13165
047 00104
048 47123
049 42835
050 10590
051 15694
052 82336
053 27332
054 36045
055 30680
056 82523
057 90937
058 75657
059 42830
060 35513
061 35325
062 80290
063 97143
064 48238
065 83702
066 84170
067 08791
068 42512
069 51830
070 15525
071 67237
072 41424
073 16198
074 08438
075 16641
076 65120
077 99412
078 54907
079 68166
080 98602
081 33792
082 14936
083 27118
084 59330
085 65163
086 06238
087 80659
088 55483
089 09200
090 65684
091 71539
092 17454
093 15255
094 18280
095 98259
096 81089
097 33395
098 52529
099 24998
100 16644
101 51567
102 56203
103 85126
104 19613
105 06283
106 52864
107 31131
108 89947
109 55623
110 21711
111 41554
112 18659
113 61002
114 33433
115 25863
116 88096
117 67762
118 06176
119 64847
120 82240
