001 20407
002 01525
003 31169
004 91349
005 97695
006 68042
007 14544
008 17167
009 05311
010 46074
011 00516
012 02436
013 74656
014 52244
015 97585
016 39645
017 83854
018 23980
019 00473
020 93662
021 43113
022 53984
023 75413
024 50006
025 91513
026 17947
027 51153
028 94631
029 79549
030 64723
031 89300
032 67928
033 17546
034 68128
035 73637
036 86233
037 59002
038 81425
039 47248
040 11239
041 44574
042 03949
043 81354
044 87520
045 37829
046 35065
047 46686
048 15575
049 53863
050 46075
051 98321
052 31433
053 75445
054 26454
055 83686
056 30931
057 80870
058 45073
059 31805
060 94576
061 39987
062 87799
063 14387
064 64599
065 69327
066 03381
067 38674
068 79082
069 21648
070 94337
071 50496
072 75327
073 39674
074 32943
075 95608
076 77102
077 71515
078 44626
079 25694
080 11580
081 55456
082 04304
083 20110
084 21671
085 00914
086 41505
087 22265
088 43851
089 21253
090 24283
091 28010
092 27511
093 28911
094 38783
095 24627
096 82494
097 70462
098 80657
099 71335
100 54503
101 28436
102 90883
103 84450
104 49114
105 75194
106 07767
107 40662
108 48999
109 43222
110 28429
111 20070
112 04745
113 94448
114 01957
115 74814
116 65186
117 74880
118 80286
119 23240
120 74870

