001 21124
002 84626
003 24942
004 55293
005 01037
006 79659
007 45111
008 09834
009 08073
010 35115
011 62312
012 64193
013 18029
014 88299
015 34065
016 59441
017 74280
018 51686
019 99881
020 50728
021 34945
022 33463
023 96708
024 61671
025 90551
026 65416
027 79153
028 87736
029 24255
030 27488
031 68110
032 68126
033 86253
034 80509
035 72308
036 30170
037 34652
038 00565
039 25882
040 09509
041 76574
042 48635
043 91789
044 90795
045 76274
046 48645
047 76363
048 31386
049 25693
050 12713
051 05347
052 82237
053 05256
054 11967
055 39891
056 75623
057 71215
058 05093
059 10496
060 89006
061 76606
062 18153
063 63940
064 95293
065 60471
066 50709
067 81965
068 16762
069 35330
070 93304
071 44003
072 89599
073 56423
074 03293
075 05006
076 54250
077 03845
078 15669
079 16754
080 25830
081 44037
082 12536
083 39318
084 91529
085 09774
086 66396
087 92615
088 63538
089 87932
090 18497
091 24264
092 96723
093 15652
094 02992
095 13000
096 42795
097 15415
098 93230
099 81809
100 65098
101 58433
102 79226
103 54744
104 27510
105 03578
106 91003
107 12045
108 98127
109 80100
110 82648
111 38757
112 44610
113 11269
114 38650
115 42937
116 76280
117 15244
118 88040
119 88954
120 41103

