001 07827
002 53212
003 76707
004 55531
005 78459
006 09732
007 02708
008 20687
009 74964
010 83560
011 83121
012 23189
013 18232
014 40130
015 89742
016 45770
017 93903
018 69508
019 51899
020 69503
021 59164
022 66244
023 22502
024 66553
025 10048
026 28628
027 45872
028 92654
029 36444
030 80388
031 48175
032 01472
033 63257
034 48151
035 64385
036 12339
037 03781
038 07780
039 81310
040 07496
041 10998
042 90348
043 41398
044 50719
045 79175
046 86464
047 21843
048 10747
049 59623
050 29106
051 95881
052 12414
053 15429
054 08531
055 30573
056 79146
057 95741
058 36158
059 06711
060 42604
061 43454
062 98791
063 32719
064 60011
065 19553
066 11852
067 44504
068 43132
069 92326
070 90727
071 76298
072 06895
073 87205
074 12588
075 46585
076 61570
077 60577
078 45644
079 19279
080 01597
081 68150
082 53709
083 31002
084 71390
085 06426
086 96221
087 17355
088 01985
089 61943
090 64925
091 67852
092 58958
093 93402
094 21240
095 22045
096 26669
097 37350
098 53818
099 92696
100 20212
101 56220
102 05846
103 07148
104 53696
105 96732
106 79136
107 57529
108 08781
109 58993
110 43598
111 57961
112 52587
113 83754
114 45018
115 82476
116 85661
117 71450
118 33599
119 21459
120 07078

