001 92886
002 33805
003 70668
004 18473
005 06043
006 17695
007 48996
008 31060
009 08692
010 40418
011 02805
012 92459
013 41265
014 84313
015 49162
016 83058
017 47287
018 64651
019 18218
020 42021
021 52550
022 24141
023 77077
024 69247
025 21418
026 60465
027 73567
028 08326
029 97018
030 84912
031 20395
032 81167
033 57906
034 25927
035 04710
036 14424
037 76438
038 49988
039 83235
040 97921
041 93320
042 65149
043 24367
044 03917
045 46387
046 38983
047 59443
048 54064
049 32737
050 94353
051 68989
052 51344
053 85654
054 52796
055 65006
056 60993
057 71312
058 82312
059 69481
060 10725
061 16158
062 12853
063 37167
064 30890
065 98248
066 17612
067 09076
068 83868
069 04775
070 65148
071 27671
072 41578
073 26740
074 87697
075 58226
076 32811
077 98975
078 77629
079 81949
080 80691
081 55522
082 92797
083 17329
084 47205
085 42581
086 21013
087 55775
088 34482
089 90897
090 38438
091 76311
092 15571
093 61689
094 08485
095 19349
096 51383
097 73781
098 04320
099 86399
100 32402
101 07081
102 87631
103 76857
104 84392
105 60406
106 98191
107 15280
108 07597
109 00526
110 51161
111 60670
112 45947
113 26412
114 53338
115 60920
116 35158
117 56075
118 25918
119 20407
120 81026

