001 65555
002 36442
003 87192
004 90754
005 91041
006 69026
007 99703
008 98539
009 38393
010 79839
011 85486
012 19766
013 35799
014 06631
015 88169
016 62644
017 72855
018 06382
019 92569
020 88904
021 30358
022 35737
023 10979
024 71563
025 56095
026 55014
027 09269
028 00735
029 84544
030 38938
031 35565
032 47492
033 19949
034 71184
035 31867
036 29223
037 14194
038 32771
039 97722
040 54494
041 45656
042 27082
043 32829
044 12446
045 05426
046 96307
047 51044
048 78319
049 42810
050 61400
051 80178
052 92090
053 87293
054 40935
055 71862
056 49313
057 94395
058 40324
059 08713
060 96933
061 04557
062 12475
063 20947
064 87699
065 11814
066 22311
067 50545
068 84361
069 19496
070 40688
071 21553
072 09727
073 24465
074 79365
075 64108
076 89180
077 55039
078 27939
079 97317
080 08945
081 85932
082 30684
083 60887
084 23001
085 18822
086 99513
087 82768
088 44552
089 22130
090 88530
091 48554
092 24759
093 12030
094 32049
095 70860
096 35692
097 30378
098 46482
099 14790
100 54154
101 66201
102 85609
103 74132
104 29144
105 32835
106 25701
107 53477
108 10868
109 96281
110 94121
111 72838
112 00423
113 67677
114 82085
115 05772
116 69428
117 78393
118 68282
119 97834
120 06331

