001 31918
002 07373
003 36374
004 66068
005 17158
006 22803
007 44138
008 10908
009 63826
010 40166
011 77714
012 77747
013 09035
014 13245
015 73800
016 14595
017 57343
018 24134
019 25886
020 46357
021 11756
022 42971
023 79256
024 44135
025 46737
026 -
027 -
028 -
029 -
030 27916
031 59843
032 84980
033 24242
034 59197
035 27984
036 57153
037 28951
038 11858
039 07342
040 20346
041 14326
042 76333
043 45568
044 59781
045 06359
046 58361
047 47710
048 03885
049 52012
050 92532
051 42589
052 50160
053 19913
054 51693
055 28197
056 43237
057 73697
058 48305
059 34118
060 56555
061 53384
062 11401
063 32050
064 32388
065 06796
066 39733
067 52429
068 81017
069 19887
070 48475
071 24079
072 02030
073 99254
074 26773
075 98121
076 69786
077 06908
078 80444
079 65675
080 22121
081 30895
082 80161
083 51312
084 50719
085 38290
086 05513
087 78757
088 95416
089 56463
090 74237
091 14782
092 93286
093 99563
094 05248
095 55890
096 51107
097 37120
098 00292
099 11163
100 04228
101 00114
102 90679
103 42229
104 79289
105 85598
106 51237
107 46827
108 28655
109 99968
110 24756
111 56828
112 05215
113 72527
114 80345
115 48079
116 59092
117 41229
118 56423
119 49350
120 74858

