001 50960
002 59720
003 50214
004 60232
005 78387
006 73685
007 53212
008 94913
009 55110
010 43147
011 84052
012 41438
013 05174
014 06680
015 35310
016 83864
017 38423
018 54606
019 76072
020 40255
021 06773
022 69571
023 21126
024 42488
025 10180
026 90512
027 65969
028 33175
029 59407
030 10478
031 99584
032 17265
033 98337
034 62706
035 72874
036 25558
037 93085
038 01291
039 19810
040 89845
041 55493
042 46592
043 20429
044 42265
045 12574
046 91682
047 87824
048 55199
049 46187
050 54456
051 18913
052 81295
053 80030
054 70188
055 08465
056 50708
057 34087
058 25882
059 92727
060 05581
061 58745
062 52295
063 60382
064 41595
065 87814
066 70491
067 93709
068 61755
069 20380
070 04623
071 95085
072 72900
073 59156
074 60210
075 51362
076 95313
077 00543
078 60232
079 91852
080 56138
081 65532
082 93638
083 44344
084 18868
085 45502
086 33259
087 86668
088 84512
089 65582
090 95721
091 92821
092 98297
093 94577
094 29035
095 78466
096 47559
097 14692
098 90886
099 64809
100 46524
101 37221
102 68958
103 70564
104 32168
105 77259
106 89720
107 78088
108 44547
109 91232
110 33250
111 08932
112 69222
113 41169
114 44879
115 76714
116 07977
117 28632
118 55584
119 35058
120 81255

