001 90718
002 05087
003 97176
004 66106
005 36040
006 86939
007 07241
008 64707
009 07762
010 04423
011 29575
012 15758
013 55021
014 39292
015 08510
016 75470
017 54494
018 05813
019 24309
020 01093
021 79674
022 44588
023 67700
024 40107
025 72017
026 20978
027 98306
028 77218
029 17207
030 79449
031 92592
032 84954
033 40490
034 87673
035 30604
036 64402
037 56075
038 40837
039 41773
040 46505
041 79307
042 75124
043 57903
044 35913
045 68186
046 60218
047 96838
048 28271
049 01365
050 60746
051 45170
052 06835
053 87012
054 40526
055 23060
056 51115
057 75761
058 67751
059 69970
060 75700
061 42097
062 47177
063 68884
064 81351
065 39421
066 49105
067 99518
068 27038
069 73670
070 38846
071 86845
072 88585
073 13623
074 26515
075 14941
076 49334
077 18012
078 29609
079 27766
080 83435
081 58577
082 57135
083 49375
084 95424
085 48868
086 07932
087 54988
088 09981
089 65260
090 97663
091 09308
092 34545
093 81989
094 15272
095 48941
096 70239
097 74452
098 51546
099 32297
100 83493
101 77785
102 93893
103 61776
104 58600
105 56656
106 55530
107 64314
108 96748
109 15699
110 64905
111 25622
112 47247
113 06660
114 84134
115 85990
116 65742
117 15770
118 24663
119 87465
120 90216

