001 89941
002 09026
003 48818
004 44000
005 86438
006 48981
007 39309
008 76006
009 05742
010 37566
011 68118
012 49739
013 89696
014 72506
015 72805
016 23958
017 21290
018 64770
019 71600
020 54190
021 78856
022 42937
023 56640
024 30220
025 61714
026 53735
027 46917
028 22747
029 16489
030 86588
031 38878
032 92421
033 43820
034 49421
035 10941
036 05272
037 98521
038 54728
039 32352
040 30355
041 05554
042 94983
043 58417
044 10534
045 85844
046 20847
047 26294
048 53265
049 40325
050 22097
051 50184
052 21905
053 40869
054 75179
055 09210
056 95576
057 12988
058 58496
059 09167
060 44408
061 16931
062 19591
063 88344
064 86507
065 03054
066 58527
067 98382
068 66244
069 75102
070 87463
071 21922
072 60339
073 29152
074 76055
075 84497
076 51392
077 82286
078 66768
079 03072
080 08422
081 74761
082 70159
083 75577
084 56197
085 58015
086 61212
087 40839
088 82139
089 71775
090 83587
091 35692
092 26695
093 59045
094 25340
095 93263
096 05563
097 81785
098 39794
099 71770
100 12802
101 99663
102 34215
103 46389
104 00545
105 45180
106 51237
107 08662
108 61812
109 18136
110 56620
111 21901
112 70064
113 80612
114 02403
115 62198
116 09682
117 13948
118 27956
119 81076
120 46671
