001 12442
002 02856
003 18265
004 06865
005 87432
006 42597
007 45244
008 96557
009 22098
010 29499
011 24961
012 92740
013 76037
014 39203
015 29536
016 69081
017 74146
018 66707
019 86125
020 02688
021 73964
022 14227
023 79297
024 44863
025 87914
026 07073
027 94852
028 26440
029 85865
030 37994
031 29353
032 07292
033 82247
034 65591
035 46279
036 09675
037 74139
038 98483
039 03328
040 80430
041 24023
042 43449
043 05474
044 48588
045 66116
046 04020
047 63450
048 57231
049 49445
050 03750
051 91937
052 06746
053 38590
054 16998
055 79222
056 60869
057 08105
058 52783
059 34126
060 47756
061 94459
062 77903
063 00216
064 39614
065 67306
066 95534
067 80344
068 46990
069 68444
070 56187
071 34733
072 93733
073 24774
074 14692
075 85970
076 66976
077 91239
078 36534
079 79483
080 25675
081 32979
082 60625
083 34885
084 35428
085 44324
086 06004
087 21175
088 65779
089 13044
090 83539
091 41289
092 63021
093 09694
094 75432
095 81378
096 89717
097 35072
098 89054
099 39709
100 96918
101 80258
102 14668
103 85197
104 74878
105 05282
106 45116
107 74065
108 48490
109 44479
110 79817
111 99163
112 21611
113 50266
114 17972
115 71288
116 47876
117 23482
118 76208
119 39971
120 79775

