001 55429
002 44255
003 98330
004 85045
005 60874
006 62966
007 34999
008 04114
009 11833
010 12530
011 83196
012 88595
013 00320
014 29492
015 42866
016 95545
017 20386
018 87314
019 72767
020 07075
021 62540
022 50745
023 20839
024 78777
025 43943
026 55032
027 23762
028 75388
029 45942
030 62839
031 71925
032 44438
033 25385
034 89836
035 01278
036 11505
037 27544
038 08332
039 00979
040 77761
041 90814
042 40436
043 89929
044 82761
045 02160
046 55495
047 51937
048 48482
049 20184
050 10019
051 88986
052 06899
053 13698
054 07624
055 09550
056 41205
057 34641
058 01084
059 41353
060 02786
061 64012
062 01557
063 56328
064 60365
065 28789
066 70760
067 79088
068 32226
069 64516
070 02806
071 19026
072 96799
073 73505
074 28339
075 63145
076 75496
077 89561
078 24686
079 10963
080 51932
081 95259
082 84265
083 21985
084 14789
085 67375
086 60610
087 11013
088 24178
089 08919
090 83940
091 89356
092 70196
093 39707
094 40876
095 05265
096 72769
097 85431
098 08104
099 89135
100 18909
101 26318
102 47463
103 43655
104 98161
105 47197
106 70092
107 03472
108 27071
109 55269
110 02156
111 52601
112 31605
113 11957
114 29809
115 26586
116 94271
117 88040
118 08660
119 33672
120 30003
