001 58570
002 65433
003 34966
004 48707
005 08582
006 58131
007 23677
008 96463
009 26077
010 41079
011 84307
012 50336
013 99079
014 90064
015 35105
016 00692
017 46482
018 91735
019 33678
020 97293
021 21031
022 63575
023 43575
024 44281
025 75554
026 55355
027 79146
028 54916
029 95630
030 65525
031 90242
032 57365
033 63095
034 88297
035 39440
036 59740
037 47722
038 67144
039 00721
040 80210
041 73960
042 14584
043 94245
044 90593
045 08689
046 36814
047 33992
048 68078
049 51771
050 71173
051 31168
052 94755
053 66883
054 55885
055 66819
056 01593
057 68087
058 78114
059 10108
060 18987
061 48102
062 97073
063 90721
064 41695
065 32277
066 99234
067 70666
068 11881
069 74685
070 14829
071 63594
072 07096
073 85961
074 81973
075 70739
076 84187
077 05496
078 21090
079 41597
080 79681
081 19058
082 84726
083 96783
084 26233
085 62353
086 71285
087 32110
088 70749
089 45051
090 51351
091 58427
092 96191
093 63645
094 71430
095 75038
096 38034
097 22331
098 40558
099 47872
100 89197
101 10163
102 92556
103 47827
104 73323
105 78523
106 47477
107 04992
108 24324
109 77434
110 86516
111 07482
112 01954
113 78975
114 28184
115 43171
116 99238
117 02825
118 30183
119 79276
120 56637
