001 26993
002 71704
003 24548
004 06053
005 00739
006 90166
007 17340
008 54988
009 72335
010 06735
011 47776
012 45548
013 05016
014 87453
015 38804
016 72681
017 94713
018 86759
019 68188
020 13015
021 52417
022 41447
023 45120
024 57510
025 38530
026 04159
027 15544
028 31777
029 63449
030 33004
031 03221
032 01670
033 82135
034 26114
035 56692
036 91331
037 28416
038 63243
039 93519
040 65889
041 23839
042 11606
043 03301
044 98387
045 89555
046 25650
047 52018
048 49643
049 55484
050 44061
051 26788
052 90131
053 47649
054 62199
055 72710
056 33655
057 33420
058 05330
059 89362
060 77375
061 91346
062 13353
063 86866
064 77464
065 82348
066 65925
067 88677
068 47332
069 62488
070 39480
071 15662
072 22858
073 92205
074 34432
075 09433
076 49578
077 22266
078 53441
079 35328
080 93866
081 30563
082 30230
083 12274
084 21076
085 16829
086 00171
087 84334
088 79111
089 72218
090 49687
091 11282
092 62533
093 88977
094 01630
095 23880
096 35716
097 25560
098 43903
099 25268
100 61686
101 14396
102 53795
103 94502
104 54173
105 39731
106 54883
107 18806
108 03564
109 77274
110 31227
111 61045
112 33133
113 20157
114 73613
115 36997
116 51166
117 90100
118 94918
119 80999
120 50142

