001 27030
002 93578
003 47256
004 71054
005 72246
006 60355
007 39461
008 28703
009 85807
010 32451
011 21867
012 60714
013 71221
014 15674
015 48627
016 03748
017 75924
018 28200
019 03717
020 69662
021 16345
022 77503
023 31184
024 73337
025 70042
026 87367
027 46528
028 17339
029 38606
030 33145
031 01469
032 12491
033 76172
034 35892
035 50777
036 10205
037 25904
038 19883
039 53373
040 13367
041 34140
042 19136
043 37868
044 43159
045 37910
046 78592
047 76792
048 49157
049 91047
050 15908
051 74571
052 58385
053 67140
054 88925
055 54990
056 34352
057 24517
058 91507
059 43264
060 02243
061 08040
062 59578
063 76033
064 34500
065 33574
066 81170
067 63246
068 25487
069 27080
070 73496
071 35141
072 96255
073 04592
074 55203
075 08975
076 63719
077 93803
078 13314
079 50023
080 31097
081 93453
082 39597
083 10970
084 91696
085 01999
086 06188
087 34952
088 78229
089 48538
090 91702
091 15074
092 13469
093 93088
094 60233
095 25640
096 83010
097 74102
098 92205
099 42492
100 72071
101 32209
102 48751
103 74654
104 82445
105 34551
106 53488
107 72566
108 56037
109 79964
110 20595
111 68746
112 31495
113 17792
114 11424
115 04576
116 98863
117 85668
118 19842
119 12442
120 67124

