001 65879
002 10834
003 44329
004 63397
005 67132
006 10946
007 21644
008 15212
009 79490
010 41191
011 49358
012 67999
013 65374
014 01008
015 42695
016 45443
017 81866
018 56848
019 53947
020 41966
021 60993
022 06991
023 87759
024 76156
025 76332
026 80374
027 24776
028 64970
029 16938
030 73777
031 28613
032 40737
033 17517
034 54817
035 10710
036 37910
037 80959
038 42449
039 98412
040 78252
041 06159
042 98771
043 10755
044 76328
045 48955
046 22988
047 63203
048 54408
049 21140
050 08687
051 70886
052 45820
053 60989
054 00045
055 95139
056 56989
057 62951
058 19332
059 26600
060 78605
061 24295
062 55660
063 71809
064 93840
065 07022
066 47821
067 85462
068 36151
069 29436
070 18022
071 61322
072 34343
073 63916
074 22476
075 89715
076 74166
077 50863
078 95514
079 20008
080 61940
081 11822
082 29209
083 91004
084 51429
085 69849
086 91494
087 39982
088 29296
089 59962
090 99513
091 32313
092 69574
093 42601
094 97330
095 73087
096 86967
097 63862
098 96365
099 78541
100 94274
101 65377
102 18759
103 71887
104 83365
105 08682
106 37799
107 24684
108 95281
109 07592
110 34658
111 23143
112 45964
113 76408
114 73057
115 05310
116 90335
117 07761
118 41418
119 63158
120 97920
