001 80338
002 45928
003 21884
004 03746
005 09528
006 34435
007 23107
008 01363
009 50271
010 40661
011 38015
012 91923
013 93794
014 94853
015 26867
016 60616
017 80768
018 84888
019 53751
020 93960
021 14044
022 46945
023 96127
024 61120
025 31932
026 44981
027 90611
028 70373
029 63805
030 98439
031 72982
032 92865
033 25357
034 41744
035 44391
036 10149
037 35005
038 85570
039 75748
040 72124
041 20368
042 75161
043 44537
044 39786
045 94047
046 57658
047 15773
048 62394
049 95547
050 20493
051 31592
052 12089
053 87908
054 11494
055 05242
056 75111
057 68675
058 71245
059 83473
060 98536
061 63276
062 15593
063 55239
064 37873
065 10270
066 67544
067 57065
068 09100
069 13399
070 08492
071 91103
072 06890
073 64073
074 93647
075 65283
076 23307
077 86739
078 66929
079 47322
080 02199
081 84469
082 43747
083 90363
084 08462
085 20390
086 70662
087 60100
088 72318
089 22049
090 87533
091 78534
092 77752
093 92308
094 99738
095 85258
096 40148
097 92860
098 39420
099 08980
100 73647
101 73482
102 44978
103 21669
104 55888
105 52834
106 42630
107 11132
108 06710
109 59013
110 26869
111 50653
112 08588
113 42236
114 75349
115 33674
116 54350
117 04457
118 33228
119 53933
120 33840
