001 05033
002 85068
003 65915
004 48904
005 93035
006 32740
007 14374
008 86195
009 72492
010 93085
011 18670
012 99582
013 55962
014 81760
015 81454
016 92325
017 36237
018 13493
019 07529
020 21826
021 99570
022 73275
023 32126
024 61248
025 24001
026 07695
027 01356
028 63914
029 71314
030 46332
031 13733
032 52531
033 35628
034 08298
035 74098
036 00061
037 40316
038 05809
039 11938
040 85249
041 12896
042 60788
043 83656
044 05785
045 11904
046 50212
047 11918
048 12981
049 98668
050 92627
051 94840
052 01258
053 65769
054 89643
055 42119
056 85909
057 61763
058 90483
059 99665
060 64039
061 87830
062 55049
063 33600
064 40129
065 32749
066 64534
067 59240
068 74160
069 23721
070 23597
071 40258
072 55296
073 60396
074 75538
075 22619
076 79688
077 22210
078 07824
079 77260
080 22451
081 85035
082 23432
083 80006
084 36724
085 62057
086 66093
087 11055
088 24348
089 19990
090 40695
091 74812
092 41428
093 37128
094 49437
095 18955
096 93493
097 24497
098 10951
099 58968
100 96352
101 36091
102 06368
103 82394
104 01902
105 55427
106 03494
107 52499
108 77991
109 03713
110 57631
111 95965
112 09037
113 65825
114 79653
115 17873
116 27062
117 32734
118 07709
119 65145
120 09834

