001 80715
002 06571
003 17263
004 42551
005 98369
006 54588
007 14715
008 77610
009 51477
010 01283
011 72582
012 52988
013 53024
014 40036
015 50495
016 16893
017 07625
018 82910
019 78379
020 36447
021 10287
022 37850
023 58675
024 37144
025 63015
026 23936
027 73498
028 96084
029 90869
030 36671
031 32430
032 88976
033 79175
034 45292
035 01716
036 72456
037 86286
038 78602
039 64912
040 17961
041 22376
042 19656
043 11707
044 75591
045 85699
046 35275
047 75150
048 75346
049 66112
050 74777
051 90207
052 62357
053 37659
054 60883
055 57068
056 73077
057 07343
058 75532
059 41483
060 93037
061 41835
062 88966
063 79134
064 92833
065 19763
066 14371
067 54250
068 30735
069 74572
070 40169
071 47195
072 84985
073 12765
074 40806
075 48288
076 66902
077 32167
078 56358
079 82773
080 65532
081 24211
082 81454
083 48049
084 61689
085 96960
086 76111
087 32616
088 92003
089 47960
090 43956
091 23279
092 87417
093 96524
094 63658
095 38265
096 11663
097 97317
098 18251
099 03982
100 62343
101 12290
102 16774
103 19240
104 43286
105 25500
106 35591
107 21379
108 01554
109 33481
110 04862
111 33360
112 56036
113 35341
114 60796
115 62095
116 15788
117 76471
118 48122
119 76059
120 24456

