001 07819
002 69110
003 86074
004 63850
005 77620
006 53559
007 39333
008 36021
009 29848
010 94404
011 99172
012 56188
013 13159
014 85562
015 55905
016 97784
017 25572
018 46318
019 40070
020 36245
021 39653
022 76087
023 68514
024 02144
025 52997
026 37654
027 79832
028 01096
029 78191
030 52975
031 01152
032 79579
033 74448
034 00087
035 39554
036 16870
037 25734
038 89520
039 88030
040 91888
041 04208
042 55183
043 84837
044 83787
045 39484
046 17923
047 89152
048 64190
049 85210
050 40958
051 59471
052 03239
053 86523
054 35438
055 52949
056 61803
057 36713
058 75258
059 91835
060 85559
061 60487
062 67719
063 52249
064 46061
065 81587
066 06474
067 33821
068 16255
069 22882
070 43106
071 94510
072 99069
073 25685
074 03844
075 86427
076 28046
077 68150
078 71776
079 93170
080 03458
081 12256
082 21442
083 18439
084 33728
085 73798
086 72500
087 91333
088 53558
089 64328
090 15556
091 20057
092 60142
093 92902
094 26713
095 52273
096 40815
097 48535
098 85880
099 94856
100 03486
101 90079
102 44141
103 65245
104 75087
105 16863
106 06427
107 99528
108 94330
109 44909
110 04291
111 94771
112 32151
113 78416
114 67291
115 32932
116 56562
117 13588
118 87891
119 73487
120 33514

