001 23123
002 57424
003 66401
004 97671
005 58116
006 30518
007 65438
008 74360
009 06100
010 97100
011 63113
012 14158
013 54626
014 50869
015 85361
016 24017
017 59003
018 46687
019 43148
020 05684
021 51793
022 58726
023 46309
024 94065
025 92168
026 90453
027 37722
028 34686
029 40662
030 98821
031 17774
032 49154
033 92373
034 37062
035 41558
036 07990
037 50024
038 11173
039 57086
040 03374
041 97545
042 81196
043 34716
044 30065
045 86647
046 03083
047 30358
048 92130
049 21740
050 75374
051 21363
052 78093
053 20595
054 85386
055 03835
056 58233
057 94982
058 78613
059 22978
060 66583
061 12002
062 72032
063 58546
064 74906
065 79578
066 23246
067 37338
068 45943
069 52041
070 96765
071 84675
072 66252
073 09171
074 09791
075 84446
076 52080
077 58494
078 59244
079 56290
080 28496
081 49655
082 76915
083 70498
084 08310
085 47460
086 67748
087 01253
088 05702
089 38386
090 01362
091 22714
092 91776
093 56284
094 80972
095 58326
096 26297
097 14764
098 47277
099 53516
100 21558
101 55864
102 99456
103 14860
104 51901
105 38658
106 66788
107 84133
108 00902
109 09490
110 44443
111 41404
112 10373
113 79116
114 68345
115 89982
116 82738
117 57933
118 63467
119 98773
120 63398

