001 05577
002 16057
003 45561
004 10606
005 27395
006 54725
007 13600
008 92266
009 89473
010 13192
011 38899
012 71985
013 72636
014 11409
015 73271
016 82520
017 47625
018 99174
019 56583
020 69831
021 42008
022 49810
023 94008
024 49855
025 83568
026 64238
027 01205
028 07030
029 37254
030 93470
031 93394
032 60706
033 32046
034 32232
035 07685
036 32277
037 48632
038 67397
039 58510
040 61514
041 99494
042 35506
043 75123
044 21891
045 51287
046 56153
047 35911
048 17238
049 49678
050 71181
051 72876
052 53455
053 81992
054 63904
055 13949
056 30534
057 39063
058 53288
059 36425
060 95581
061 21002
062 76343
063 22911
064 85376
065 82093
066 11640
067 05359
068 82673
069 87431
070 75371
071 57141
072 86948
073 96325
074 28686
075 19700
076 31331
077 19490
078 93774
079 22189
080 85520
081 45558
082 38917
083 33809
084 99753
085 85617
086 62642
087 62982
088 84359
089 46073
090 02500
091 25228
092 06439
093 25594
094 42087
095 58363
096 23513
097 81955
098 97397
099 62032
100 96080
101 12928
102 08293
103 70966
104 23987
105 72974
106 84814
107 78309
108 24788
109 13180
110 65641
111 01038
112 94472
113 44396
114 80901
115 67014
116 99326
117 57716
118 91378
119 94615
120 90791
