001 75028
002 40467
003 38348
004 44962
005 23146
006 34209
007 45252
008 27435
009 05537
010 15605
011 20354
012 46577
013 93141
014 80461
015 91519
016 65404
017 35043
018 05892
019 19597
020 96299
021 45397
022 57313
023 87345
024 89165
025 43710
026 77297
027 65380
028 92068
029 46369
030 31614
031 90493
032 40865
033 03818
034 72637
035 86149
036 07117
037 82658
038 22685
039 12929
040 74301
041 15752
042 49467
043 72790
044 80338
045 80001
046 89725
047 33488
048 94080
049 23876
050 46916
051 04274
052 08939
053 80891
054 87672
055 66290
056 55494
057 25488
058 91791
059 47895
060 91520
061 78562
062 22242
063 00338
064 36753
065 44444
066 35291
067 89166
068 82174
069 25228
070 33689
071 85927
072 04249
073 41113
074 89926
075 71628
076 03057
077 75799
078 80539
079 15421
080 41417
081 45959
082 39038
083 69336
084 95538
085 29986
086 05779
087 85851
088 37317
089 22352
090 13761
091 68104
092 35448
093 70560
094 01990
095 13502
096 57305
097 71302
098 33983
099 77579
100 61691
101 27193
102 14087
103 71613
104 13685
105 78892
106 44718
107 57967
108 38471
109 15640
110 87139
111 92210
112 31168
113 62744
114 17813
115 71327
116 92992
117 23193
118 89076
119 71427
120 98686
