001 44124
002 79635
003 36963
004 73487
005 54575
006 00526
007 38069
008 26700
009 21813
010 42566
011 59402
012 83048
013 76605
014 33899
015 35234
016 59595
017 98454
018 68663
019 17596
020 34352
021 02932
022 17092
023 69723
024 88052
025 03944
026 63150
027 71299
028 63474
029 98059
030 29297
031 54107
032 98715
033 54139
034 26414
035 67189
036 24427
037 97021
038 09524
039 32652
040 60835
041 25573
042 84062
043 81270
044 19111
045 93641
046 97447
047 79819
048 51110
049 19142
050 39970
051 56618
052 71984
053 53814
054 35280
055 68960
056 32294
057 66938
058 44317
059 90453
060 11233
061 37159
062 11457
063 57819
064 60027
065 49175
066 30121
067 40595
068 73556
069 86516
070 91770
071 43923
072 43358
073 79965
074 13565
075 20218
076 54263
077 79015
078 18381
079 24319
080 74157
081 17120
082 40658
083 20226
084 09537
085 00007
086 70347
087 41710
088 29152
089 25583
090 34236
091 62849
092 69081
093 09079
094 71870
095 29979
096 68660
097 03275
098 99093
099 72534
100 96299
101 72285
102 75877
103 41506
104 24628
105 03676
106 90362
107 18658
108 07171
109 86793
110 62592
111 61321
112 63374
113 94720
114 93345
115 10269
116 98335
117 13514
118 94557
119 26292
120 14104

