001 31290
002 40893
003 06942
004 88865
005 95711
006 76166
007 44754
008 13796
009 61297
010 92469
011 23494
012 19521
013 96551
014 32401
015 17145
016 12160
017 93498
018 15923
019 04472
020 96825
021 82629
022 52537
023 07450
024 47274
025 78233
026 88273
027 60174
028 36123
029 74926
030 59227
031 47662
032 54550
033 84296
034 69943
035 74506
036 19280
037 55383
038 24691
039 57180
040 17469
041 65467
042 83700
043 86502
044 58122
045 84325
046 41170
047 74866
048 46802
049 56535
050 55971
051 66321
052 02896
053 88662
054 49004
055 14330
056 75516
057 63898
058 63764
059 88113
060 88776
061 59598
062 69478
063 38232
064 40997
065 99315
066 77579
067 55539
068 52840
069 39588
070 31299
071 45193
072 76325
073 55687
074 63097
075 55984
076 07906
077 33779
078 75012
079 18286
080 70838
081 95793
082 14312
083 72432
084 91070
085 31375
086 88496
087 06182
088 47703
089 17162
090 74857
091 13522
092 64506
093 36632
094 78621
095 89975
096 66142
097 87425
098 26661
099 60225
100 35139
101 86418
102 54949
103 58036
104 56775
105 04881
106 55361
107 46327
108 66933
109 47600
110 49765
111 76379
112 53076
113 92378
114 08744
115 11320
116 69668
117 09096
118 68568
119 64191
120 25007

