001 23296
002 03649
003 11993
004 66609
005 51829
006 07458
007 93013
008 50125
009 31203
010 35584
011 62670
012 59512
013 70265
014 69513
015 22605
016 06965
017 52602
018 57682
019 28562
020 30604
021 82113
022 70250
023 14296
024 16554
025 50236
026 25450
027 87185
028 78830
029 91500
030 87472
031 40338
032 79488
033 47237
034 38817
035 23220
036 74876
037 71246
038 31649
039 94053
040 46192
041 53026
042 09522
043 15561
044 72637
045 15962
046 05285
047 41615
048 95599
049 05842
050 85843
051 72475
052 48155
053 36238
054 61242
055 22670
056 69601
057 45872
058 97787
059 58953
060 91152
061 09325
062 57255
063 73480
064 74210
065 99218
066 09260
067 53595
068 02192
069 27775
070 03685
071 75551
072 12350
073 10197
074 47227
075 24615
076 87915
077 61359
078 53366
079 33922
080 76394
081 10264
082 03588
083 31703
084 13943
085 07714
086 95397
087 28090
088 57876
089 41925
090 79696
091 94978
092 69632
093 28611
094 83572
095 71972
096 51509
097 55807
098 52456
099 81660
100 55887
101 72173
102 81093
103 93803
104 90890
105 91304
106 49721
107 79463
108 22395
109 42744
110 49355
111 36045
112 62247
113 04417
114 62302
115 94285
116 21100
117 57016
118 45057
119 96401
120 51291
