001 92907
002 48870
003 67033
004 91329
005 54010
006 18972
007 41839
008 37447
009 73073
010 00772
011 48665
012 45187
013 56394
014 90359
015 44478
016 22653
017 80379
018 31516
019 51496
020 75258
021 17286
022 21861
023 46975
024 80557
025 77761
026 10571
027 26632
028 06502
029 29086
030 93292
031 09423
032 71966
033 32728
034 06750
035 60946
036 12278
037 94116
038 41599
039 25109
040 65420
041 73091
042 77030
043 29799
044 53226
045 96829
046 84542
047 63305
048 25013
049 73137
050 67411
051 76470
052 57628
053 89480
054 51010
055 26091
056 48433
057 87006
058 31974
059 96071
060 18488
061 24899
062 41927
063 06747
064 04394
065 52406
066 60430
067 30396
068 30163
069 06191
070 70727
071 60424
072 81220
073 00295
074 68909
075 98137
076 07736
077 62194
078 46859
079 50574
080 81751
081 82930
082 66265
083 48861
084 51334
085 15205
086 00646
087 85982
088 41330
089 17800
090 28311
091 40993
092 74979
093 76178
094 35932
095 55923
096 91693
097 71207
098 80713
099 76193
100 69564
101 85398
102 08867
103 07271
104 40848
105 78246
106 26727
107 12787
108 82678
109 53763
110 48187
111 42968
112 86389
113 03501
114 85638
115 57842
116 02473
117 55193
118 05384
119 64581
120 60024

