001 37224
002 68359
003 89971
004 27963
005 88894
006 18092
007 99637
008 04284
009 73644
010 85515
011 91368
012 68033
013 11307
014 58308
015 30447
016 41849
017 08864
018 39570
019 78606
020 62873
021 18382
022 86649
023 17135
024 63848
025 09741
026 60047
027 49687
028 79361
029 07551
030 53202
031 54447
032 69613
033 78415
034 52084
035 46531
036 86321
037 04025
038 30965
039 48070
040 77280
041 10446
042 22574
043 13884
044 28778
045 27852
046 91232
047 46008
048 09425
049 14616
050 68419
051 24219
052 62872
053 65721
054 12275
055 80880
056 42380
057 25065
058 75430
059 09656
060 16114
061 65782
062 52798
063 67905
064 63707
065 46802
066 03920
067 19589
068 48626
069 26974
070 47798
071 79773
072 00329
073 89311
074 25067
075 89499
076 63797
077 58742
078 12987
079 65930
080 77347
081 01219
082 31898
083 97134
084 89287
085 41535
086 61440
087 15631
088 51944
089 94343
090 70590
091 48306
092 49505
093 14930
094 71072
095 09400
096 68978
097 69834
098 43401
099 48660
100 59475
101 07057
102 83686
103 75784
104 44660
105 63429
106 32246
107 86038
108 28199
109 71786
110 13128
111 96617
112 18626
113 21251
114 36348
115 99586
116 18267
117 97602
118 47141
119 39738
120 76117

