001 98562
002 06946
003 89441
004 56034
005 61083
006 89912
007 24441
008 44802
009 01006
010 06406
011 56802
012 21345
013 35800
014 35925
015 69402
016 91643
017 22221
018 47044
019 71029
020 84298
021 03615
022 95035
023 12031
024 93117
025 68674
026 46665
027 09936
028 33908
029 50794
030 69543
031 12585
032 94185
033 21200
034 02588
035 56384
036 14483
037 30016
038 40977
039 79242
040 39865
041 76604
042 86531
043 80554
044 12854
045 93240
046 55708
047 25446
048 41271
049 72565
050 62845
051 68119
052 66109
053 89542
054 19235
055 87797
056 45618
057 00141
058 59840
059 87907
060 69253
061 45687
062 08518
063 93662
064 06124
065 06751
066 49656
067 95260
068 90117
069 43940
070 65131
071 52361
072 83242
073 72484
074 71323
075 49630
076 61541
077 94004
078 92827
079 46198
080 75655
081 26130
082 58807
083 69415
084 06375
085 65030
086 27121
087 31205
088 70021
089 85314
090 58688
091 05114
092 88626
093 85212
094 46159
095 61317
096 03563
097 99880
098 55883
099 71284
100 35660
101 10540
102 75134
103 68875
104 86135
105 28855
106 78711
107 89256
108 25219
109 39299
110 60419
111 65334
112 18841
113 43039
114 56098
115 08960
116 98449
117 76800
118 54501
119 17166
120 28128

