001 75356
002 02360
003 40964
004 09079
005 86330
006 02342
007 88879
008 68320
009 81567
010 07249
011 18137
012 69842
013 39227
014 50042
015 71624
016 18133
017 93451
018 93468
019 50398
020 42151
021 23576
022 99126
023 30872
024 51134
025 43721
026 66710
027 79097
028 70631
029 77228
030 75066
031 40914
032 36177
033 86733
034 81412
035 52456
036 86739
037 53274
038 87455
039 66373
040 16522
041 31580
042 12038
043 58873
044 29343
045 73656
046 87213
047 93964
048 24437
049 53041
050 24005
051 20407
052 39093
053 88266
054 47306
055 53992
056 53355
057 84665
058 46840
059 42814
060 69005
061 41973
062 17947
063 14029
064 34082
065 83602
066 58456
067 23671
068 28785
069 95356
070 87357
071 62880
072 33460
073 22075
074 44065
075 97590
076 35131
077 54017
078 75059
079 78963
080 91630
081 91093
082 98735
083 45800
084 91176
085 77432
086 02966
087 67697
088 58082
089 07528
090 07289
091 61582
092 71492
093 57056
094 58400
095 30317
096 90185
097 43924
098 27758
099 04746
100 94697
101 54539
102 72411
103 86872
104 48982
105 73033
106 21059
107 13169
108 61540
109 15232
110 60269
111 54358
112 94426
113 87615
114 66982
115 88594
116 51680
117 32715
118 63767
119 59343
120 27019

