001 92594
002 61194
003 61936
004 95334
005 83202
006 93919
007 81699
008 98895
009 17548
010 32549
011 63364
012 98876
013 74539
014 26466
015 31793
016 09595
017 57806
018 71526
019 58026
020 64379
021 39909
022 58032
023 17973
024 06645
025 87606
026 41539
027 98503
028 37720
029 02758
030 23321
031 55293
032 27005
033 47571
034 28962
035 06496
036 44566
037 84743
038 70390
039 96662
040 40516
041 07658
042 96597
043 64869
044 36918
045 67206
046 28823
047 44968
048 54048
049 66844
050 01052
051 45832
052 09889
053 26186
054 58648
055 29427
056 22854
057 65518
058 04552
059 31046
060 23835
061 03034
062 04337
063 84660
064 94445
065 13864
066 47240
067 61976
068 67501
069 52121
070 52459
071 29434
072 87326
073 67437
074 54535
075 30290
076 90851
077 64710
078 64592
079 95071
080 35910
081 74610
082 54757
083 46200
084 27142
085 71097
086 22247
087 50411
088 80047
089 30771
090 02471
091 65768
092 17013
093 55369
094 78659
095 22642
096 30710
097 30640
098 24460
099 30874
100 17543
101 94110
102 81104
103 89974
104 87250
105 02246
106 22769
107 77504
108 21041
109 24781
110 37578
111 10870
112 65144
113 64693
114 75384
115 69246
116 92175
117 30047
118 07733
119 20313
120 22305

