001 57572
002 87653
003 53500
004 51718
005 69584
006 87623
007 26104
008 91088
009 79286
010 69447
011 37376
012 37079
013 85182
014 78958
015 38979
016 17185
017 62342
018 31151
019 53129
020 29762
021 52055
022 44190
023 64833
024 26529
025 58196
026 62887
027 10585
028 13749
029 05910
030 27750
031 77471
032 88248
033 65449
034 44875
035 31393
036 98605
037 53055
038 33622
039 68340
040 37221
041 47520
042 24127
043 05273
044 13622
045 16092
046 40470
047 97608
048 65396
049 35800
050 74356
051 57982
052 59717
053 28963
054 06816
055 40201
056 16962
057 54601
058 30588
059 47482
060 70216
061 93240
062 16978
063 61014
064 35551
065 11141
066 91614
067 40716
068 54085
069 45393
070 05727
071 09769
072 88310
073 58747
074 25933
075 71984
076 38771
077 93356
078 67245
079 09457
080 55847
081 91845
082 92395
083 73809
084 23432
085 72285
086 79514
087 80737
088 60626
089 01573
090 76793
091 82307
092 62982
093 81585
094 89948
095 16382
096 11050
097 27818
098 51022
099 68297
100 18356
101 57141
102 06619
103 45871
104 02485
105 55881
106 87781
107 94240
108 16993
109 75523
110 25650
111 86416
112 59574
113 18821
114 68213
115 37635
116 99123
117 35304
118 06977
119 12450
120 57151

