001 28333
002 35161
003 58300
004 78492
005 56360
006 25553
007 47968
008 73460
009 71473
010 82488
011 82674
012 45418
013 41424
014 69517
015 00086
016 47945
017 66373
018 84868
019 71127
020 91800
021 64439
022 09401
023 02107
024 33025
025 68178
026 18330
027 13126
028 57949
029 33002
030 98702
031 33582
032 46479
033 01688
034 96882
035 12485
036 52290
037 15868
038 88187
039 38491
040 54698
041 92892
042 78760
043 83660
044 93289
045 74854
046 44703
047 42935
048 04366
049 23174
050 31698
051 28624
052 58536
053 92752
054 78594
055 54264
056 58128
057 05630
058 28066
059 56782
060 83255
061 93304
062 15023
063 35922
064 79039
065 00408
066 25759
067 66998
068 79057
069 52156
070 88039
071 07544
072 99278
073 51502
074 02854
075 25919
076 03145
077 65989
078 66915
079 71509
080 55548
081 86368
082 22457
083 32534
084 30620
085 88508
086 10038
087 03932
088 07521
089 39468
090 44451
091 55931
092 16257
093 70020
094 81441
095 08908
096 42533
097 12832
098 47122
099 90325
100 01794
101 43573
102 77949
103 74234
104 00502
105 79152
106 59605
107 11438
108 45741
109 89957
110 33894
111 25879
112 42798
113 84892
114 50740
115 41349
116 63683
117 01737
118 86110
119 46282
120 83326
