001 37713
002 62976
003 24760
004 15158
005 94177
006 62799
007 77079
008 88393
009 70455
010 05779
011 00549
012 30441
013 21327
014 11392
015 14109
016 55837
017 90975
018 26116
019 29897
020 83719
021 73251
022 71494
023 23349
024 69285
025 28712
026 45735
027 28942
028 85755
029 41029
030 89457
031 41536
032 00919
033 08439
034 57204
035 68960
036 07141
037 49940
038 07287
039 46001
040 80086
041 46779
042 15803
043 12473
044 66342
045 12389
046 23766
047 85603
048 31985
049 89909
050 34214
051 40918
052 29309
053 90810
054 30589
055 01358
056 15761
057 90277
058 62898
059 31271
060 00141
061 70556
062 49800
063 36316
064 16018
065 98473
066 76950
067 65459
068 70685
069 83261
070 78791
071 31982
072 06083
073 29455
074 20398
075 82434
076 54991
077 54417
078 36961
079 46682
080 99869
081 48636
082 79899
083 01589
084 29738
085 34267
086 41509
087 79678
088 87828
089 77365
090 64253
091 15750
092 65158
093 75634
094 81520
095 59507
096 98683
097 74643
098 90257
099 21357
100 85089
101 43168
102 87968
103 49834
104 98300
105 81000
106 93593
107 99163
108 07471
109 68877
110 62355
111 72256
112 63630
113 62925
114 28434
115 08140
116 16350
117 22838
118 87396
119 58433
120 73725

