001 72511
002 43510
003 95623
004 25516
005 67314
006 19722
007 91778
008 88862
009 54643
010 13319
011 15894
012 40535
013 95710
014 62650
015 42154
016 64715
017 06553
018 84143
019 20442
020 92704
021 46734
022 39755
023 98642
024 10607
025 96951
026 52303
027 40035
028 79168
029 80835
030 52520
031 07717
032 84553
033 24893
034 95404
035 36127
036 11140
037 93984
038 78820
039 10282
040 94946
041 54232
042 44614
043 79308
044 98393
045 77741
046 73176
047 60864
048 54105
049 39568
050 54087
051 30971
052 33164
053 23596
054 75821
055 24341
056 35549
057 23988
058 32859
059 98419
060 21327
061 58431
062 98015
063 51361
064 81663
065 31351
066 91486
067 46474
068 71661
069 73212
070 84333
071 77661
072 84347
073 33696
074 17930
075 65603
076 08035
077 24796
078 15443
079 60914
080 68750
081 60826
082 78295
083 69649
084 81378
085 63745
086 43095
087 15486
088 66945
089 81943
090 76519
091 03789
092 56219
093 21121
094 76563
095 01219
096 56749
097 88522
098 44725
099 09160
100 99832
101 40200
102 28077
103 01328
104 97920
105 27791
106 56282
107 94684
108 54454
109 08272
110 51633
111 04948
112 95720
113 36175
114 79948
115 85724
116 02903
117 80998
118 60317
119 17314
120 71052
