001 36387
002 84461
003 35952
004 22458
005 57566
006 32555
007 38837
008 06097
009 08882
010 89336
011 51124
012 04529
013 76312
014 58571
015 76748
016 17826
017 53312
018 90690
019 86061
020 59225
021 76799
022 54056
023 82795
024 92253
025 44924
026 59670
027 77262
028 42204
029 37520
030 97184
031 12282
032 83788
033 40816
034 00661
035 25558
036 00879
037 53995
038 97034
039 62649
040 74499
041 57609
042 40518
043 26004
044 14690
045 81590
046 60564
047 12141
048 56220
049 01562
050 85807
051 09907
052 35836
053 71340
054 21587
055 72964
056 07518
057 13502
058 73344
059 08144
060 90899
061 11372
062 69307
063 31611
064 77775
065 03250
066 63949
067 80440
068 55599
069 84108
070 99699
071 60015
072 37607
073 53934
074 97725
075 68677
076 50504
077 46109
078 47197
079 91608
080 99310
081 07744
082 63724
083 88220
084 25207
085 56615
086 89362
087 22273
088 14917
089 10079
090 06458
091 69464
092 55100
093 26982
094 78610
095 17575
096 23641
097 11694
098 36297
099 33329
100 13564
101 93298
102 98357
103 95423
104 20118
105 67622
106 86831
107 10410
108 01796
109 24559
110 98135
111 35638
112 28126
113 12448
114 62868
115 76414
116 31744
117 45579
118 15745
119 26451
120 36737
