001 99550
002 74073
003 11415
004 58680
005 84842
006 56054
007 53386
008 73017
009 99697
010 37011
011 19995
012 21490
013 83714
014 08187
015 99784
016 91802
017 49803
018 20856
019 79295
020 88784
021 18800
022 10672
023 61435
024 28214
025 90645
026 35691
027 10299
028 87932
029 88245
030 04198
031 21347
032 65928
033 05522
034 46934
035 39218
036 68117
037 08368
038 99254
039 14755
040 94845
041 32918
042 53107
043 45346
044 63190
045 32655
046 40986
047 35825
048 99711
049 93627
050 74413
051 75694
052 05393
053 55657
054 11941
055 57564
056 69289
057 77335
058 45686
059 05170
060 50892
061 22376
062 58006
063 18769
064 21068
065 00785
066 61348
067 65156
068 83622
069 87117
070 72607
071 41596
072 01092
073 39808
074 85317
075 72674
076 10712
077 43864
078 13221
079 23176
080 60274
081 79830
082 75082
083 03472
084 80307
085 49416
086 17987
087 33651
088 41554
089 44902
090 04298
091 92650
092 16356
093 74581
094 96209
095 71476
096 44174
097 91166
098 03358
099 53538
100 25765
101 77592
102 38323
103 72267
104 12113
105 79760
106 62541
107 15398
108 98814
109 74428
110 64265
111 44759
112 36687
113 12823
114 47667
115 36732
116 19824
117 69237
118 44137
119 35380
120 87977

