001 22777
002 91051
003 61922
004 16766
005 97473
006 99831
007 78405
008 55155
009 70478
010 05505
011 28053
012 44938
013 17657
014 19451
015 95314
016 16346
017 90809
018 67312
019 28833
020 83155
021 81215
022 83303
023 58011
024 35349
025 81397
026 80131
027 79608
028 14560
029 61227
030 79561
031 92469
032 91337
033 96727
034 81160
035 78142
036 09826
037 50852
038 82925
039 96772
040 50660
041 29184
042 18685
043 09855
044 49297
045 27833
046 85001
047 43988
048 36886
049 24516
050 56858
051 88897
052 94110
053 37137
054 06652
055 06020
056 88197
057 65806
058 01534
059 41023
060 78674
061 14632
062 99309
063 29808
064 21480
065 99878
066 96595
067 37722
068 70162
069 47318
070 84549
071 61595
072 08138
073 12269
074 04720
075 05078
076 46513
077 03551
078 18748
079 75886
080 91369
081 06998
082 07722
083 27549
084 93017
085 33613
086 14662
087 00734
088 25546
089 25158
090 89948
091 34126
092 30751
093 99302
094 85852
095 06897
096 93025
097 47958
098 41023
099 85328
100 63717
101 20819
102 20205
103 98800
104 93846
105 27944
106 28104
107 54653
108 60505
109 57418
110 24808
111 21508
112 93625
113 38641
114 26891
115 28877
116 73551
117 08487
118 64461
119 06094
120 40017

