001 40582
002 97300
003 07334
004 57768
005 64311
006 15458
007 59282
008 83431
009 02083
010 57637
011 68834
012 56278
013 42956
014 78077
015 27741
016 87112
017 20664
018 99132
019 03276
020 64183
021 82242
022 25000
023 50094
024 74434
025 18649
026 97937
027 76288
028 48531
029 64732
030 67527
031 89296
032 93392
033 15433
034 81321
035 16758
036 12639
037 02201
038 12930
039 05148
040 93263
041 48465
042 03947
043 16967
044 65472
045 75466
046 35680
047 57130
048 65881
049 51102
050 86567
051 98416
052 23602
053 42297
054 84786
055 91843
056 20307
057 14395
058 45733
059 20087
060 08604
061 90689
062 36347
063 29782
064 17280
065 63638
066 96478
067 28546
068 95030
069 29862
070 01410
071 38204
072 43954
073 79609
074 58999
075 10730
076 99794
077 73401
078 71632
079 78119
080 07916
081 66888
082 90473
083 33676
084 57206
085 39966
086 65280
087 83298
088 30672
089 94326
090 05987
091 94780
092 34112
093 27466
094 44530
095 10906
096 38163
097 86168
098 83998
099 93129
100 14067
101 81161
102 85133
103 26562
104 83992
105 41459
106 66689
107 20842
108 81846
109 54482
110 24301
111 33542
112 58207
113 79150
114 64085
115 82725
116 26680
117 82794
118 30760
119 33209
120 04229

