001 17701
002 42164
003 58138
004 25563
005 82218
006 34380
007 61667
008 10314
009 47900
010 00048
011 58752
012 86310
013 02855
014 32369
015 91560
016 19209
017 70876
018 74281
019 54001
020 30004
021 02609
022 91082
023 99461
024 63258
025 78412
026 39996
027 22839
028 83642
029 37826
030 18031
031 63103
032 02012
033 24779
034 06244
035 60496
036 98081
037 37417
038 38864
039 86973
040 74534
041 37760
042 92729
043 85111
044 02729
045 00610
046 59312
047 83359
048 98009
049 55637
050 88923
051 86363
052 10903
053 73389
054 79525
055 59613
056 35371
057 60564
058 32268
059 53448
060 63801
061 96107
062 17195
063 62523
064 10175
065 14063
066 71066
067 44877
068 91379
069 62254
070 94976
071 19110
072 71628
073 85352
074 76437
075 09431
076 77177
077 64966
078 94337
079 82325
080 91404
081 23598
082 98301
083 95175
084 30730
085 65658
086 28582
087 06481
088 79650
089 84722
090 02163
091 96417
092 85933
093 29261
094 60139
095 30955
096 02874
097 84923
098 26064
099 31581
100 16526
101 01423
102 78829
103 38205
104 67662
105 07566
106 09580
107 25357
108 30700
109 78670
110 11367
111 74240
112 92751
113 16421
114 08050
115 37713
116 14562
117 08235
118 10695
119 98707
120 43377
