001 82986
002 86720
003 63687
004 25021
005 21880
006 46927
007 73783
008 91583
009 05447
010 30790
011 42398
012 21226
013 04490
014 01502
015 48225
016 03137
017 41345
018 70203
019 58164
020 15315
021 17928
022 97011
023 79808
024 61156
025 30661
026 53176
027 93014
028 56557
029 91108
030 24702
031 75387
032 28017
033 02344
034 41622
035 95048
036 61953
037 95606
038 83035
039 40330
040 25683
041 87814
042 77765
043 07609
044 92896
045 15891
046 58705
047 49420
048 28680
049 75072
050 31200
051 92440
052 84185
053 73196
054 84692
055 62683
056 07649
057 87790
058 64597
059 18421
060 31343
061 42489
062 26305
063 31601
064 00631
065 14151
066 89845
067 92756
068 40040
069 07805
070 84266
071 20760
072 78783
073 30837
074 05523
075 20440
076 56816
077 49962
078 98055
079 95711
080 76733
081 45720
082 31489
083 14952
084 83102
085 23700
086 37919
087 81130
088 83803
089 06188
090 43201
091 28106
092 60441
093 24421
094 94259
095 45745
096 74559
097 87509
098 07706
099 87325
100 28103
101 90560
102 57016
103 50059
104 08118
105 28975
106 49216
107 61474
108 81151
109 73020
110 10452
111 55436
112 82707
113 18380
114 09556
115 89385
116 61553
117 24503
118 72957
119 36386
120 54871

