001 64521
002 06113
003 80708
004 93044
005 32049
006 48786
007 86577
008 59867
009 34287
010 44763
011 55414
012 47761
013 39544
014 21951
015 56141
016 23399
017 87363
018 51279
019 04016
020 34096
021 09410
022 06826
023 64075
024 42345
025 87455
026 10463
027 66991
028 29582
029 62100
030 99568
031 58637
032 32506
033 93557
034 85844
035 47114
036 09360
037 99000
038 86148
039 53047
040 84480
041 84205
042 28479
043 50420
044 63400
045 97716
046 08652
047 59370
048 03064
049 18255
050 27918
051 92560
052 00591
053 69909
054 09342
055 88743
056 89154
057 67216
058 22470
059 70569
060 76448
061 12930
062 92143
063 13452
064 49810
065 09320
066 04129
067 28770
068 03450
069 24127
070 12862
071 96219
072 07001
073 36020
074 07606
075 51857
076 44605
077 64387
078 92643
079 35016
080 97265
081 44326
082 97046
083 27615
084 08280
085 17449
086 90916
087 75459
088 03757
089 34104
090 72489
091 60243
092 58505
093 10116
094 93705
095 29212
096 10417
097 31220
098 22295
099 25067
100 84629
101 97127
102 03303
103 95731
104 68792
105 30068
106 02951
107 00110
108 89472
109 21912
110 84146
111 75956
112 87947
113 13628
114 83562
115 29037
116 25042
117 84340
118 74771
119 48628
120 31830
