001 56847
002 65194
003 18347
004 54862
005 28516
006 25759
007 47037
008 17993
009 68179
010 36741
011 32875
012 88903
013 12856
014 08228
015 97771
016 30558
017 98643
018 77375
019 96157
020 62935
021 45308
022 63155
023 59882
024 32358
025 14941
026 39919
027 19727
028 38048
029 83990
030 88539
031 10841
032 87280
033 93211
034 34498
035 78896
036 04676
037 25885
038 25030
039 68412
040 55761
041 86590
042 09392
043 05775
044 06195
045 72781
046 98550
047 91582
048 04971
049 72248
050 96875
051 55059
052 98398
053 22587
054 86711
055 25136
056 96135
057 68444
058 06624
059 06309
060 34502
061 44705
062 90042
063 38691
064 20547
065 93066
066 44718
067 46560
068 06395
069 80383
070 53714
071 71540
072 02416
073 11019
074 91325
075 94585
076 55866
077 06377
078 93180
079 94499
080 74179
081 35970
082 62486
083 86402
084 93578
085 98960
086 77566
087 28378
088 92998
089 07061
090 05311
091 03764
092 78101
093 71782
094 19785
095 70265
096 30288
097 25628
098 54459
099 51857
100 65475
101 54665
102 74838
103 99164
104 64164
105 24771
106 22326
107 74817
108 86424
109 27554
110 09258
111 20539
112 32105
113 43494
114 95832
115 39831
116 54296
117 01572
118 63576
119 84320
120 13125

