001 96722
002 58255
003 17603
004 12687
005 34300
006 51454
007 07100
008 69852
009 72885
010 80927
011 85853
012 06732
013 86789
014 73458
015 96530
016 19221
017 48202
018 28032
019 41486
020 44561
021 65863
022 86944
023 34887
024 51318
025 30350
026 84132
027 86548
028 95370
029 05843
030 07488
031 38031
032 48228
033 27166
034 00525
035 33597
036 91073
037 99253
038 43373
039 31962
040 58969
041 96908
042 10844
043 14533
044 17754
045 28825
046 31972
047 77275
048 17766
049 04235
050 32640
051 31806
052 10799
053 23893
054 45480
055 18642
056 28115
057 75963
058 88740
059 24003
060 49981
061 75521
062 64418
063 22028
064 52251
065 48226
066 03127
067 61999
068 22047
069 96092
070 01076
071 52418
072 04358
073 79424
074 89810
075 86950
076 78142
077 85871
078 66878
079 94765
080 78638
081 50296
082 75016
083 77428
084 73958
085 06651
086 98830
087 03725
088 33126
089 98387
090 71377
091 22583
092 15717
093 86604
094 34813
095 31285
096 47182
097 06335
098 28804
099 59714
100 03951
101 77913
102 48344
103 22483
104 16726
105 53267
106 54597
107 51366
108 95948
109 49369
110 60269
111 80850
112 00080
113 33636
114 13630
115 89330
116 43676
117 49530
118 66136
119 07655
120 82558

