001 16360
002 90452
003 36579
004 59305
005 34223
006 17087
007 41473
008 59108
009 82230
010 16031
011 96847
012 31054
013 51610
014 65002
015 93441
016 14317
017 15614
018 71707
019 98174
020 00507
021 53117
022 08986
023 49118
024 05822
025 27836
026 30761
027 45545
028 01955
029 28510
030 25592
031 58194
032 57112
033 14747
034 87444
035 31267
036 37545
037 76978
038 08041
039 57459
040 22390
041 31489
042 45432
043 50850
044 92457
045 79777
046 26227
047 40478
048 80437
049 93730
050 52753
051 07269
052 79863
053 29874
054 84777
055 96727
056 09479
057 87748
058 47003
059 30424
060 66359
061 73974
062 69903
063 65696
064 48795
065 99162
066 53037
067 27604
068 20762
069 36250
070 40420
071 16526
072 35236
073 19478
074 59004
075 46779
076 28863
077 31952
078 84779
079 79003
080 67784
081 58816
082 74793
083 72781
084 59115
085 20276
086 70162
087 06046
088 33909
089 02332
090 99679
091 73160
092 78444
093 29730
094 11646
095 17031
096 32752
097 65494
098 75518
099 05737
100 27063
101 76040
102 59276
103 02381
104 62530
105 96733
106 70276
107 42701
108 61520
109 97393
110 17581
111 76839
112 95257
113 48353
114 56629
115 07284
116 26654
117 30090
118 54305
119 23693
120 04622

