001 27186
002 26010
003 69276
004 62768
005 49368
006 24026
007 16728
008 11624
009 74354
010 32204
011 29114
012 50986
013 44621
014 98354
015 63072
016 98906
017 49537
018 89441
019 48916
020 76060
021 64065
022 15717
023 30600
024 34801
025 46750
026 01282
027 57657
028 42323
029 30952
030 33096
031 67232
032 73859
033 86173
034 77625
035 60160
036 54554
037 87320
038 64519
039 16788
040 37265
041 49442
042 08154
043 00214
044 84599
045 98289
046 74205
047 26340
048 97360
049 16112
050 55822
051 78561
052 43117
053 95465
054 87573
055 81671
056 68887
057 31337
058 13582
059 30311
060 78978
061 56789
062 09005
063 72369
064 74129
065 51551
066 17620
067 87142
068 95855
069 43473
070 76035
071 70815
072 99988
073 51267
074 72687
075 17962
076 46805
077 30742
078 68763
079 01720
080 29110
081 87521
082 78263
083 04346
084 51740
085 89039
086 51868
087 50361
088 83832
089 60010
090 95111
091 47636
092 15016
093 18080
094 45279
095 90817
096 62043
097 00163
098 10380
099 18150
100 11563
101 45051
102 13594
103 04907
104 40681
105 59752
106 19855
107 58712
108 05708
109 28215
110 54659
111 09268
112 77436
113 25708
114 85262
115 99490
116 99180
117 99448
118 18760
119 96693
120 97228

