001 01475
002 20931
003 76194
004 60997
005 85409
006 27745
007 00054
008 15991
009 85347
010 34569
011 00105
012 47210
013 99235
014 25314
015 31367
016 04105
017 23686
018 92732
019 00499
020 20258
021 67548
022 78781
023 26914
024 58246
025 23147
026 91192
027 76560
028 78656
029 12237
030 54346
031 89790
032 87797
033 76066
034 30770
035 26407
036 56341
037 40558
038 71161
039 55830
040 51715
041 12557
042 56836
043 92879
044 02848
045 92512
046 49842
047 02440
048 75455
049 93144
050 21482
051 74105
052 83507
053 50568
054 92019
055 49356
056 39326
057 75069
058 00729
059 49549
060 73228
061 17744
062 27338
063 73144
064 19761
065 68991
066 11077
067 55212
068 02487
069 85577
070 28709
071 79289
072 69083
073 51042
074 57327
075 23488
076 51346
077 37594
078 86039
079 88856
080 02889
081 38732
082 27974
083 74393
084 67244
085 74831
086 03363
087 30494
088 43494
089 10089
090 10725
091 28385
092 26028
093 00105
094 77173
095 25857
096 41081
097 32917
098 13885
099 77592
100 46763
101 60949
102 16555
103 26939
104 43842
105 17405
106 29034
107 56776
108 38792
109 53633
110 54222
111 68793
112 72426
113 89684
114 19453
115 00177
116 76943
117 07511
118 45906
119 08691
120 44810

