001 24483
002 85643
003 09417
004 72825
005 49582
006 47657
007 03926
008 68424
009 83743
010 77916
011 02009
012 27299
013 63399
014 26793
015 68755
016 25369
017 79342
018 00897
019 10119
020 44180
021 32539
022 60789
023 85384
024 49950
025 30287
026 04822
027 57086
028 21154
029 41849
030 93597
031 69051
032 97552
033 99654
034 04292
035 38539
036 24177
037 00686
038 73003
039 00489
040 13283
041 39976
042 94998
043 92851
044 47789
045 27224
046 17967
047 50168
048 35417
049 84023
050 42750
051 65277
052 38107
053 36913
054 51154
055 52930
056 71871
057 11704
058 66657
059 14949
060 25283
061 73629
062 38535
063 03250
064 51041
065 59602
066 64615
067 46371
068 87096
069 61712
070 13934
071 03526
072 33823
073 82442
074 22912
075 96337
076 16378
077 58277
078 30470
079 34383
080 95885
081 87230
082 69576
083 41576
084 61910
085 08450
086 68832
087 59372
088 12211
089 33106
090 91441
091 18959
092 43873
093 86182
094 01110
095 81975
096 33354
097 73013
098 77728
099 56755
100 95616
101 98007
102 93860
103 68142
104 26110
105 91698
106 05724
107 68634
108 08213
109 22835
110 44517
111 38633
112 06396
113 32549
114 10343
115 32156
116 39006
117 47923
118 87237
119 00223
120 40989
