001 39380
002 47108
003 25690
004 71426
005 19464
006 75874
007 29955
008 14073
009 96633
010 42304
011 34026
012 71112
013 67518
014 13174
015 20077
016 32879
017 17807
018 38685
019 98948
020 94589
021 51595
022 82445
023 64462
024 29731
025 26790
026 27064
027 93744
028 38447
029 30091
030 70992
031 86656
032 74683
033 19825
034 01431
035 65849
036 37897
037 33825
038 88243
039 39711
040 61392
041 66759
042 70794
043 66870
044 40127
045 67199
046 55757
047 83182
048 17802
049 45531
050 68488
051 26113
052 29339
053 31918
054 75286
055 67591
056 51609
057 94299
058 96490
059 20895
060 61334
061 62219
062 93761
063 72775
064 50149
065 88993
066 73039
067 83455
068 48019
069 35839
070 02721
071 71985
072 88902
073 13223
074 54611
075 82497
076 27927
077 63184
078 59035
079 84241
080 32154
081 84272
082 98704
083 97286
084 46270
085 85007
086 61375
087 74540
088 43881
089 83480
090 59395
091 71798
092 49537
093 25678
094 80013
095 21726
096 65584
097 23147
098 41996
099 38939
100 89194
101 73014
102 89734
103 20399
104 35575
105 37449
106 80975
107 29068
108 86420
109 24180
110 65229
111 82603
112 11665
113 75008
114 04836
115 49925
116 90584
117 55201
118 10058
119 24995
120 27686
