001 91118
002 90945
003 15130
004 02603
005 38611
006 50447
007 22889
008 76133
009 35355
010 45849
011 63830
012 33028
013 43219
014 94863
015 13012
016 19795
017 43468
018 40745
019 23282
020 41724
021 74052
022 92428
023 92928
024 60076
025 34815
026 80287
027 36162
028 66747
029 69361
030 82959
031 60783
032 49518
033 27478
034 24074
035 57882
036 06917
037 02834
038 08809
039 77954
040 24009
041 42425
042 64746
043 73268
044 61498
045 27878
046 88176
047 44614
048 62398
049 54444
050 20648
051 38185
052 19556
053 20104
054 76055
055 80038
056 04990
057 75408
058 24643
059 47925
060 98056
061 64998
062 15941
063 36092
064 16825
065 22582
066 54332
067 39329
068 29922
069 27036
070 62138
071 90733
072 26753
073 08494
074 50649
075 87928
076 36845
077 03682
078 49116
079 59628
080 33737
081 12762
082 88172
083 85891
084 14428
085 15890
086 74499
087 94183
088 52406
089 73626
090 94555
091 69696
092 52047
093 20654
094 89252
095 24430
096 02690
097 05545
098 21796
099 89439
100 42868
101 14308
102 42827
103 00001
104 56329
105 60327
106 24726
107 59761
108 34980
109 09585
110 69209
111 34499
112 07021
113 15516
114 92785
115 79919
116 96934
117 32999
118 03245
119 94166
120 10296
