001 23218
002 66963
003 77023
004 12308
005 28481
006 64277
007 92902
008 47353
009 57012
010 80597
011 63374
012 09903
013 40377
014 26470
015 47595
016 88272
017 51649
018 03944
019 04136
020 05213
021 41756
022 08598
023 66299
024 43417
025 29390
026 83458
027 20993
028 74527
029 49477
030 72096
031 91302
032 63341
033 41202
034 41465
035 57460
036 63168
037 03949
038 49209
039 18541
040 95754
041 87170
042 98097
043 61265
044 19222
045 77213
046 83684
047 79000
048 96384
049 50628
050 94441
051 67620
052 38801
053 25820
054 12163
055 86350
056 98100
057 73827
058 44070
059 54948
060 17261
061 21851
062 63629
063 10844
064 18973
065 38783
066 54652
067 38967
068 85329
069 24983
070 40406
071 87984
072 23622
073 11133
074 21770
075 10406
076 31559
077 21966
078 78351
079 67203
080 11572
081 28388
082 04270
083 75536
084 38167
085 35858
086 47869
087 55641
088 27413
089 66239
090 13395
091 21280
092 03036
093 41923
094 16277
095 04187
096 42784
097 34225
098 16025
099 86596
100 04317
101 52723
102 03018
103 61791
104 26128
105 99173
106 39297
107 00358
108 91040
109 09569
110 78507
111 87262
112 30420
113 44646
114 71789
115 75834
116 08527
117 66360
118 97296
119 07116
120 63596

