001 39991
002 99152
003 06215
004 10113
005 00950
006 87498
007 73969
008 80645
009 31961
010 30593
011 61873
012 44072
013 50846
014 37007
015 33868
016 77012
017 72924
018 91828
019 19864
020 02306
021 55073
022 53195
023 34615
024 20741
025 03375
026 21159
027 48638
028 48262
029 51545
030 78669
031 33326
032 77653
033 99293
034 77733
035 06857
036 32946
037 03358
038 98816
039 32069
040 57262
041 46154
042 24958
043 14949
044 43627
045 19533
046 70772
047 35723
048 21478
049 93092
050 38627
051 08555
052 84400
053 52157
054 66313
055 66697
056 64181
057 59479
058 27731
059 38357
060 28032
061 55641
062 11226
063 71128
064 28175
065 11336
066 74159
067 91887
068 95451
069 16866
070 59904
071 02743
072 21417
073 74711
074 51772
075 90468
076 14415
077 04285
078 40974
079 26899
080 48465
081 25921
082 54093
083 89743
084 13556
085 90230
086 78121
087 81699
088 12210
089 11073
090 60026
091 83037
092 10189
093 29913
094 57618
095 67238
096 64312
097 14578
098 10662
099 63469
100 37501
101 00054
102 39579
103 51853
104 04000
105 02268
106 92578
107 09447
108 09138
109 12864
110 63957
111 46058
112 42375
113 23891
114 47101
115 76333
116 10888
117 03451
118 76332
119 72475
120 23523

