001 64841
002 27357
003 28453
004 70738
005 08443
006 32912
007 71822
008 33564
009 20967
010 22881
011 97045
012 08881
013 85088
014 33545
015 76146
016 15122
017 71250
018 70387
019 31808
020 36522
021 02328
022 75913
023 99734
024 87648
025 83529
026 86504
027 89847
028 69782
029 90849
030 78915
031 92891
032 45522
033 17659
034 40498
035 18778
036 11625
037 76580
038 01708
039 84792
040 14819
041 75616
042 43120
043 49158
044 14124
045 82309
046 68843
047 47719
048 28213
049 41366
050 82034
051 49265
052 18052
053 25438
054 91351
055 59478
056 27029
057 83233
058 70559
059 82485
060 01206
061 70310
062 87486
063 51522
064 95274
065 60782
066 24582
067 18127
068 26132
069 36955
070 32616
071 56394
072 33170
073 73876
074 43002
075 77469
076 82981
077 00170
078 31144
079 55802
080 07097
081 59184
082 56234
083 71471
084 60632
085 99532
086 12821
087 71477
088 89693
089 99559
090 75955
091 92313
092 07862
093 77847
094 59731
095 91115
096 44975
097 75684
098 16203
099 56521
100 94945
101 05662
102 46716
103 60121
104 95829
105 63289
106 97744
107 43377
108 28261
109 51202
110 64430
111 80422
112 64663
113 96673
114 58748
115 05329
116 22252
117 96503
118 28407
119 66440
120 26515
