001 51347
002 08872
003 61895
004 19421
005 48518
006 80401
007 67569
008 44142
009 30257
010 87880
011 59245
012 30556
013 11764
014 65173
015 63205
016 72054
017 53957
018 11580
019 45196
020 34217
021 89603
022 90096
023 60354
024 18586
025 15408
026 50312
027 94604
028 10865
029 89595
030 89232
031 62815
032 24607
033 55862
034 72694
035 86499
036 36538
037 87054
038 17983
039 90603
040 27030
041 81020
042 74527
043 27201
044 38794
045 82613
046 31999
047 67904
048 99539
049 20809
050 25503
051 11482
052 77623
053 21743
054 07908
055 70238
056 81667
057 02544
058 52734
059 22306
060 27235
061 06442
062 21142
063 41432
064 65445
065 34508
066 07692
067 38223
068 97948
069 78322
070 67881
071 30142
072 29861
073 90948
074 48155
075 95042
076 18157
077 44652
078 18427
079 04421
080 53939
081 45061
082 20317
083 29469
084 51573
085 50372
086 83548
087 23570
088 93605
089 31259
090 23492
091 91800
092 57157
093 11056
094 40858
095 22692
096 76656
097 40739
098 02065
099 27569
100 32437
101 74546
102 91528
103 51893
104 25268
105 00659
106 81691
107 45302
108 02667
109 79085
110 75095
111 03220
112 02467
113 45863
114 28225
115 85204
116 04663
117 62562
118 79891
119 48974
120 66687
