001 79069
002 61795
003 44498
004 66372
005 23406
006 81056
007 16527
008 31245
009 86854
010 18254
011 01476
012 87200
013 85856
014 43399
015 00809
016 16563
017 93065
018 41132
019 33031
020 96662
021 78383
022 79934
023 30830
024 43539
025 39412
026 52099
027 62339
028 95779
029 08695
030 62096
031 69712
032 81967
033 00271
034 84352
035 53475
036 33689
037 66441
038 30737
039 99970
040 59203
041 63668
042 21834
043 15043
044 84765
045 17861
046 37130
047 95373
048 78772
049 54320
050 48164
051 15319
052 34700
053 68865
054 39081
055 03528
056 42601
057 07911
058 80466
059 73459
060 25272
061 73690
062 41325
063 61664
064 56292
065 14298
066 72950
067 78336
068 43900
069 40864
070 65758
071 85106
072 65793
073 78974
074 58072
075 75245
076 11721
077 54605
078 02443
079 82148
080 87831
081 02611
082 30837
083 78818
084 18370
085 59370
086 17326
087 09279
088 39060
089 24391
090 94943
091 31991
092 84315
093 40948
094 45293
095 18076
096 94708
097 24294
098 81334
099 16015
100 43103
101 59980
102 56665
103 44037
104 30783
105 95658
106 49884
107 69294
108 51969
109 14404
110 27456
111 42068
112 56068
113 79793
114 68168
115 42164
116 19150
117 00831
118 45739
119 79555
120 33585

