001 03842
002 95969
003 61063
004 36721
005 37465
006 47643
007 00323
008 71429
009 36464
010 12787
011 07299
012 37658
013 80551
014 10164
015 06282
016 70542
017 25530
018 87857
019 97519
020 71526
021 55492
022 38883
023 50432
024 37956
025 15665
026 47295
027 22503
028 69741
029 98110
030 09138
031 80324
032 90809
033 02057
034 03226
035 20555
036 11901
037 09736
038 48904
039 33596
040 99541
041 79623
042 63266
043 40109
044 78579
045 12265
046 83549
047 28275
048 05814
049 89735
050 86099
051 91209
052 41499
053 93449
054 73846
055 58213
056 77879
057 43235
058 79255
059 89666
060 02154
061 43280
062 18014
063 99062
064 01384
065 90784
066 46400
067 76077
068 43239
069 14099
070 94431
071 55426
072 60730
073 84783
074 54073
075 51620
076 34685
077 52968
078 28146
079 74795
080 59945
081 71984
082 71840
083 42826
084 53100
085 01217
086 23782
087 15064
088 09478
089 97087
090 03102
091 75466
092 77172
093 44529
094 65769
095 17642
096 85871
097 91851
098 72950
099 27764
100 42120
101 55527
102 64991
103 54078
104 32669
105 97690
106 15098
107 89388
108 87473
109 85003
110 35458
111 29832
112 99840
113 37232
114 08162
115 55148
116 12050
117 40737
118 60448
119 27262
120 00070

