001 22933
002 34489
003 08258
004 37942
005 49534
006 33194
007 14736
008 42247
009 44145
010 11212
011 62344
012 86500
013 59103
014 51706
015 71370
016 76969
017 04350
018 41369
019 39521
020 64385
021 22029
022 32545
023 47164
024 77756
025 72941
026 68197
027 24396
028 08655
029 08501
030 94710
031 33163
032 33703
033 64165
034 20014
035 01503
036 13191
037 12115
038 92181
039 84740
040 05323
041 86373
042 70395
043 54461
044 21654
045 47155
046 67895
047 42332
048 87907
049 10558
050 78556
051 35887
052 46425
053 05477
054 45830
055 09663
056 73314
057 91070
058 69844
059 72394
060 29555
061 45278
062 41002
063 89198
064 98840
065 72537
066 87851
067 95701
068 45622
069 78595
070 56390
071 29522
072 56277
073 91627
074 43769
075 67918
076 48749
077 30851
078 07538
079 48122
080 13669
081 18485
082 91091
083 18977
084 88010
085 76814
086 95867
087 34291
088 26580
089 05449
090 63265
091 70942
092 62377
093 33299
094 83943
095 11879
096 67805
097 87764
098 08722
099 65306
100 96337
101 07985
102 56511
103 62002
104 55938
105 80846
106 45908
107 10135
108 47314
109 12934
110 69711
111 08739
112 97403
113 22727
114 51067
115 73495
116 93647
117 28408
118 56482
119 78580
120 38828

