001 31474
002 96331
003 15394
004 26269
005 57749
006 00337
007 84131
008 24823
009 36888
010 84049
011 42502
012 72194
013 26646
014 97112
015 39620
016 12208
017 21184
018 29799
019 45374
020 65500
021 82005
022 18589
023 46603
024 83412
025 82091
026 52168
027 42973
028 01768
029 31797
030 99692
031 58872
032 13163
033 47823
034 44105
035 55688
036 56612
037 08711
038 23260
039 34998
040 25839
041 64617
042 54066
043 04355
044 82308
045 03624
046 07548
047 42046
048 91557
049 63459
050 46358
051 03035
052 85914
053 72856
054 96588
055 25286
056 98987
057 40272
058 84177
059 39808
060 83720
061 24314
062 29828
063 98980
064 18547
065 69083
066 65716
067 62049
068 44165
069 67500
070 59454
071 32911
072 35966
073 28821
074 69487
075 93615
076 08450
077 27997
078 44036
079 01932
080 78946
081 18493
082 48726
083 25773
084 30524
085 73670
086 02738
087 70358
088 06694
089 59543
090 85514
091 49258
092 81484
093 97913
094 63643
095 70848
096 90170
097 76143
098 07018
099 23128
100 96116
101 33178
102 51577
103 02099
104 27460
105 35911
106 90464
107 26489
108 85231
109 89844
110 80145
111 52899
112 46832
113 78558
114 82076
115 60839
116 02792
117 41170
118 27965
119 01674
120 66629

