001 92661
002 96292
003 52632
004 37119
005 80894
006 60055
007 98104
008 38843
009 20541
010 46880
011 69249
012 51136
013 43091
014 52413
015 40760
016 23508
017 56156
018 15567
019 74562
020 43036
021 46351
022 45433
023 07780
024 12586
025 50148
026 90837
027 29026
028 06899
029 97740
030 17145
031 27819
032 80347
033 18484
034 08669
035 21091
036 53197
037 22255
038 77063
039 54536
040 56344
041 49430
042 31677
043 93250
044 45845
045 34428
046 43479
047 61898
048 97134
049 04051
050 66995
051 74031
052 05934
053 95836
054 43792
055 90006
056 95118
057 58560
058 21341
059 34332
060 32349
061 78182
062 44701
063 10810
064 60239
065 50372
066 44783
067 74133
068 60105
069 38554
070 45592
071 41356
072 23682
073 53204
074 92831
075 08427
076 46144
077 99280
078 42131
079 29515
080 81475
081 69292
082 83619
083 94775
084 13053
085 03607
086 77662
087 04694
088 79212
089 17559
090 14837
091 02908
092 70027
093 41537
094 50683
095 29322
096 92402
097 67778
098 64536
099 85910
100 20916
101 20579
102 45787
103 40416
104 71274
105 33917
106 81401
107 22139
108 48244
109 47531
110 37902
111 14319
112 30552
113 49323
114 09957
115 43397
116 18486
117 54264
118 18027
119 11014
120 58550
