001 06245
002 96504
003 14006
004 19914
005 99100
006 95807
007 92411
008 29533
009 71917
010 78931
011 02133
012 25552
013 53517
014 00332
015 99000
016 40733
017 63745
018 98015
019 98131
020 84479
021 57486
022 67629
023 62518
024 94612
025 55008
026 08852
027 63134
028 19231
029 83448
030 39067
031 07134
032 31684
033 32934
034 34317
035 99286
036 52415
037 01903
038 00934
039 34995
040 81106
041 44807
042 88091
043 08262
044 00480
045 20017
046 02378
047 50627
048 92220
049 53385
050 34161
051 38114
052 05536
053 33622
054 08355
055 90812
056 15991
057 21426
058 85650
059 37226
060 85499
061 78027
062 36974
063 92963
064 07163
065 19329
066 38022
067 44660
068 82656
069 87542
070 78244
071 04749
072 66025
073 47598
074 10539
075 32770
076 96256
077 59904
078 36136
079 53477
080 75605
081 55026
082 38940
083 34526
084 72831
085 84492
086 90834
087 06216
088 76775
089 42331
090 47614
091 03499
092 17620
093 11087
094 24814
095 92778
096 13370
097 36230
098 00825
099 10857
100 22549
101 59135
102 68734
103 05222
104 74173
105 77195
106 63304
107 21878
108 13366
109 23600
110 00836
111 60840
112 50247
113 07891
114 96310
115 77337
116 49892
117 86073
118 38557
119 54288
120 35319
