001 69155
002 14174
003 06939
004 64579
005 87407
006 88413
007 01802
008 89378
009 42462
010 76157
011 04921
012 98278
013 91925
014 65060
015 84463
016 20385
017 30986
018 90311
019 01743
020 43530
021 54844
022 57634
023 82858
024 00472
025 08289
026 12201
027 29370
028 71654
029 81686
030 12039
031 35708
032 68007
033 42490
034 56856
035 98707
036 64089
037 34652
038 44506
039 14781
040 44719
041 77750
042 40605
043 97025
044 82775
045 60472
046 55416
047 57708
048 65095
049 21959
050 64087
051 34898
052 01600
053 15802
054 35662
055 73746
056 36437
057 49166
058 93136
059 03676
060 16134
061 64450
062 50539
063 71180
064 92326
065 33454
066 91722
067 91336
068 05075
069 78664
070 27889
071 22204
072 62489
073 40509
074 83078
075 41786
076 20884
077 35254
078 05283
079 80060
080 02215
081 20158
082 51138
083 24738
084 76669
085 73809
086 24963
087 50412
088 90317
089 70505
090 75183
091 63028
092 94158
093 26426
094 18300
095 67369
096 04882
097 62682
098 55992
099 95802
100 64452
101 91737
102 35386
103 72165
104 66106
105 38127
106 62092
107 74213
108 44799
109 85384
110 07514
111 48013
112 88077
113 97049
114 78793
115 93097
116 59178
117 62163
118 51128
119 11601
120 93158
