001 99141
002 22555
003 65752
004 57354
005 67955
006 20498
007 69749
008 39687
009 99481
010 77374
011 37688
012 24196
013 53810
014 31817
015 81622
016 33258
017 14158
018 79609
019 98777
020 56737
021 67801
022 81084
023 38099
024 40686
025 05142
026 79156
027 39070
028 65785
029 70839
030 96792
031 49365
032 75910
033 04824
034 62659
035 13044
036 78001
037 67104
038 95829
039 74493
040 45093
041 40968
042 64673
043 90586
044 61355
045 89061
046 01818
047 23441
048 00095
049 36535
050 40823
051 92268
052 05482
053 98794
054 56634
055 63021
056 34538
057 80222
058 41783
059 84976
060 20425
061 25052
062 46626
063 24527
064 19134
065 16849
066 25296
067 93785
068 28605
069 81249
070 93134
071 06115
072 76103
073 87351
074 67797
075 20815
076 80507
077 99956
078 46570
079 95180
080 39833
081 79134
082 26115
083 00385
084 80016
085 77172
086 87944
087 14510
088 33585
089 01030
090 23113
091 26470
092 22397
093 41275
094 93975
095 50942
096 99115
097 50757
098 10611
099 79927
100 18236
101 30533
102 59086
103 58059
104 14366
105 89142
106 28610
107 04871
108 68024
109 15341
110 94092
111 69911
112 00959
113 96665
114 80354
115 62031
116 31193
117 02793
118 92262
119 74132
120 20191
