001 38639
002 45106
003 91594
004 32676
005 85987
006 22471
007 86059
008 94021
009 52794
010 95827
011 62618
012 45061
013 36521
014 31541
015 89411
016 02227
017 85780
018 61988
019 06128
020 05044
021 80962
022 26339
023 52389
024 28206
025 40543
026 25658
027 52914
028 30085
029 33247
030 01305
031 23325
032 35770
033 78602
034 91293
035 08222
036 82283
037 88304
038 96340
039 62631
040 68891
041 50452
042 89504
043 87713
044 05774
045 46342
046 17018
047 21149
048 61555
049 51672
050 44951
051 77792
052 43861
053 94498
054 58667
055 85879
056 63945
057 37820
058 59083
059 83107
060 28519
061 45512
062 70672
063 86460
064 04382
065 67482
066 29676
067 46057
068 46314
069 82294
070 26094
071 06343
072 12373
073 01529
074 31449
075 67526
076 31587
077 77805
078 22960
079 57024
080 47698
081 93232
082 12129
083 89773
084 95511
085 78366
086 76707
087 47867
088 88702
089 11821
090 47505
091 05625
092 60453
093 69206
094 07313
095 65671
096 75285
097 48449
098 18974
099 33046
100 17663
101 28378
102 65126
103 74811
104 37655
105 35455
106 95422
107 14452
108 83177
109 01405
110 26953
111 41880
112 10037
113 69892
114 73670
115 98265
116 70217
117 75050
118 63969
119 42408
120 55425
