001 97039
002 36232
003 54297
004 80252
005 62990
006 41085
007 40439
008 60931
009 62205
010 43782
011 11504
012 71153
013 62009
014 06198
015 47421
016 87272
017 78089
018 01024
019 92141
020 97774
021 23831
022 71946
023 24871
024 97609
025 21424
026 78308
027 47758
028 86703
029 75529
030 71922
031 15729
032 50204
033 42601
034 51244
035 83883
036 14678
037 24537
038 25273
039 01654
040 40586
041 35683
042 02493
043 29557
044 01110
045 85373
046 06774
047 98661
048 11824
049 43090
050 21666
051 02604
052 14115
053 89436
054 28714
055 71028
056 46733
057 38749
058 84985
059 50933
060 26132
061 91237
062 43453
063 90692
064 49692
065 37133
066 22534
067 68887
068 96661
069 25915
070 94410
071 35243
072 37900
073 66180
074 89548
075 49810
076 03792
077 03139
078 28513
079 96629
080 39463
081 37025
082 74082
083 30108
084 13857
085 25115
086 54298
087 92682
088 43130
089 73570
090 94835
091 89570
092 98736
093 26623
094 53027
095 87006
096 68970
097 80188
098 30193
099 91246
100 85753
101 95769
102 67510
103 13980
104 51902
105 13306
106 49872
107 93570
108 87047
109 09598
110 55099
111 57943
112 50919
113 29480
114 24429
115 79815
116 50545
117 72661
118 75132
119 00248
120 45275

