001 72839
002 69011
003 13231
004 52342
005 75420
006 38967
007 76105
008 15654
009 79249
010 19265
011 42673
012 01771
013 61328
014 91410
015 88021
016 13424
017 61076
018 76784
019 78544
020 05330
021 56666
022 77472
023 58965
024 50205
025 75608
026 25468
027 58054
028 91524
029 32988
030 55307
031 09619
032 83236
033 14877
034 67035
035 98966
036 84604
037 47156
038 91549
039 36226
040 35963
041 46320
042 33514
043 19654
044 12540
045 46048
046 70707
047 31590
048 42679
049 57486
050 35545
051 67395
052 32749
053 48972
054 93471
055 19185
056 83432
057 77871
058 77892
059 58335
060 76254
061 01401
062 70056
063 96116
064 94507
065 08129
066 77108
067 44165
068 73245
069 25733
070 99526
071 54973
072 61603
073 29179
074 91987
075 80361
076 98950
077 07602
078 59176
079 88183
080 84701
081 75413
082 13377
083 25178
084 69364
085 37865
086 15088
087 61854
088 70686
089 67632
090 97565
091 08791
092 87516
093 74234
094 33362
095 38659
096 95329
097 77461
098 35275
099 66545
100 99713
101 02502
102 30226
103 27292
104 43242
105 42191
106 25923
107 84820
108 99962
109 78682
110 95577
111 88325
112 06304
113 60194
114 89048
115 66772
116 29896
117 14768
118 23072
119 85159
120 12647

