001 22609
002 29510
003 86514
004 70733
005 74083
006 85541
007 00060
008 32049
009 59216
010 43423
011 43862
012 52969
013 51860
014 78011
015 74300
016 64058
017 79228
018 08936
019 96181
020 06966
021 66135
022 65777
023 90638
024 22372
025 30952
026 10718
027 44315
028 72944
029 57873
030 12365
031 71462
032 03153
033 24232
034 32083
035 07898
036 30545
037 20190
038 18955
039 48689
040 56791
041 68273
042 82585
043 92757
044 22842
045 32418
046 82726
047 76095
048 43962
049 39618
050 35730
051 75784
052 23475
053 32761
054 33750
055 43766
056 63965
057 70931
058 17591
059 11054
060 31891
061 68869
062 65974
063 09473
064 01429
065 15980
066 32131
067 07711
068 61832
069 80994
070 25698
071 60481
072 75754
073 63343
074 04745
075 45635
076 82384
077 10107
078 65623
079 67998
080 33372
081 15456
082 54135
083 16619
084 30759
085 72049
086 04786
087 26341
088 99140
089 84400
090 30323
091 83398
092 31620
093 65103
094 76159
095 29510
096 93773
097 18587
098 50877
099 71400
100 53713
101 09178
102 11928
103 29025
104 34008
105 10702
106 30228
107 00125
108 25552
109 43999
110 71129
111 70753
112 63493
113 61356
114 38743
115 64184
116 59598
117 04786
118 10993
119 90397
120 97540

