001 52493
002 35959
003 14318
004 05209
005 85797
006 40898
007 46528
008 07660
009 92936
010 81814
011 16967
012 39464
013 61927
014 40594
015 95382
016 20589
017 10308
018 75896
019 81452
020 79406
021 72466
022 58653
023 40347
024 35864
025 61880
026 11635
027 98630
028 70087
029 61321
030 29749
031 91881
032 63205
033 56664
034 77714
035 83446
036 67938
037 01467
038 41354
039 57226
040 45366
041 29602
042 25492
043 29236
044 06170
045 18993
046 58419
047 38827
048 51943
049 74100
050 82010
051 25229
052 74487
053 23688
054 27791
055 58887
056 18014
057 33216
058 44693
059 70434
060 98051
061 57669
062 19014
063 18111
064 83342
065 34353
066 87847
067 92219
068 83917
069 83612
070 91481
071 51558
072 83531
073 12370
074 26923
075 05876
076 60212
077 21701
078 64549
079 90169
080 79285
081 10687
082 97599
083 66533
084 54832
085 86935
086 52744
087 36838
088 96150
089 99511
090 54244
091 99988
092 73382
093 57553
094 43444
095 46937
096 42667
097 44526
098 05779
099 42506
100 88108
101 37535
102 13122
103 88725
104 25437
105 26929
106 00299
107 87647
108 85750
109 92492
110 82861
111 12330
112 71960
113 49342
114 59705
115 32222
116 19040
117 35888
118 54105
119 14338
120 60903
