001 40395
002 22986
003 29154
004 10574
005 96188
006 49524
007 75486
008 16395
009 05501
010 51785
011 10056
012 17787
013 44775
014 49462
015 67106
016 25830
017 74790
018 66900
019 15835
020 52702
021 99181
022 11169
023 17812
024 82656
025 35651
026 62144
027 90887
028 93921
029 79969
030 22951
031 83342
032 09974
033 71140
034 67736
035 31631
036 36008
037 10638
038 06496
039 90228
040 04770
041 73220
042 86206
043 36003
044 19930
045 95060
046 86237
047 29515
048 07093
049 73088
050 99342
051 75677
052 77063
053 79359
054 56857
055 58277
056 38849
057 64601
058 84563
059 06838
060 90942
061 57298
062 89998
063 21597
064 36553
065 91667
066 31851
067 71626
068 89657
069 14085
070 19780
071 20125
072 79480
073 80313
074 73993
075 11856
076 09217
077 37974
078 57741
079 28225
080 50051
081 62833
082 40851
083 13289
084 37520
085 44866
086 42939
087 17219
088 11724
089 36979
090 20697
091 60131
092 24024
093 01340
094 12036
095 66756
096 32998
097 86844
098 54027
099 84212
100 20808
101 17689
102 63307
103 01724
104 66864
105 18485
106 12007
107 11098
108 18622
109 27196
110 81083
111 18304
112 17743
113 19731
114 66596
115 20878
116 83876
117 95446
118 46039
119 40785
120 34015
