001 21165
002 44944
003 54754
004 84079
005 64624
006 33564
007 17286
008 36468
009 32694
010 29528
011 11942
012 02269
013 34085
014 44159
015 85493
016 65898
017 08624
018 31554
019 99124
020 90134
021 59311
022 17290
023 38145
024 60262
025 35338
026 73031
027 83067
028 91768
029 73913
030 05542
031 36453
032 31765
033 23270
034 44777
035 51078
036 05598
037 24284
038 68756
039 66935
040 11931
041 74481
042 84928
043 23962
044 52605
045 50133
046 97470
047 28195
048 57992
049 21552
050 04709
051 69657
052 14139
053 42726
054 72711
055 47883
056 60432
057 32303
058 14306
059 94244
060 06716
061 92856
062 90007
063 81310
064 52851
065 26318
066 10246
067 01894
068 55504
069 51086
070 58345
071 97823
072 08459
073 65222
074 91270
075 28531
076 36378
077 84820
078 63948
079 71066
080 68325
081 57416
082 83739
083 27125
084 51132
085 15087
086 99455
087 00456
088 01310
089 33020
090 46959
091 02962
092 12516
093 87176
094 45254
095 59030
096 68001
097 54404
098 66004
099 82769
100 13183
101 27780
102 11624
103 46125
104 17104
105 15963
106 35697
107 56375
108 26482
109 88824
110 17180
111 52617
112 75354
113 26361
114 19397
115 23462
116 67799
117 34287
118 97387
119 72475
120 08696
