001 99185
002 04628
003 37519
004 08507
005 27296
006 30099
007 91011
008 34527
009 26028
010 44264
011 76208
012 60854
013 23987
014 64524
015 83827
016 13426
017 65137
018 84239
019 01331
020 71053
021 87009
022 82768
023 85093
024 52448
025 43515
026 11476
027 68479
028 30899
029 73712
030 46643
031 04504
032 10321
033 94504
034 41975
035 27427
036 74851
037 56494
038 97960
039 61386
040 39692
041 71735
042 06375
043 26792
044 52527
045 53378
046 23288
047 57707
048 35041
049 01598
050 91208
051 71888
052 56871
053 63052
054 49940
055 47096
056 94219
057 51123
058 44034
059 26911
060 86363
061 02999
062 58098
063 69814
064 29261
065 96832
066 84625
067 09585
068 36046
069 94834
070 27185
071 46318
072 21989
073 65425
074 71479
075 55826
076 28888
077 48656
078 92716
079 03071
080 37835
081 32148
082 18649
083 11897
084 58970
085 61056
086 22444
087 50069
088 61131
089 99094
090 21025
091 66255
092 81332
093 01462
094 87501
095 07419
096 94770
097 19789
098 17428
099 70257
100 46902
101 53690
102 97985
103 48850
104 90427
105 80099
106 83883
107 84861
108 59249
109 93020
110 41170
111 30620
112 28290
113 18607
114 59006
115 87675
116 00868
117 09646
118 08422
119 23126
120 05725
