001 46789
002 73224
003 13886
004 62342
005 60625
006 95013
007 56673
008 47373
009 07557
010 59542
011 53780
012 77783
013 35480
014 85349
015 58767
016 91586
017 79445
018 02806
019 39960
020 26189
021 41010
022 13536
023 89627
024 33535
025 93550
026 20038
027 36248
028 03131
029 59824
030 32683
031 30884
032 96771
033 51382
034 25478
035 90211
036 26726
037 13680
038 07886
039 59534
040 19277
041 20436
042 01425
043 18096
044 36488
045 98289
046 77218
047 44859
048 19633
049 18927
050 05271
051 99764
052 14195
053 13255
054 91182
055 53903
056 09021
057 82423
058 80848
059 61034
060 21093
061 29064
062 45264
063 36677
064 39052
065 41035
066 83690
067 70580
068 43609
069 51107
070 05425
071 41614
072 15212
073 27278
074 97083
075 42180
076 06435
077 82970
078 89217
079 21088
080 04302
081 03497
082 81392
083 53007
084 24158
085 44049
086 18879
087 87489
088 99368
089 90849
090 65738
091 64348
092 86970
093 93753
094 15960
095 51927
096 71990
097 08717
098 47203
099 11320
100 85322
101 37611
102 42242
103 63867
104 17220
105 43257
106 23082
107 12769
108 97903
109 18993
110 10479
111 06163
112 44245
113 52551
114 24446
115 82160
116 76377
117 93290
118 19456
119 45060
120 30829
