001 45658
002 79005
003 81759
004 41999
005 96949
006 81456
007 66483
008 32584
009 36918
010 91843
011 89331
012 44578
013 61678
014 62255
015 59562
016 13231
017 28039
018 36369
019 58845
020 29148
021 - -
022 - -
023 - -
024 08604
025 46336
026 01510
027 40973
028 25558
029 60578
030 61027
031 07952
032 67675
033 83505
034 13674
035 30111
036 29694
037 84807
038 59225
039 88588
040 19310
041 71154
042 76122
043 04629
044 32737
045 55988
046 37742
047 82984
048 63550
049 06545
050 62272
051 60706
052 37047
053 06234
054 88804
055 42715
056 18492
057 96015
058 64902
059 57843
060 36218
061 35424
062 41999
063 44747
064 22966
065 08723
066 07422
067 22687
068 58908
069 36407
070 71115
071 82912
072 82170
073 75530
074 27786
075 79621
076 75352
077 50681
078 19909
079 91195
080 31655
081 95681
082 46632
083 87733
084 81883
085 75828
086 79366
087 87885
088 92281
089 55975
090 01294
091 05957
092 82318
093 18112
094 21956
095 97594
096 02401
097 58727
098 03808
099 27359
100 25123
101 92418
102 62857
103 49184
104 32990
105 31156
106 94022
107 11672
108 12744
109 13132
110 66929
111 24896
112 73196
113 00926
114 89380
115 62451
116 04184
117 23228
118 37347
119 37441
120 22133

