001 73164
002 13256
003 32765
004 10806
005 86915
006 02029
007 51772
008 02862
009 76941
010 02900
011 00088
012 87805
013 84205
014 90740
015 71448
016 67529
017 99554
018 31107
019 35483
020 11836
021 86167
022 85359
023 92380
024 41732
025 15724
026 20427
027 08134
028 09743
029 66643
030 40417
031 85580
032 45475
033 65637
034 21840
035 08426
036 43794
037 15762
038 66785
039 88634
040 17450
041 56541
042 94329
043 33632
044 05026
045 02845
046 90324
047 10897
048 87495
049 87092
050 44615
051 83526
052 91778
053 84327
054 50883
055 23934
056 18826
057 00859
058 86071
059 53638
060 75037
061 82428
062 92723
063 01520
064 82972
065 04643
066 48567
067 56295
068 98867
069 91044
070 91389
071 51558
072 49077
073 42295
074 43093
075 82438
076 06108
077 97707
078 87119
079 41230
080 07558
081 69121
082 20132
083 66422
084 41993
085 04814
086 36040
087 20092
088 07348
089 14527
090 42175
091 62747
092 00818
093 08623
094 93946
095 44200
096 58414
097 49579
098 21326
099 26613
100 88455
101 13880
102 75596
103 49720
104 11613
105 32758
106 39368
107 87744
108 96553
109 28846
110 38738
111 45037
112 68650
113 12389
114 33791
115 00606
116 81947
117 88156
118 93407
119 48494
120 98072
