001 90311
002 91182
003 77915
004 10618
005 64041
006 21592
007 63662
008 05294
009 06960
010 26069
011 47364
012 28079
013 24545
014 36893
015 48397
016 94431
017 33193
018 12184
019 41219
020 21270
021 93188
022 82814
023 03218
024 05388
025 26326
026 42559
027 37678
028 20683
029 29643
030 39510
031 39782
032 33516
033 49815
034 43714
035 85068
036 85282
037 61017
038 03539
039 04829
040 72794
041 31116
042 03682
043 77500
044 00321
045 05649
046 74976
047 14974
048 12321
049 72864
050 62117
051 15871
052 93880
053 24217
054 09179
055 03232
056 32140
057 28409
058 31153
059 61151
060 69296
061 63063
062 92136
063 36427
064 92082
065 96296
066 17255
067 79752
068 86026
069 89213
070 36407
071 31061
072 78928
073 10838
074 55038
075 05885
076 54579
077 59483
078 35088
079 60697
080 81342
081 98185
082 04099
083 51924
084 30913
085 66821
086 00391
087 93879
088 86871
089 31566
090 89966
091 46867
092 91848
093 48846
094 99622
095 80685
096 21198
097 86445
098 01822
099 32283
100 51299
101 24579
102 82274
103 83135
104 10939
105 75360
106 72899
107 91624
108 37361
109 28197
110 22165
111 97665
112 17963
113 00332
114 02001
115 52960
116 92434
117 73522
118 78214
119 50372
120 82448

