001 44371
002 97321
003 54340
004 96222
005 97222
006 47119
007 69100
008 97102
009 97765
010 64256
011 42082
012 15169
013 88035
014 96845
015 02021
016 40783
017 60737
018 34919
019 67431
020 99954
021 31252
022 92930
023 05367
024 84222
025 89869
026 29674
027 98538
028 84804
029 48721
030 73831
031 97409
032 10198
033 63980
034 54168
035 05234
036 27055
037 25121
038 14273
039 54797
040 99360
041 98280
042 69444
043 11534
044 69158
045 30588
046 71516
047 40748
048 48518
049 82715
050 78317
051 18777
052 35781
053 10273
054 20325
055 88600
056 39324
057 11880
058 79957
059 24308
060 38074
061 86667
062 55884
063 65889
064 93588
065 90000
066 01283
067 67494
068 84717
069 56360
070 93368
071 96420
072 22180
073 98923
074 14391
075 84325
076 69527
077 88039
078 51988
079 14331
080 47952
081 43526
082 28862
083 73798
084 10744
085 22036
086 58760
087 58489
088 01029
089 98675
090 55018
091 11665
092 88524
093 37044
094 56830
095 82707
096 99028
097 65356
098 50721
099 52862
100 54434
101 12818
102 00033
103 87036
104 76729
105 34357
106 56944
107 51643
108 55678
109 27273
110 33204
111 27497
112 61362
113 58191
114 55808
115 31643
116 96688
117 32014
118 80193
119 48598
120 05424

