001 21477
002 38057
003 98052
004 68545
005 85577
006 04075
007 93566
008 15017
009 49502
010 95126
011 91634
012 21536
013 31100
014 66576
015 48754
016 16450
017 99741
018 43801
019 42700
020 82969
021 07043
022 98746
023 87580
024 06876
025 19290
026 14280
027 18957
028 31079
029 23687
030 61037
031 29415
032 16649
033 87567
034 90454
035 10048
036 46503
037 25549
038 73441
039 57315
040 14782
041 16425
042 85056
043 03205
044 15126
045 01085
046 37661
047 50406
048 87100
049 41452
050 51467
051 74720
052 37610
053 72961
054 71305
055 35328
056 71047
057 09948
058 78321
059 39701
060 44502
061 82928
062 71030
063 98502
064 40713
065 11266
066 08096
067 44737
068 28450
069 90813
070 46037
071 36733
072 54586
073 66692
074 61146
075 11434
076 30234
077 38343
078 14962
079 34265
080 99404
081 67628
082 93331
083 08332
084 60834
085 44251
086 61402
087 70385
088 92331
089 14003
090 45987
091 74439
092 18966
093 95270
094 74412
095 52862
096 52225
097 32393
098 35807
099 20571
100 47027
101 05502
102 60583
103 95685
104 94526
105 75011
106 90139
107 89213
108 32464
109 32539
110 12598
111 39315
112 34929
113 83997
114 28737
115 04803
116 23200
117 16571
118 08122
119 34746
120 85848
