001 20553
002 74149
003 32186
004 16874
005 82524
006 66405
007 68556
008 10486
009 20431
010 02746
011 39044
012 05288
013 72824
014 53760
015 44607
016 81425
017 62488
018 34984
019 91205
020 49378
021 24912
022 95440
023 67734
024 37000
025 68662
026 71146
027 49543
028 10433
029 56568
030 14299
031 25207
032 00231
033 34229
034 05167
035 71326
036 80574
037 67608
038 88403
039 06723
040 02801
041 90103
042 45402
043 55636
044 50429
045 49433
046 15892
047 18074
048 37913
049 71796
050 19944
051 16453
052 67209
053 99399
054 05767
055 18515
056 08609
057 86973
058 18311
059 40419
060 76886
061 86485
062 06736
063 22407
064 60015
065 60633
066 68125
067 42596
068 31855
069 84267
070 18117
071 90773
072 90373
073 91825
074 84952
075 76026
076 90443
077 71371
078 63735
079 46058
080 24793
081 09265
082 87779
083 42666
084 42252
085 01444
086 38672
087 84186
088 42460
089 07798
090 67135
091 10881
092 63984
093 25558
094 51607
095 39063
096 73513
097 03223
098 12250
099 75300
100 84438
101 95188
102 80100
103 64929
104 87492
105 03931
106 57688
107 28464
108 97871
109 34941
110 85224
111 52353
112 65263
113 94845
114 91140
115 76996
116 60426
117 21627
118 67655
119 87514
120 09619

