001 67215
002 37253
003 48172
004 52981
005 10141
006 54814
007 35649
008 79034
009 65406
010 52514
011 38055
012 82526
013 28213
014 76579
015 96218
016 34400
017 05760
018 71366
019 24254
020 74326
021 96893
022 92024
023 88120
024 46290
025 17928
026 67707
027 76485
028 52142
029 68106
030 81018
031 46690
032 13023
033 22787
034 41581
035 78505
036 80049
037 58601
038 65578
039 66484
040 35045
041 85767
042 36198
043 54381
044 52096
045 62070
046 55772
047 82684
048 25724
049 98590
050 40016
051 81676
052 82525
053 98213
054 98493
055 15650
056 72743
057 70414
058 46692
059 59403
060 08408
061 45950
062 33913
063 04074
064 52039
065 64053
066 71201
067 98479
068 42047
069 16353
070 85461
071 47398
072 47659
073 55759
074 42577
075 09244
076 39827
077 23940
078 49813
079 25308
080 21732
081 65052
082 23579
083 90464
084 28274
085 81050
086 72482
087 25008
088 48698
089 70315
090 21322
091 02777
092 60833
093 82694
094 04606
095 24616
096 18697
097 86274
098 03535
099 95719
100 66728
101 87988
102 63551
103 19454
104 98728
105 14407
106 43986
107 12077
108 77099
109 58200
110 33271
111 90390
112 84253
113 01812
114 21529
115 83032
116 83935
117 57042
118 37274
119 39262
120 91903

