001 78765
002 65400
003 20296
004 85491
005 61439
006 37940
007 69070
008 82547
009 45455
010 48973
011 95117
012 39992
013 21661
014 13995
015 23925
016 81968
017 27088
018 73491
019 72264
020 59583
021 40335
022 51507
023 20059
024 18307
025 89632
026 69208
027 04669
028 50640
029 88655
030 47715
031 67648
032 32245
033 26906
034 26083
035 54750
036 79028
037 31631
038 62419
039 88240
040 10223
041 29225
042 02335
043 19104
044 23620
045 88546
046 22800
047 94790
048 94305
049 86769
050 87039
051 79594
052 21556
053 54020
054 45160
055 33620
056 85461
057 45858
058 83747
059 49648
060 21297
061 24846
062 30336
063 59106
064 85508
065 24042
066 59050
067 20477
068 32997
069 83735
070 92369
071 10490
072 76553
073 09645
074 96370
075 83965
076 16012
077 55863
078 78602
079 89175
080 63978
081 70955
082 43791
083 13561
084 09630
085 21702
086 26132
087 16632
088 83654
089 23355
090 36562
091 26919
092 99914
093 44209
094 14348
095 64566
096 38169
097 74593
098 14595
099 65595
100 58058
101 87929
102 22068
103 76020
104 67863
105 95979
106 64586
107 18194
108 37263
109 05771
110 87506
111 15382
112 41398
113 66458
114 23709
115 56736
116 41617
117 25540
118 46105
119 93693
120 31072

