001 13480
002 02368
003 13285
004 93270
005 42443
006 07915
007 96398
008 67868
009 36886
010 82408
011 06459
012 43317
013 17067
014 17606
015 57501
016 90436
017 17690
018 80265
019 77368
020 52316
021 31358
022 08766
023 63657
024 31214
025 96945
026 70469
027 57241
028 53711
029 74963
030 85470
031 70769
032 71291
033 47038
034 72432
035 91672
036 04802
037 84793
038 81114
039 66483
040 16896
041 73540
042 61186
043 08786
044 85806
045 87328
046 38795
047 77611
048 47288
049 51592
050 89052
051 20093
052 82604
053 49530
054 24946
055 41229
056 81956
057 55323
058 34849
059 73622
060 77143
061 24479
062 39786
063 10287
064 37528
065 18757
066 79303
067 22706
068 70968
069 75852
070 46686
071 76630
072 17990
073 14541
074 83397
075 61734
076 20846
077 22195
078 95047
079 70208
080 94349
081 01667
082 09586
083 45995
084 20037
085 23306
086 33171
087 39684
088 48741
089 28418
090 65342
091 61316
092 95960
093 52216
094 17663
095 56012
096 67382
097 82688
098 74651
099 14851
100 03201
101 29752
102 31109
103 83123
104 50966
105 37802
106 63849
107 81671
108 16223
109 04592
110 37335
111 97614
112 45704
113 21932
114 43538
115 02518
116 34167
117 40376
118 42213
119 56885
120 08884

