001 99883
002 27357
003 17030
004 06191
005 92150
006 63482
007 94364
008 14368
009 76585
010 05262
011 85730
012 59111
013 59863
014 76652
015 07882
016 36113
017 66259
018 42881
019 07293
020 71859
021 94414
022 50179
023 32090
024 58597
025 97877
026 76646
027 03613
028 27677
029 83072
030 50433
031 30165
032 27125
033 98662
034 78528
035 83549
036 34388
037 09817
038 92303
039 76625
040 05821
041 60252
042 29762
043 55027
044 64567
045 56122
046 51512
047 78304
048 85838
049 60070
050 03806
051 77087
052 98379
053 34486
054 34898
055 64241
056 09566
057 82884
058 57941
059 93423
060 17147
061 79002
062 80962
063 22476
064 08741
065 40233
066 92543
067 82675
068 41350
069 93230
070 14303
071 25814
072 47275
073 22155
074 74367
075 84611
076 47851
077 64975
078 32309
079 58843
080 59681
081 95268
082 35470
083 73416
084 96423
085 49797
086 46139
087 58624
088 71769
089 54888
090 82948
091 60262
092 37465
093 72473
094 76136
095 86931
096 32605
097 87320
098 47854
099 23193
100 63772
101 79276
102 09909
103 53341
104 61909
105 12563
106 62304
107 76376
108 18331
109 64458
110 88786
111 66525
112 49579
113 96172
114 96761
115 84031
116 14647
117 73070
118 19589
119 02359
120 40666

