001 90212
002 53196
003 84837
004 11426
005 82339
006 30612
007 71906
008 71414
009 31979
010 43134
011 73419
012 85743
013 16534
014 90516
015 78969
016 04857
017 28040
018 03637
019 93432
020 68955
021 69694
022 20365
023 87803
024 12393
025 36990
026 11298
027 22025
028 17498
029 50615
030 33737
031 97684
032 26454
033 48327
034 98737
035 46686
036 13261
037 17661
038 89831
039 42930
040 74094
041 39481
042 07931
043 28599
044 03814
045 09580
046 46766
047 34035
048 84173
049 43882
050 15189
051 24018
052 65566
053 78582
054 07639
055 02243
056 16922
057 38847
058 31126
059 66143
060 67290
061 78847
062 97358
063 23040
064 04653
065 29073
066 96777
067 92824
068 86627
069 69210
070 76488
071 31542
072 86042
073 40433
074 00214
075 04774
076 29141
077 36041
078 76351
079 80710
080 67688
081 67056
082 23237
083 21498
084 69685
085 52158
086 99930
087 87016
088 27011
089 84569
090 02435
091 14153
092 61354
093 07295
094 45038
095 81581
096 63949
097 96506
098 02407
099 85363
100 03847
101 68497
102 41525
103 41865
104 02453
105 08104
106 00449
107 06936
108 59264
109 65765
110 75096
111 05361
112 64256
113 29286
114 54253
115 87446
116 39166
117 19064
118 18492
119 52555
120 68353
