001 77227
002 35942
003 87750
004 90912
005 03999
006 61127
007 28244
008 69129
009 13850
010 65814
011 54276
012 82856
013 02164
014 99482
015 79014
016 94751
017 39878
018 37971
019 93830
020 47134
021 64599
022 86335
023 20205
024 63624
025 17688
026 18301
027 85946
028 30926
029 42992
030 05469
031 51715
032 13140
033 87285
034 15556
035 03158
036 73474
037 56690
038 27204
039 70569
040 89061
041 79409
042 09497
043 50444
044 40286
045 15919
046 19783
047 20469
048 56552
049 63628
050 81017
051 23404
052 56105
053 81810
054 21224
055 09610
056 74021
057 21206
058 76992
059 43310
060 84245
061 54952
062 34275
063 44423
064 03583
065 31036
066 81122
067 55903
068 69543
069 28522
070 72069
071 73790
072 38199
073 91746
074 17927
075 76668
076 42324
077 73034
078 25267
079 18419
080 32544
081 17908
082 30724
083 72341
084 01924
085 84056
086 57058
087 41367
088 44682
089 27208
090 41499
091 01731
092 96725
093 82137
094 75945
095 44568
096 25328
097 97605
098 50393
099 31641
100 42235
101 63913
102 87879
103 24442
104 25806
105 32387
106 30101
107 95782
108 55805
109 97099
110 19476
111 51802
112 56684
113 54269
114 02723
115 27795
116 80510
117 60051
118 60178
119 18813
120 33697
