001 65344
002 32030
003 95194
004 52998
005 06773
006 61515
007 80533
008 56531
009 07349
010 42641
011 18410
012 85769
013 39733
014 86999
015 04474
016 25346
017 10402
018 62126
019 55938
020 96447
021 20236
022 75913
023 25939
024 36019
025 38358
026 01789
027 31794
028 64493
029 26479
030 56414
031 55683
032 46050
033 05853
034 72356
035 02464
036 37207
037 32969
038 14525
039 70469
040 62050
041 16645
042 66999
043 07169
044 18174
045 53180
046 28800
047 53135
048 04631
049 67012
050 18165
051 29554
052 57428
053 79938
054 67088
055 86841
056 13713
057 68373
058 33764
059 10221
060 54785
061 30412
062 51490
063 38598
064 17406
065 44783
066 50903
067 31438
068 99872
069 06282
070 54279
071 00616
072 03468
073 26120
074 86687
075 72718
076 13405
077 81501
078 96036
079 98822
080 32798
081 24111
082 40158
083 98967
084 28084
085 57167
086 36896
087 49976
088 97367
089 24253
090 81580
091 66707
092 47261
093 73057
094 80898
095 62536
096 12499
097 14253
098 81334
099 20267
100 18703
101 30345
102 44764
103 11618
104 95442
105 90136
106 47898
107 60205
108 44795
109 61561
110 43131
111 60862
112 62467
113 87256
114 64193
115 17482
116 17460
117 61279
118 76552
119 72207
120 36952

