001 17211
002 64922
003 89104
004 77892
005 23188
006 21042
007 75630
008 71190
009 14603
010 92738
011 64126
012 07765
013 67536
014 83022
015 02798
016 77142
017 39567
018 01091
019 36245
020 91175
021 28410
022 99402
023 17161
024 32266
025 68826
026 60423
027 46136
028 39730
029 24299
030 02700
031 46080
032 13222
033 69777
034 68912
035 16021
036 06359
037 09009
038 49663
039 35493
040 20705
041 74570
042 10455
043 67312
044 20237
045 67558
046 42341
047 38781
048 28821
049 00982
050 28363
051 00702
052 07555
053 63939
054 51920
055 74739
056 13935
057 18522
058 04309
059 77688
060 99935
061 31248
062 65553
063 62450
064 62507
065 68368
066 56145
067 41036
068 21516
069 85281
070 79924
071 17596
072 49731
073 49578
074 78000
075 82539
076 76451
077 17466
078 20521
079 60932
080 57247
081 55077
082 91998
083 54982
084 98906
085 84021
086 67880
087 32253
088 03763
089 82214
090 34175
091 18670
092 41540
093 41723
094 05708
095 42093
096 70624
097 44638
098 72455
099 34053
100 70764
101 89786
102 96576
103 84874
104 03060
105 20887
106 91578
107 70492
108 04917
109 65250
110 11151
111 23866
112 01724
113 06301
114 97202
115 46229
116 72012
117 36712
118 02979
119 33999
120 05300
