001 64419
002 96522
003 36297
004 08247
005 53482
006 92900
007 96397
008 62327
009 09124
010 28506
011 02487
012 71611
013 18025
014 06198
015 68359
016 15884
017 21386
018 69085
019 28586
020 83314
021 47455
022 61971
023 21080
024 74046
025 13202
026 80553
027 88348
028 28666
029 46807
030 13480
031 64079
032 81119
033 36887
034 21268
035 25529
036 70090
037 29407
038 15741
039 47040
040 02289
041 24406
042 93499
043 72165
044 53903
045 42375
046 42577
047 26491
048 45383
049 19272
050 78256
051 40409
052 54203
053 24339
054 43923
055 91524
056 82034
057 59447
058 78782
059 36337
060 85595
061 07690
062 55451
063 71462
064 54041
065 80220
066 56218
067 72776
068 53239
069 89982
070 09013
071 96648
072 58436
073 83227
074 19658
075 81347
076 87742
077 49212
078 28789
079 50259
080 72620
081 28186
082 67108
083 24675
084 85244
085 42006
086 61845
087 18220
088 62796
089 38592
090 23900
091 83843
092 72882
093 37097
094 73565
095 93481
096 30014
097 79653
098 08054
099 21228
100 41109
101 08918
102 48379
103 76047
104 61749
105 54831
106 76474
107 77154
108 75006
109 41900
110 65550
111 07309
112 67981
113 88427
114 90753
115 63733
116 77371
117 61632
118 14362
119 09997
120 19740

