001 72850
002 88273
003 97716
004 29171
005 92238
006 45111
007 38054
008 09533
009 91742
010 73071
011 17937
012 55419
013 08961
014 71714
015 07690
016 60479
017 93584
018 79189
019 39386
020 75519
021 05322
022 65283
023 91569
024 50432
025 65587
026 26465
027 22889
028 92276
029 78379
030 92176
031 51019
032 23733
033 07342
034 61257
035 97130
036 06385
037 70538
038 58667
039 73935
040 44643
041 52556
042 46992
043 16596
044 35527
045 60276
046 81503
047 50986
048 34988
049 47451
050 61951
051 15320
052 39694
053 83841
054 41562
055 76511
056 11554
057 83509
058 12645
059 82067
060 43902
061 85603
062 10365
063 21281
064 58246
065 73388
066 16488
067 79265
068 38719
069 35520
070 54825
071 93557
072 22759
073 04864
074 51245
075 19593
076 88273
077 97604
078 67413
079 94581
080 91922
081 92184
082 11428
083 80461
084 76029
085 07492
086 30702
087 15974
088 70900
089 80052
090 26493
091 03201
092 95994
093 39627
094 30792
095 21167
096 94449
097 86817
098 14124
099 17097
100 58517
101 68229
102 85969
103 77164
104 90390
105 10786
106 80412
107 64407
108 17250
109 49370
110 41899
111 17206
112 71635
113 34601
114 93214
115 71884
116 29520
117 20472
118 91478
119 14965
120 00142
