001 24714
002 95474
003 65102
004 45710
005 19632
006 40366
007 22145
008 52817
009 71829
010 13276
011 93483
012 49820
013 28208
014 12517
015 84096
016 11662
017 42631
018 78094
019 72449
020 43155
021 05837
022 83654
023 80157
024 71811
025 45500
026 21393
027 46238
028 98606
029 22711
030 00756
031 32154
032 02849
033 35323
034 78794
035 54537
036 61276
037 87980
038 24134
039 46977
040 28798
041 66143
042 41582
043 70033
044 30234
045 73425
046 39685
047 17028
048 19562
049 39673
050 37688
051 25878
052 56430
053 77568
054 68444
055 49517
056 70523
057 05436
058 09318
059 98956
060 39952
061 78453
062 29321
063 27350
064 69758
065 08157
066 42627
067 92911
068 76111
069 26918
070 28181
071 43704
072 27258
073 53839
074 70910
075 97580
076 37615
077 29262
078 31406
079 12244
080 51645
081 04389
082 64781
083 20805
084 29296
085 27002
086 51508
087 28625
088 24365
089 08668
090 01304
091 39843
092 86581
093 85037
094 12986
095 69997
096 01982
097 77574
098 83972
099 59225
100 65322
101 05805
102 96753
103 69714
104 52987
105 03429
106 35611
107 66235
108 31032
109 92401
110 54906
111 55894
112 94539
113 97425
114 77281
115 38228
116 89097
117 53285
118 54507
119 31322
120 65665
