001 00338
002 77999
003 17651
004 15239
005 72224
006 64596
007 32986
008 55668
009 03389
010 06186
011 97927
012 74891
013 85101
014 60207
015 90108
016 63259
017 79940
018 38883
019 01676
020 86231
021 71556
022 91998
023 38817
024 10541
025 82584
026 91818
027 11447
028 20558
029 89674
030 09838
031 02799
032 83684
033 88659
034 42490
035 95003
036 90067
037 59312
038 11955
039 30261
040 45988
041 77618
042 86586
043 60723
044 37113
045 85865
046 48798
047 51514
048 98026
049 01258
050 68974
051 93054
052 15574
053 41817
054 58433
055 25840
056 38878
057 17569
058 26404
059 75193
060 45425
061 49090
062 04764
063 80456
064 62860
065 14205
066 68758
067 24801
068 54981
069 99359
070 33888
071 03207
072 39955
073 57130
074 82764
075 40495
076 00996
077 00027
078 42190
079 82305
080 16607
081 32973
082 45266
083 06008
084 48219
085 11950
086 63069
087 08556
088 76772
089 99157
090 49439
091 03412
092 68206
093 61825
094 55210
095 68574
096 78363
097 95617
098 63385
099 03905
100 07573
101 68667
102 68025
103 77199
104 23093
105 19551
106 92478
107 77374
108 35362
109 73465
110 48345
111 03169
112 88479
113 10385
114 21773
115 37609
116 07539
117 53586
118 19351
119 62799
120 67018

