001 74975
002 98456
003 51913
004 18158
005 01167
006 19333
007 62532
008 50526
009 57648
010 58692
011 59104
012 34894
013 30349
014 81388
015 24221
016 19044
017 41331
018 01923
019 12169
020 16357
021 25658
022 37924
023 90671
024 10386
025 33781
026 28661
027 86655
028 35906
029 94582
030 21283
031 34587
032 00518
033 11751
034 41559
035 90296
036 25392
037 86828
038 40103
039 38994
040 63039
041 72342
042 76888
043 28155
044 83856
045 92114
046 26811
047 74404
048 41996
049 12406
050 88385
051 75697
052 34663
053 26226
054 13294
055 12813
056 00014
057 58876
058 50954
059 66841
060 38315
061 35107
062 37680
063 22929
064 15243
065 49576
066 70325
067 19109
068 32714
069 90320
070 41349
071 99946
072 76040
073 77092
074 06835
075 59444
076 07366
077 63516
078 43155
079 04314
080 17343
081 64565
082 60018
083 51730
084 32898
085 01528
086 40036
087 24598
088 36615
089 10285
090 34289
091 53660
092 66756
093 32774
094 68294
095 68661
096 33590
097 06587
098 98376
099 79036
100 96722
101 20129
102 53654
103 50358
104 86978
105 91259
106 82105
107 66920
108 86322
109 40205
110 71785
111 57346
112 51409
113 66839
114 03300
115 15417
116 26132
117 60158
118 89208
119 01046
120 90793
