001 73409
002 39402
003 45298
004 74325
005 44822
006 55494
007 87854
008 25031
009 76139
010 98295
011 10424
012 23898
013 05740
014 98588
015 99568
016 81657
017 98622
018 98261
019 91637
020 40099
021 99555
022 43452
023 42525
024 89136
025 67044
026 16126
027 89452
028 08267
029 26172
030 22426
031 08343
032 78671
033 29266
034 35686
035 74747
036 99304
037 88632
038 38235
039 15542
040 95973
041 73636
042 25876
043 47020
044 55528
045 84666
046 96255
047 45797
048 34849
049 34234
050 28343
051 07964
052 78261
053 90793
054 84412
055 01564
056 54137
057 14254
058 94181
059 50346
060 93997
061 59171
062 80669
063 85621
064 03009
065 45134
066 03571
067 96379
068 60414
069 50760
070 85230
071 91161
072 40029
073 07945
074 73922
075 35942
076 74493
077 14370
078 89819
079 09725
080 64674
081 46424
082 18876
083 14760
084 87453
085 92263
086 95995
087 57618
088 58973
089 77453
090 17764
091 41802
092 06316
093 97431
094 25373
095 98510
096 39605
097 66398
098 58135
099 94972
100 66465
101 82947
102 35493
103 19148
104 80088
105 84274
106 80323
107 86192
108 54470
109 03687
110 00096
111 68550
112 54262
113 30452
114 27313
115 13843
116 84376
117 36733
118 16025
119 99325
120 15118

