001 45969
002 93160
003 04590
004 26120
005 10722
006 12028
007 24149
008 17605
009 85556
010 23508
011 27107
012 21180
013 30390
014 18204
015 88258
016 78343
017 70279
018 27917
019 98803
020 25492
021 59596
022 69794
023 27997
024 98139
025 57094
026 42497
027 89950
028 79353
029 80617
030 70207
031 26689
032 97418
033 21744
034 94566
035 80824
036 14194
037 65305
038 61811
039 86043
040 38384
041 73296
042 00220
043 82859
044 21634
045 64012
046 73576
047 15815
048 55471
049 70673
050 72493
051 67210
052 38589
053 75534
054 42930
055 20211
056 15358
057 88410
058 93208
059 02487
060 52738
061 80742
062 45549
063 04885
064 64751
065 72111
066 26563
067 52177
068 32890
069 28080
070 02261
071 88529
072 07316
073 39869
074 32628
075 65454
076 01790
077 81055
078 25835
079 95737
080 42787
081 51013
082 79168
083 53433
084 69978
085 48569
086 25246
087 33247
088 82509
089 71360
090 92779
091 57480
092 82437
093 94525
094 47164
095 50486
096 39772
097 16981
098 42293
099 84373
100 03133
101 17424
102 85866
103 16765
104 49922
105 18264
106 94399
107 56032
108 64707
109 82277
110 36037
111 08483
112 71544
113 06626
114 17408
115 13963
116 05652
117 22863
118 93982
119 91430
120 49001

