001 35173
002 95342
003 65706
004 54277
005 04017
006 85926
007 30711
008 64933
009 12224
010 08703
011 36036
012 06766
013 20688
014 06777
015 59838
016 86525
017 59837
018 71175
019 05823
020 95368
021 77738
022 96720
023 75728
024 51894
025 10285
026 60706
027 58785
028 15400
029 35643
030 00129
031 80993
032 86752
033 57622
034 61969
035 23442
036 58585
037 33448
038 32744
039 89501
040 14482
041 39488
042 46295
043 04710
044 58910
045 28988
046 69932
047 41401
048 41929
049 74149
050 70103
051 16410
052 90776
053 29413
054 48495
055 41102
056 04381
057 32786
058 17565
059 08999
060 89843
061 44648
062 67879
063 14204
064 10671
065 55467
066 93943
067 07579
068 79657
069 55574
070 06773
071 70739
072 25700
073 64419
074 08286
075 91838
076 92851
077 72841
078 29757
079 68512
080 76649
081 09426
082 50925
083 86218
084 39938
085 32887
086 86229
087 31137
088 00317
089 71135
090 41999
091 30006
092 38650
093 67316
094 02761
095 37671
096 82346
097 42956
098 82508
099 22716
100 68317
101 70380
102 96683
103 92423
104 41950
105 66729
106 33975
107 58013
108 19050
109 35106
110 40626
111 87947
112 90568
113 41085
114 75293
115 29285
116 59498
117 87997
118 13410
119 39861
120 51053
