001 88335
002 47695
003 61667
004 92918
005 82679
006 71568
007 51017
008 62775
009 98603
010 98100
011 74843
012 35513
013 77935
014 34753
015 32372
016 70161
017 19231
018 14339
019 70363
020 30807
021 53475
022 57968
023 36904
024 90327
025 51142
026 97614
027 97065
028 38722
029 67098
030 70042
031 00783
032 05291
033 91976
034 76088
035 43296
036 04759
037 30585
038 45135
039 93099
040 81072
041 28686
042 47373
043 14497
044 53954
045 20704
046 91861
047 13343
048 64045
049 09985
050 27543
051 41623
052 23069
053 69476
054 51571
055 47872
056 21752
057 44262
058 54447
059 86921
060 01859
061 98180
062 74873
063 38536
064 59629
065 51433
066 91359
067 02835
068 88909
069 09062
070 22561
071 61045
072 04485
073 61035
074 79391
075 11922
076 86809
077 47708
078 55566
079 60021
080 48503
081 24278
082 65102
083 25605
084 43267
085 21634
086 61952
087 13793
088 94612
089 26363
090 11460
091 18049
092 74982
093 56236
094 21451
095 57585
096 11736
097 77550
098 20059
099 95224
100 60329
101 88930
102 18611
103 98484
104 05084
105 27138
106 05235
107 12088
108 38159
109 75141
110 95798
111 27034
112 59375
113 06900
114 82884
115 45947
116 85680
117 75557
118 39193
119 86317
120 64558
