001 27011
002 28920
003 07164
004 89773
005 55373
006 35304
007 30058
008 18860
009 34894
010 47852
011 79038
012 40885
013 24267
014 28289
015 26253
016 62282
017 67338
018 15815
019 -
020 97191
021 55334
022 90532
023 99437
024 25144
025 17352
026 82633
027 74615
028 05392
029 31424
030 21479
031 14302
032 18448
033 93136
034 94070
035 55908
036 44939
037 23170
038 81020
039 36673
040 42005
041 68467
042 70069
043 22598
044 58603
045 41289
046 46482
047 34829
048 96803
049 04745
050 48202
051 33310
052 13970
053 28100
054 81267
055 89838
056 39317
057 32401
058 45752
059 32554
060 93587
061 58329
062 11265
063 82433
064 58998
065 64021
066 79032
067 68496
068 81538
069 14537
070 15167
071 84487
072 73169
073 65518
074 52061
075 19909
076 72969
077 64657
078 62413
079 29816
080 58742
081 92719
082 43697
083 63356
084 45722
085 93096
086 60307
087 31539
088 70559
089 68329
090 41849
091 01889
092 76725
093 32237
094 57923
095 49101
096 70204
097 27663
098 83053
099 53665
100 42447
101 76815
102 99446
103 26222
104 95532
105 62184
106 72410
107 03027
108 80550
109 36568
110 88593
111 85350
112 73856
113 74345
114 48732
115 17264
116 56761
117 15483
118 16994
119 83087
120 73564
