001 28089
002 78934
003 44037
004 81032
005 73434
006 61755
007 73413
008 07152
009 27900
010 05952
011 89000
012 23300
013 74092
014 72207
015 79004
016 06066
017 76454
018 93058
019 63796
020 24821
021 50085
022 83389
023 63431
024 22628
025 55368
026 98520
027 55270
028 75417
029 49768
030 93299
031 63089
032 34172
033 18221
034 28100
035 83474
036 10969
037 44536
038 40880
039 34701
040 59257
041 18359
042 11665
043 79277
044 94460
045 04398
046 12352
047 18846
048 33502
049 20308
050 92082
051 86428
052 17025
053 92806
054 96624
055 64834
056 14810
057 35747
058 30752
059 00133
060 38106
061 72648
062 39848
063 69200
064 08178
065 21180
066 54004
067 27546
068 62878
069 32305
070 49843
071 97718
072 19744
073 19067
074 50991
075 36958
076 16932
077 63384
078 99551
079 58024
080 62051
081 25594
082 60720
083 19719
084 87295
085 41833
086 56592
087 48102
088 74386
089 92291
090 80561
091 93835
092 43351
093 07981
094 07822
095 44784
096 33574
097 62175
098 68597
099 02703
100 26256
101 14386
102 53807
103 89784
104 65004
105 81072
106 78885
107 84772
108 87498
109 42426
110 45619
111 11458
112 33944
113 12370
114 74513
115 32800
116 25851
117 14816
118 26717
119 16617
120 79414

