001 80530
002 17339
003 82037
004 58565
005 73755
006 84251
007 26474
008 48503
009 67204
010 37115
011 99910
012 03437
013 99711
014 44847
015 20949
016 56320
017 44378
018 70217
019 73494
020 65253
021 90748
022 27327
023 41030
024 45651
025 20711
026 16403
027 65385
028 74103
029 31005
030 44495
031 67105
032 74820
033 34639
034 42794
035 64716
036 61386
037 69425
038 61486
039 18929
040 44623
041 80778
042 04183
043 44687
044 44873
045 30394
046 90014
047 22883
048 51179
049 69799
050 36692
051 06783
052 12832
053 61946
054 38648
055 30593
056 71224
057 31616
058 62529
059 55357
060 25538
061 62446
062 23447
063 69320
064 68937
065 64888
066 92822
067 33753
068 76500
069 80253
070 86834
071 99005
072 84396
073 82850
074 16556
075 48111
076 20571
077 52906
078 60189
079 18130
080 07467
081 84281
082 89918
083 81037
084 58453
085 61644
086 02809
087 21211
088 69170
089 32800
090 07767
091 12605
092 35684
093 18244
094 83896
095 97942
096 71505
097 35458
098 29136
099 92484
100 14289
101 84865
102 67780
103 23415
104 42140
105 55626
106 36094
107 94553
108 03541
109 43022
110 49586
111 30763
112 83365
113 56073
114 74704
115 58756
116 63537
117 66007
118 60736
119 61093
120 30520
