001 73589
002 84612
003 46933
004 69923
005 15180
006 33220
007 32406
008 37557
009 99443
010 27488
011 27006
012 78713
013 99376
014 22643
015 03813
016 93483
017 29641
018 03791
019 45410
020 03693
021 39450
022 46303
023 69320
024 35763
025 73586
026 56375
027 97261
028 05231
029 94620
030 34525
031 13889
032 90326
033 68387
034 48420
035 47429
036 93565
037 78866
038 66990
039 11300
040 18947
041 52640
042 75029
043 99231
044 41969
045 91887
046 07449
047 95782
048 02648
049 23566
050 18731
051 60890
052 49458
053 09943
054 36341
055 90573
056 72038
057 81594
058 92283
059 46207
060 03309
061 96261
062 28346
063 35502
064 40325
065 94028
066 00361
067 85386
068 97092
069 73323
070 46270
071 92889
072 24262
073 78592
074 78250
075 94760
076 81860
077 06312
078 62629
079 96242
080 18826
081 04255
082 60595
083 34331
084 42857
085 09108
086 18914
087 88299
088 88019
089 38561
090 83908
091 23260
092 33167
093 48343
094 04078
095 90989
096 42616
097 70024
098 62670
099 52933
100 81950
101 14628
102 55561
103 89327
104 02632
105 77902
106 37218
107 86919
108 13060
109 38226
110 24267
111 27304
112 68921
113 15809
114 81324
115 36228
116 41002
117 62996
118 94713
119 67810
120 46590

