001 15941
002 49953
003 51994
004 39930
005 23152
006 35834
007 61121
008 81598
009 62074
010 63459
011 86256
012 47566
013 05202
014 62543
015 01526
016 94361
017 85181
018 93249
019 03657
020 37886
021 45250
022 23817
023 69745
024 03367
025 61175
026 11057
027 57621
028 90558
029 12799
030 79971
031 46887
032 79765
033 58694
034 90454
035 44932
036 40488
037 04844
038 77884
039 74485
040 52988
041 88913
042 48106
043 42855
044 99253
045 14851
046 32567
047 37568
048 77006
049 62684
050 93798
051 81879
052 28491
053 37349
054 83120
055 68562
056 23528
057 13998
058 98530
059 98067
060 31629
061 35119
062 08211
063 26862
064 84784
065 91173
066 24241
067 60678
068 36656
069 33742
070 28232
071 59862
072 06232
073 67634
074 87119
075 39604
076 68542
077 80518
078 88165
079 91170
080 06309
081 08187
082 05359
083 18750
084 81333
085 37207
086 40382
087 31453
088 74015
089 45001
090 83172
091 69540
092 54999
093 71417
094 02236
095 91109
096 19493
097 35397
098 41575
099 73055
100 01835
101 18077
102 92307
103 31687
104 11150
105 70459
106 72564
107 53177
108 93608
109 26546
110 75964
111 97429
112 74315
113 90556
114 79551
115 96502
116 89428
117 63445
118 42989
119 94142
120 09984
