001 28196
002 36078
003 13863
004 94863
005 23534
006 88465
007 75920
008 23916
009 87763
010 16586
011 60467
012 52884
013 55365
014 56049
015 91834
016 57268
017 24629
018 65298
019 43465
020 56220
021 46237
022 57586
023 58671
024 66634
025 45312
026 60303
027 35517
028 91317
029 40928
030 88005
031 75307
032 59067
033 90021
034 88807
035 48651
036 38948
037 83416
038 68068
039 57981
040 79139
041 91501
042 54378
043 67511
044 25845
045 58766
046 88755
047 96735
048 86597
049 14805
050 65360
051 62762
052 44827
053 13259
054 87567
055 06341
056 75097
057 01025
058 36893
059 44941
060 05889
061 17070
062 02040
063 66595
064 04640
065 28404
066 65228
067 19383
068 11787
069 20717
070 76608
071 12909
072 16663
073 74931
074 44610
075 98098
076 95174
077 96431
078 19294
079 02723
080 53321
081 99186
082 60550
083 10082
084 93186
085 73656
086 65839
087 53167
088 64274
089 86453
090 53591
091 23527
092 78822
093 49314
094 41644
095 37962
096 73124
097 07647
098 84418
099 45411
100 56806
101 72307
102 62721
103 36884
104 99177
105 51715
106 77771
107 28017
108 07073
109 99790
110 39584
111 41864
112 87804
113 96635
114 80206
115 24951
116 89529
117 40471
118 16155
119 55061
120 12763

