001 93235
002 22089
003 46350
004 92423
005 26951
006 97353
007 75343
008 10856
009 39509
010 16638
011 41940
012 58937
013 59403
014 65241
015 35926
016 33573
017 38407
018 75337
019 11443
020 49895
021 87721
022 36087
023 22828
024 45909
025 98360
026 52152
027 31906
028 51166
029 81942
030 99346
031 30216
032 36855
033 28234
034 97148
035 85343
036 37266
037 53648
038 51703
039 59553
040 79365
041 67318
042 78919
043 82505
044 21755
045 75274
046 06446
047 75120
048 74430
049 91165
050 04897
051 92475
052 12837
053 60457
054 77417
055 80032
056 64238
057 54495
058 26361
059 68295
060 07798
061 21210
062 75255
063 46992
064 41008
065 43857
066 01911
067 01505
068 23123
069 80846
070 66118
071 67855
072 13677
073 82495
074 60066
075 88030
076 09447
077 87784
078 51146
079 60396
080 16708
081 84300
082 18738
083 72151
084 51250
085 58851
086 39969
087 83614
088 89071
089 73923
090 36103
091 21293
092 10362
093 01153
094 57230
095 72596
096 92609
097 92340
098 30513
099 43843
100 84493
101 85725
102 41895
103 80384
104 49676
105 50896
106 60842
107 64865
108 48692
109 66253
110 87990
111 83220
112 03574
113 78382
114 62275
115 16942
116 50103
117 77045
118 27038
119 12992
120 17366

