001 80072
002 69234
003 78620
004 95840
005 45863
006 28685
007 39154
008 40469
009 03628
010 94573
011 64432
012 00468
013 35662
014 85864
015 43318
016 55958
017 39814
018 75216
019 73186
020 96380
021 29761
022 31756
023 45457
024 44186
025 65722
026 12243
027 18728
028 97117
029 35411
030 89630
031 98093
032 58437
033 41202
034 68566
035 34507
036 14223
037 26853
038 05406
039 79400
040 79982
041 03697
042 41272
043 08059
044 55700
045 83216
046 05211
047 41913
048 44953
049 66110
050 57110
051 76293
052 93433
053 22716
054 14929
055 73627
056 20214
057 82281
058 07682
059 62733
060 00923
061 87406
062 42224
063 96988
064 83317
065 06211
066 48366
067 38046
068 65210
069 86132
070 43855
071 46201
072 11297
073 93888
074 84622
075 32680
076 51906
077 39060
078 66201
079 70958
080 27314
081 22712
082 96591
083 01906
084 16595
085 25037
086 45924
087 25694
088 59206
089 08239
090 33744
091 74497
092 74798
093 67413
094 27124
095 78310
096 07124
097 58761
098 69981
099 92827
100 07729
101 72271
102 95298
103 23359
104 59669
105 56996
106 30459
107 63974
108 75346
109 50823
110 90289
111 32828
112 93290
113 48340
114 51830
115 96150
116 28657
117 68425
118 17121
119 76337
120 79579
