001 24764
002 76151
003 32389
004 07002
005 14796
006 34676
007 27021
008 70206
009 26163
010 90073
011 20986
012 07731
013 32512
014 77124
015 48248
016 14530
017 14409
018 26048
019 78665
020 93906
021 66371
022 51989
023 44439
024 63365
025 26235
026 55173
027 56646
028 27149
029 23946
030 96267
031 49129
032 47950
033 76555
034 31076
035 89929
036 41012
037 65632
038 39884
039 86915
040 27186
041 24024
042 56744
043 81397
044 25983
045 94297
046 50503
047 93270
048 79729
049 16301
050 25316
051 98658
052 71143
053 55215
054 02342
055 97681
056 62923
057 53228
058 81592
059 35433
060 62169
061 35894
062 98416
063 92210
064 45100
065 62215
066 31736
067 88693
068 13327
069 50867
070 49180
071 26944
072 07440
073 04985
074 94314
075 93964
076 23214
077 91037
078 29519
079 94221
080 38099
081 40551
082 56624
083 81494
084 21486
085 41062
086 99627
087 11533
088 47122
089 31351
090 69495
091 54703
092 38356
093 25308
094 54022
095 77798
096 58700
097 13827
098 47643
099 20640
100 80396
101 45136
102 14261
103 88945
104 94266
105 72775
106 08287
107 68003
108 54282
109 98794
110 32569
111 86468
112 50513
113 76325
114 84917
115 95516
116 84807
117 76947
118 09074
119 93798
120 12436

