001 09049
002 55302
003 80460
004 41951
005 89022
006 43950
007 01680
008 76836
009 66788
010 14672
011 73257
012 22375
013 82557
014 81665
015 18582
016 74996
017 80094
018 29132
019 51417
020 99593
021 30401
022 87352
023 28682
024 68998
025 19192
026 34415
027 30269
028 01279
029 05380
030 23512
031 76541
032 89117
033 97886
034 58342
035 95764
036 58799
037 10023
038 98576
039 77570
040 44139
041 99128
042 35511
043 66578
044 98830
045 90224
046 03442
047 11064
048 77790
049 98994
050 39491
051 96070
052 07385
053 32621
054 40672
055 92312
056 55719
057 39163
058 71146
059 04539
060 19180
061 73713
062 05998
063 77305
064 08490
065 59980
066 14449
067 61262
068 06036
069 02723
070 52105
071 55290
072 09162
073 68412
074 85411
075 95683
076 73549
077 85174
078 17562
079 76717
080 36665
081 08256
082 53715
083 35827
084 62234
085 35809
086 38019
087 99595
088 72868
089 10069
090 67608
091 01981
092 32113
093 51616
094 32136
095 48938
096 69212
097 18587
098 88790
099 35111
100 41241
101 27536
102 93210
103 37980
104 43706
105 74390
106 33140
107 13842
108 64974
109 85268
110 92380
111 79445
112 20780
113 91278
114 95170
115 54432
116 78727
117 19707
118 16786
119 94191
120 40804

