001 12500
002 29328
003 20360
004 89630
005 52247
006 57458
007 75585
008 85564
009 52652
010 46976
011 75048
012 31913
013 40581
014 52961
015 39367
016 25315
017 37309
018 72429
019 52101
020 05893
021 50923
022 22945
023 63537
024 37482
025 66932
026 15039
027 38646
028 25200
029 05276
030 18842
031 42803
032 27994
033 83967
034 13744
035 26470
036 80770
037 97336
038 08730
039 35443
040 62430
041 69546
042 91547
043 34295
044 16782
045 60848
046 59707
047 13018
048 43084
049 08792
050 47675
051 53474
052 04087
053 70828
054 40002
055 36152
056 01792
057 55209
058 06989
059 48652
060 03204
061 31467
062 13810
063 48739
064 02928
065 75179
066 48648
067 80385
068 01048
069 76085
070 61712
071 47973
072 51967
073 35541
074 50986
075 67180
076 97631
077 39521
078 71860
079 61483
080 73665
081 50701
082 58886
083 36481
084 06938
085 92789
086 99593
087 96008
088 37618
089 87854
090 44845
091 42682
092 03879
093 93604
094 86573
095 05397
096 12898
097 07317
098 49772
099 08198
100 39572
101 23702
102 24859
103 44487
104 67399
105 79197
106 62139
107 91214
108 74532
109 39588
110 65805
111 12327
112 85216
113 01301
114 59097
115 00817
116 17190
117 94789
118 67639
119 30874
120 83658
