001 01823
002 18944
003 89668
004 30816
005 15617
006 88407
007 17026
008 40747
009 38025
010 09563
011 70264
012 94628
013 41801
014 76248
015 81743
016 97942
017 80604
018 58099
019 00858
020 51944
021 10328
022 69232
023 86996
024 04336
025 66839
026 86651
027 24996
028 70089
029 85306
030 68996
031 67265
032 57553
033 42696
034 97250
035 83337
036 68495
037 47350
038 64820
039 30105
040 29921
041 05520
042 28501
043 05994
044 98906
045 04459
046 51118
047 02756
048 02820
049 70708
050 83916
051 07843
052 54234
053 84279
054 94287
055 73716
056 47682
057 32434
058 54474
059 94495
060 72696
061 96818
062 50088
063 10534
064 47547
065 10591
066 26309
067 78258
068 46602
069 48857
070 44304
071 47350
072 70142
073 48030
074 47284
075 34260
076 89315
077 97542
078 12658
079 90097
080 83695
081 28420
082 65588
083 90356
084 14230
085 02274
086 77589
087 00393
088 02327
089 38921
090 92812
091 45503
092 27645
093 92037
094 31671
095 72576
096 91653
097 89753
098 73689
099 72724
100 36123
101 84059
102 27214
103 72232
104 44687
105 15286
106 36717
107 48932
108 11542
109 34165
110 62270
111 42694
112 09206
113 85259
114 13655
115 97473
116 88613
117 22656
118 22054
119 01263
120 47554
