001 36213
002 51108
003 91713
004 84267
005 16504
006 23445
007 20788
008 18918
009 92368
010 66667
011 64787
012 23049
013 99559
014 79560
015 07115
016 86819
017 07253
018 18912
019 82200
020 78740
021 00202
022 79668
023 03554
024 47851
025 52443
026 20360
027 27437
028 25613
029 15912
030 44402
031 96342
032 46214
033 14791
034 74535
035 48862
036 12691
037 22198
038 78362
039 54551
040 17885
041 58258
042 99180
043 97691
044 64718
045 78519
046 31444
047 53885
048 54433
049 80797
050 69544
051 04272
052 73907
053 65225
054 28945
055 28380
056 76024
057 14070
058 66726
059 59987
060 41432
061 40574
062 70619
063 20084
064 58969
065 81849
066 85740
067 66306
068 15872
069 45283
070 69049
071 90500
072 54733
073 58120
074 07370
075 19320
076 72330
077 37561
078 09349
079 99028
080 57127
081 18394
082 43815
083 60805
084 70597
085 70403
086 16750
087 13100
088 77972
089 31888
090 15203
091 90859
092 36678
093 23936
094 31755
095 82071
096 38827
097 74447
098 16454
099 82009
100 54994
101 72157
102 78359
103 89364
104 48712
105 06375
106 51530
107 57729
108 46896
109 80506
110 54748
111 94070
112 77194
113 20835
114 99118
115 29999
116 66912
117 73142
118 51358
119 79748
120 34519
