001 00661
002 09095
003 93436
004 89305
005 96113
006 07359
007 55684
008 81830
009 22945
010 91827
011 99115
012 89519
013 01142
014 81067
015 97665
016 54211
017 53957
018 95130
019 47015
020 66922
021 52107
022 50267
023 64676
024 88241
025 42883
026 44805
027 12549
028 11487
029 92053
030 23630
031 77640
032 27118
033 37049
034 56692
035 57084
036 56630
037 23033
038 57857
039 53626
040 79534
041 21739
042 59565
043 43487
044 16146
045 98933
046 04671
047 01982
048 81179
049 87960
050 21128
051 21421
052 17045
053 05849
054 99349
055 53679
056 24844
057 33325
058 67692
059 18748
060 07081
061 42584
062 33056
063 98102
064 60026
065 21865
066 64120
067 29400
068 21551
069 52522
070 05046
071 00646
072 13616
073 76851
074 89638
075 60818
076 16326
077 51631
078 23123
079 80544
080 46822
081 54379
082 67702
083 99375
084 73726
085 72645
086 82167
087 80459
088 14386
089 10422
090 93267
091 95308
092 97669
093 69148
094 70723
095 74015
096 15206
097 98073
098 26405
099 27566
100 22693
101 01914
102 55314
103 58217
104 43344
105 45082
106 53770
107 78030
108 49174
109 80404
110 66794
111 69590
112 50682
113 80623
114 73887
115 36379
116 11462
117 63239
118 09221
119 68431
120 41291

