001 65551
002 73224
003 02534
004 65511
005 77469
006 93174
007 88900
008 77129
009 97949
010 67807
011 64316
012 92441
013 83049
014 78655
015 50871
016 31395
017 40649
018 26646
019 56230
020 53323
021 25978
022 24684
023 37177
024 27482
025 30791
026 51262
027 13791
028 93583
029 85739
030 78424
031 87326
032 60071
033 00297
034 78724
035 93949
036 11439
037 28232
038 74321
039 63218
040 75631
041 23973
042 32248
043 66567
044 00205
045 18736
046 87203
047 40216
048 81621
049 47443
050 39657
051 68618
052 02554
053 70626
054 00611
055 82642
056 49030
057 69119
058 09089
059 20436
060 37354
061 72034
062 77446
063 56214
064 25221
065 78298
066 87625
067 45792
068 17497
069 21273
070 54971
071 75242
072 06624
073 00999
074 05862
075 22538
076 77458
077 88310
078 24867
079 23588
080 21729
081 78652
082 31860
083 92732
084 49725
085 28501
086 39447
087 18847
088 34623
089 82070
090 21518
091 68309
092 01018
093 72278
094 62215
095 89686
096 27028
097 61253
098 72031
099 23683
100 23657
101 78991
102 05475
103 93848
104 97625
105 15423
106 63001
107 92807
108 38985
109 30188
110 70777
111 44654
112 40673
113 19367
114 51177
115 34754
116 59442
117 88637
118 73425
119 57906
120 64653
