001 34552
002 27782
003 94408
004 81823
005 73812
006 16653
007 61898
008 04731
009 57311
010 94768
011 99314
012 63680
013 21401
014 72048
015 19162
016 41179
017 36255
018 76206
019 87335
020 42767
021 20543
022 54441
023 54632
024 89593
025 74683
026 71211
027 41281
028 03635
029 47685
030 39348
031 93604
032 79612
033 34633
034 35282
035 89093
036 65435
037 67053
038 74913
039 01535
040 17471
041 44770
042 72892
043 38135
044 99752
045 01973
046 71844
047 58958
048 40672
049 30509
050 04258
051 41777
052 41980
053 22708
054 84693
055 23313
056 77715
057 51679
058 07600
059 94942
060 87233
061 26348
062 34488
063 97126
064 07050
065 52142
066 42071
067 26816
068 85510
069 86983
070 80915
071 66346
072 39835
073 62105
074 49728
075 49923
076 71059
077 49412
078 87896
079 08353
080 12431
081 42111
082 63122
083 35475
084 26299
085 63779
086 81883
087 89958
088 08152
089 52356
090 28372
091 69290
092 95481
093 57066
094 51801
095 83552
096 03406
097 51878
098 06291
099 60932
100 17946
101 42069
102 85772
103 23082
104 21957
105 53687
106 56045
107 67617
108 85818
109 00759
110 83774
111 66258
112 52087
113 71369
114 04622
115 96565
116 83419
117 63201
118 17733
119 70300
120 21937

