001 08811
002 11930
003 51594
004 75050
005 00085
006 61682
007 02791
008 76103
009 86497
010 95541
011 41763
012 78092
013 09879
014 43944
015 41469
016 57435
017 06495
018 86568
019 18418
020 11122
021 49323
022 68399
023 01703
024 11653
025 99444
026 90246
027 44579
028 32755
029 67213
030 22975
031 23714
032 05173
033 62995
034 40643
035 99140
036 35475
037 36271
038 43169
039 70798
040 25201
041 27648
042 10639
043 19712
044 72132
045 24596
046 01126
047 19543
048 77126
049 37553
050 50100
051 82542
052 32476
053 15785
054 33386
055 02853
056 01483
057 51472
058 39503
059 90868
060 45454
061 11798
062 97552
063 06770
064 08335
065 56611
066 15386
067 39422
068 85501
069 68569
070 90337
071 40142
072 26215
073 83641
074 63650
075 17713
076 35670
077 74430
078 34708
079 19000
080 91452
081 87617
082 45567
083 72765
084 26525
085 19869
086 08439
087 73359
088 73907
089 35879
090 86602
091 25732
092 14009
093 67165
094 45571
095 93011
096 51735
097 21957
098 62114
099 98777
100 68427
101 94011
102 88715
103 43971
104 16713
105 72044
106 64038
107 13462
108 75610
109 21341
110 23462
111 38920
112 35260
113 90723
114 88288
115 65282
116 40415
117 90678
118 74759
119 33006
120 89343

