001 51854
002 47891
003 31289
004 10636
005 20307
006 43532
007 90498
008 52187
009 53523
010 20025
011 23289
012 68534
013 04923
014 19120
015 24499
016 37813
017 55752
018 61870
019 84643
020 78892
021 48302
022 65577
023 84483
024 23790
025 66997
026 09952
027 49418
028 11892
029 24803
030 74035
031 13300
032 39129
033 13094
034 48509
035 75132
036 79119
037 69559
038 89943
039 66544
040 84976
041 09001
042 99594
043 34357
044 11062
045 76752
046 43222
047 93359
048 59627
049 94101
050 17705
051 39580
052 99539
053 23946
054 49078
055 40070
056 75437
057 33587
058 56514
059 86420
060 29776
061 86875
062 89567
063 77774
064 96599
065 48532
066 89621
067 13036
068 14235
069 99685
070 77431
071 97126
072 51663
073 22448
074 98763
075 55809
076 35389
077 03637
078 65461
079 48014
080 57678
081 96996
082 94411
083 55793
084 01994
085 34623
086 11219
087 31913
088 28501
089 69859
090 43166
091 35303
092 82403
093 85276
094 80494
095 64079
096 51854
097 12979
098 11353
099 49826
100 12807
101 82894
102 82581
103 57056
104 32248
105 72089
106 10135
107 84331
108 79983
109 10891
110 84608
111 23788
112 72179
113 01069
114 99059
115 43657
116 23344
117 32549
118 74227
119 69667
120 63943
