001 52166
002 72287
003 97281
004 89898
005 43109
006 42814
007 73167
008 44857
009 97025
010 04399
011 90768
012 62069
013 14326
014 60481
015 81837
016 37240
017 23869
018 48868
019 24961
020 86090
021 16891
022 76103
023 21713
024 49880
025 02751
026 16230
027 41428
028 50539
029 27742
030 57088
031 54193
032 32358
033 07960
034 65785
035 36559
036 09801
037 17955
038 95752
039 56057
040 80455
041 94239
042 90673
043 61504
044 92956
045 93095
046 51094
047 89994
048 05448
049 97347
050 80919
051 05334
052 26048
053 32824
054 51748
055 36746
056 49620
057 50245
058 68711
059 75331
060 07204
061 38852
062 09639
063 63773
064 40107
065 10382
066 91473
067 90282
068 59155
069 44544
070 84549
071 74297
072 80327
073 63174
074 92483
075 50619
076 48458
077 00432
078 11064
079 78922
080 02804
081 45864
082 30590
083 94544
084 72745
085 23264
086 82041
087 28208
088 69011
089 48147
090 85618
091 63125
092 03137
093 38942
094 50943
095 08820
096 67440
097 13498
098 68213
099 30532
100 33051
101 02639
102 31538
103 11986
104 16712
105 61335
106 74032
107 17299
108 15727
109 60648
110 21599
111 19732
112 42517
113 86902
114 31881
115 17530
116 65291
117 00083
118 57916
119 42261
120 47703
