001 05345
002 54645
003 40242
004 14838
005 79775
006 49283
007 58354
008 52242
009 76362
010 59890
011 98257
012 22170
013 21431
014 94514
015 40068
016 72612
017 66881
018 14625
019 37680
020 93677
021 66966
022 77536
023 15722
024 49605
025 68565
026 28671
027 70018
028 61498
029 45830
030 12655
031 14664
032 14790
033 82494
034 35612
035 54485
036 08541
037 25709
038 28526
039 89569
040 58110
041 49993
042 25471
043 86161
044 83806
045 40456
046 18958
047 85967
048 78262
049 43032
050 95862
051 04661
052 34903
053 98018
054 69521
055 87502
056 56963
057 78959
058 33991
059 01114
060 14372
061 19550
062 99665
063 74997
064 97850
065 09129
066 28127
067 02115
068 25119
069 20353
070 40883
071 21754
072 04062
073 02656
074 37772
075 62920
076 04516
077 82970
078 13228
079 09152
080 12566
081 82671
082 93118
083 17018
084 56496
085 54217
086 31038
087 76049
088 28221
089 06896
090 83446
091 93226
092 00136
093 25482
094 67960
095 59631
096 23846
097 97943
098 55493
099 91834
100 96521
101 52796
102 95145
103 08187
104 47025
105 28805
106 59513
107 76414
108 30828
109 82156
110 04578
111 11866
112 84635
113 97560
114 90061
115 33496
116 05076
117 46460
118 32617
119 49339
120 92853

