001 88185
002 68061
003 04163
004 11796
005 92536
006 03115
007 78625
008 36310
009 27934
010 89586
011 82314
012 02505
013 29214
014 17431
015 47433
016 91230
017 99438
018 21665
019 44091
020 17233
021 45306
022 99635
023 52865
024 05390
025 73659
026 60460
027 03768
028 64760
029 41075
030 85652
031 49069
032 70711
033 70098
034 71344
035 93089
036 62530
037 40361
038 47864
039 28028
040 17073
041 99079
042 63395
043 58558
044 55526
045 07686
046 51623
047 86646
048 26364
049 40450
050 30970
051 17978
052 34550
053 78434
054 35553
055 66283
056 25103
057 55042
058 33555
059 22505
060 81566
061 24176
062 40011
063 55137
064 75590
065 20363
066 60140
067 97185
068 34613
069 16909
070 99615
071 58567
072 27155
073 74887
074 19091
075 99366
076 95779
077 22222
078 84024
079 39338
080 84056
081 75122
082 98187
083 98901
084 35474
085 50904
086 38698
087 49393
088 11296
089 62055
090 71188
091 24746
092 71001
093 32435
094 79101
095 40838
096 33371
097 11349
098 31850
099 62289
100 85173
101 39439
102 66445
103 76944
104 55698
105 88091
106 19901
107 35293
108 49388
109 01225
110 00642
111 38517
112 36063
113 79112
114 37378
115 02339
116 17169
117 07317
118 58441
119 63553
120 00692

