001 86151
002 80119
003 63830
004 58234
005 90422
006 74592
007 97081
008 94665
009 33095
010 31816
011 89679
012 44219
013 76186
014 85315
015 75129
016 85017
017 69460
018 09687
019 73768
020 26412
021 88907
022 00561
023 00833
024 80283
025 99388
026 64045
027 79861
028 07845
029 62548
030 29667
031 63486
032 60561
033 63263
034 65924
035 91250
036 96012
037 34807
038 79817
039 94001
040 37394
041 40688
042 75407
043 90080
044 49098
045 59784
046 90800
047 40734
048 25133
049 89109
050 87175
051 15418
052 92391
053 77889
054 19480
055 71586
056 91985
057 88372
058 54305
059 26505
060 61446
061 12320
062 52280
063 12267
064 11350
065 20648
066 27666
067 96066
068 00356
069 30295
070 23548
071 53963
072 85450
073 24313
074 75802
075 23192
076 45098
077 18594
078 34367
079 51707
080 43122
081 44810
082 61167
083 02765
084 19561
085 76686
086 99658
087 14826
088 90140
089 28755
090 90414
091 97059
092 81299
093 48852
094 75323
095 96734
096 64158
097 28821
098 78353
099 58921
100 89369
101 10635
102 23623
103 07453
104 12285
105 13370
106 35877
107 50794
108 86090
109 61517
110 30823
111 97919
112 46477
113 70900
114 32525
115 31865
116 02571
117 31096
118 27974
119 29761
120 70648
