001 33930
002 73772
003 73944
004 49826
005 73178
006 23650
007 36997
008 06799
009 49368
010 41237
011 63744
012 09805
013 42047
014 16368
015 02434
016 41860
017 14149
018 83722
019 76566
020 72674
021 57806
022 62537
023 74227
024 51688
025 34580
026 20186
027 62741
028 47896
029 97008
030 26954
031 82025
032 29994
033 93395
034 03582
035 51463
036 23944
037 45237
038 85708
039 98074
040 43492
041 49879
042 84564
043 02805
044 95282
045 70862
046 47020
047 52644
048 72479
049 78477
050 48210
051 37451
052 14870
053 47742
054 14081
055 12147
056 50088
057 71853
058 59575
059 19475
060 14824
061 13258
062 23526
063 28716
064 89382
065 02826
066 83486
067 55707
068 46991
069 91395
070 71872
071 18424
072 72702
073 20709
074 60066
075 75600
076 55212
077 81857
078 25739
079 21955
080 55967
081 95919
082 47114
083 79400
084 12630
085 93703
086 33173
087 89477
088 04117
089 28194
090 67263
091 68727
092 22839
093 00354
094 72377
095 04733
096 08569
097 82529
098 13247
099 41230
100 60452
101 66897
102 64987
103 64884
104 88513
105 56469
106 43030
107 52007
108 46707
109 71996
110 87983
111 36762
112 54068
113 71787
114 08448
115 51658
116 51752
117 73586
118 51737
119 72657
120 05000
