001 62591
002 35139
003 88097
004 80375
005 42034
006 11323
007 80599
008 84247
009 00711
010 18264
011 50504
012 15780
013 50301
014 01503
015 66969
016 95469
017 51643
018 92936
019 96025
020 08302
021 49888
022 80083
023 50318
024 91330
025 39609
026 56776
027 56912
028 86362
029 16995
030 69327
031 12452
032 21952
033 02234
034 66988
035 19852
036 46209
037 42979
038 31029
039 78583
040 78543
041 99522
042 08851
043 75529
044 91438
045 75268
046 47218
047 74295
048 26769
049 59635
050 76820
051 68675
052 23398
053 55305
054 96001
055 58911
056 92549
057 45135
058 02830
059 30155
060 62979
061 09167
062 23755
063 68515
064 57917
065 52936
066 55893
067 93315
068 39976
069 65892
070 26134
071 69287
072 98610
073 63946
074 52689
075 79712
076 96397
077 54347
078 73598
079 90754
080 99960
081 91118
082 97889
083 22890
084 58898
085 43702
086 25606
087 66548
088 43985
089 09437
090 44375
091 39948
092 96454
093 56086
094 78796
095 19247
096 02555
097 78918
098 67852
099 13980
100 52231
101 90798
102 10872
103 75039
104 83152
105 36467
106 85296
107 28411
108 90440
109 65108
110 95963
111 67666
112 59055
113 31665
114 75738
115 87040
116 86816
117 66497
118 30921
119 20372
120 12259

