001 65193
002 92889
003 69601
004 11751
005 35370
006 93509
007 34110
008 19709
009 57386
010 44235
011 58481
012 64986
013 18806
014 99413
015 77901
016 32187
017 27128
018 40227
019 92755
020 96610
021 18590
022 09241
023 83617
024 21600
025 34817
026 22267
027 67341
028 53783
029 09453
030 06269
031 31776
032 00559
033 27702
034 54896
035 35699
036 88845
037 97086
038 89302
039 07654
040 26475
041 48009
042 53221
043 15539
044 24587
045 57151
046 91188
047 34632
048 67741
049 77914
050 67045
051 84530
052 44904
053 21297
054 69365
055 69819
056 34325
057 00533
058 76524
059 88478
060 02664
061 78290
062 61727
063 91035
064 76994
065 37237
066 04383
067 12694
068 22929
069 34333
070 22151
071 18169
072 88948
073 12353
074 16330
075 31049
076 00542
077 54446
078 51885
079 55040
080 26512
081 04209
082 90187
083 63134
084 03366
085 08740
086 74226
087 00329
088 28474
089 84329
090 71066
091 04737
092 11869
093 09106
094 17382
095 18959
096 82771
097 68585
098 31377
099 02796
100 32115
101 48643
102 60756
103 26991
104 85528
105 97653
106 94432
107 21895
108 41769
109 88357
110 32245
111 61695
112 50910
113 60541
114 73744
115 83395
116 78713
117 13794
118 48591
119 90881
120 45485
