001 76197
002 44868
003 48371
004 12858
005 37773
006 47600
007 10663
008 86359
009 63088
010 81780
011 17970
012 78213
013 00253
014 29117
015 83242
016 01345
017 29399
018 54149
019 45254
020 94013
021 44222
022 73104
023 13332
024 67951
025 99475
026 53238
027 39962
028 05377
029 62826
030 72351
031 35651
032 62431
033 08635
034 30016
035 61387
036 09007
037 42377
038 11830
039 81487
040 13326
041 47531
042 27585
043 00494
044 73020
045 37451
046 60983
047 42725
048 86832
049 00773
050 46167
051 55029
052 83883
053 95101
054 88983
055 82179
056 96164
057 00605
058 12137
059 85458
060 20039
061 48371
062 75956
063 58676
064 03020
065 08541
066 29990
067 30096
068 06100
069 80078
070 39728
071 88204
072 84771
073 98345
074 40587
075 97188
076 09055
077 14761
078 48245
079 43875
080 29729
081 09023
082 12318
083 17302
084 26532
085 20140
086 28771
087 43036
088 03297
089 71377
090 69958
091 04841
092 05332
093 11576
094 03974
095 12904
096 06251
097 28802
098 43612
099 43026
100 60853
101 80529
102 84065
103 71572
104 55036
105 34373
106 00135
107 52252
108 18193
109 09322
110 95087
111 46163
112 15806
113 92074
114 58142
115 87426
116 17024
117 92404
118 14230
119 13296
120 72560

