001 70293
002 92525
003 25460
004 51882
005 68022
006 06059
007 01638
008 76954
009 41869
010 02938
011 10930
012 48277
013 04188
014 97373
015 78331
016 52274
017 36592
018 31142
019 00839
020 72861
021 00228
022 52168
023 47804
024 11987
025 34520
026 70281
027 29036
028 84052
029 65298
030 84542
031 27902
032 04291
033 78784
034 04430
035 67604
036 18859
037 80655
038 55635
039 76889
040 78615
041 17369
042 91290
043 05851
044 18618
045 66521
046 88638
047 38598
048 91560
049 86358
050 15782
051 49110
052 15057
053 00573
054 96834
055 74960
056 29169
057 47028
058 33637
059 00906
060 21842
061 40268
062 54379
063 58009
064 69142
065 20148
066 43462
067 69412
068 39150
069 70478
070 30300
071 15389
072 34468
073 78853
074 43434
075 02108
076 00909
077 24394
078 23043
079 70700
080 18792
081 36145
082 43004
083 32740
084 25994
085 58177
086 13757
087 31803
088 60798
089 21649
090 61176
091 73437
092 13654
093 19591
094 89896
095 08970
096 89247
097 66814
098 94175
099 11830
100 56890
101 22838
102 03559
103 80877
104 83080
105 84964
106 73023
107 59656
108 87458
109 13658
110 18140
111 78607
112 11798
113 10422
114 30435
115 01149
116 85348
117 31244
118 62416
119 49402
120 58569
