001 22614
002 12684
003 13744
004 69848
005 08842
006 81787
007 69317
008 08590
009 08386
010 76230
011 84845
012 82339
013 75365
014 48147
015 14379
016 28101
017 92636
018 37252
019 17228
020 08090
021 62763
022 53221
023 25917
024 64616
025 02283
026 97631
027 81391
028 96470
029 85615
030 41260
031 18347
032 42314
033 26813
034 66764
035 18048
036 66573
037 78633
038 78793
039 72252
040 90639
041 26699
042 33564
043 70760
044 08013
045 20532
046 27781
047 78580
048 94488
049 29565
050 37002
051 20585
052 18618
053 28760
054 63741
055 24055
056 00528
057 61499
058 76203
059 19336
060 57059
061 12199
062 74385
063 07868
064 39166
065 96414
066 55051
067 21687
068 30837
069 54836
070 14854
071 56096
072 14938
073 27728
074 49064
075 04215
076 08206
077 36251
078 56241
079 61328
080 65134
081 28357
082 96749
083 52359
084 27364
085 17145
086 51511
087 31089
088 05411
089 92147
090 47205
091 48392
092 62927
093 70156
094 02935
095 25455
096 59710
097 13301
098 83146
099 65583
100 84995
101 98072
102 21792
103 69388
104 40968
105 37247
106 57352
107 97058
108 20080
109 87215
110 93887
111 78276
112 68218
113 83074
114 61130
115 11235
116 82509
117 58087
118 81701
119 46709
120 73643

