001 22485
002 50323
003 39438
004 08160
005 80242
006 18203
007 13415
008 42271
009 46752
010 31300
011 65891
012 90190
013 58769
014 61119
015 21527
016 43732
017 90121
018 38993
019 22208
020 25130
021 92579
022 05472
023 66554
024 99019
025 12647
026 01903
027 60270
028 54870
029 92167
030 74179
031 11339
032 76975
033 46210
034 85488
035 57362
036 74077
037 03053
038 14126
039 35091
040 54117
041 75821
042 03717
043 90218
044 98972
045 96180
046 76090
047 65048
048 57695
049 76255
050 10221
051 04120
052 36600
053 02212
054 92811
055 58350
056 00733
057 67374
058 12381
059 43209
060 63668
061 60995
062 35222
063 53277
064 59562
065 05829
066 44871
067 82079
068 40850
069 20798
070 38861
071 14769
072 84994
073 75787
074 63252
075 79860
076 85394
077 32897
078 24861
079 59858
080 76155
081 64365
082 45245
083 36162
084 94921
085 07556
086 21307
087 62050
088 61537
089 97705
090 94244
091 08858
092 28502
093 09947
094 06894
095 31417
096 45544
097 35106
098 65890
099 23622
100 84507
101 68629
102 32115
103 14225
104 55696
105 54574
106 48578
107 92170
108 65451
109 61388
110 46103
111 16504
112 97663
113 61729
114 94240
115 27150
116 81387
117 27332
118 56347
119 73172
120 23339
