001 20713
002 52546
003 98461
004 20945
005 98570
006 66839
007 21755
008 65515
009 11441
010 84986
011 78420
012 20331
013 40621
014 79454
015 83170
016 62978
017 29363
018 56381
019 76864
020 56458
021 60181
022 43972
023 47394
024 45292
025 06273
026 36872
027 86265
028 32525
029 69750
030 01055
031 44339
032 83352
033 19368
034 95306
035 38564
036 00791
037 68120
038 57530
039 40248
040 91038
041 55077
042 93653
043 22834
044 71178
045 04372
046 61725
047 01631
048 53113
049 96734
050 48941
051 67800
052 79052
053 58762
054 61682
055 57847
056 68901
057 62240
058 30402
059 56614
060 86040
061 20906
062 55681
063 38246
064 85719
065 43622
066 99552
067 08135
068 50064
069 21631
070 77896
071 05650
072 91173
073 82848
074 25494
075 86238
076 39670
077 23899
078 08134
079 71005
080 38726
081 50562
082 61912
083 90527
084 56044
085 56588
086 05866
087 95593
088 99808
089 25759
090 19301
091 31537
092 90228
093 60609
094 38732
095 65231
096 26285
097 74151
098 23562
099 98586
100 76756
101 49943
102 22871
103 01890
104 48372
105 00309
106 42536
107 15274
108 97874
109 66421
110 93139
111 55800
112 58581
113 94587
114 81183
115 75164
116 16399
117 58163
118 60112
119 26929
120 14159
