001 18485
002 58319
003 32444
004 44681
005 18683
006 49350
007 05429
008 95217
009 86832
010 32612
011 56228
012 07685
013 23233
014 21389
015 83527
016 79133
017 23248
018 06445
019 99012
020 61738
021 65221
022 90111
023 27305
024 91645
025 70766
026 10886
027 81527
028 28122
029 46965
030 68317
031 75325
032 04547
033 56547
034 59245
035 03807
036 53345
037 97794
038 98877
039 39301
040 43087
041 12791
042 45078
043 47271
044 41951
045 38964
046 75266
047 85066
048 45262
049 66262
050 71092
051 01785
052 58408
053 31692
054 94052
055 31312
056 50159
057 85735
058 96490
059 04032
060 42708
061 87430
062 17548
063 03685
064 52147
065 26913
066 86752
067 51936
068 32424
069 63511
070 32263
071 41387
072 87348
073 68585
074 29782
075 44347
076 91487
077 36272
078 73216
079 00853
080 58006
081 45172
082 08198
083 22986
084 31834
085 62875
086 08617
087 58473
088 40794
089 84642
090 15196
091 17942
092 31022
093 62137
094 40388
095 62377
096 68946
097 89085
098 90121
099 48252
100 74347
101 65698
102 37971
103 12853
104 77899
105 54876
106 61206
107 14784
108 86383
109 86658
110 71340
111 18696
112 17297
113 36654
114 16696
115 89065
116 93342
117 70879
118 83635
119 74038
120 18720
