001 75604
002 99766
003 08755
004 84910
005 51778
006 51827
007 97309
008 56301
009 63022
010 90861
011 39016
012 81068
013 08809
014 57303
015 91339
016 92004
017 74457
018 23966
019 22694
020 00938
021 05257
022 80724
023 31233
024 26104
025 52889
026 22223
027 78060
028 97739
029 39169
030 81333
031 84061
032 26048
033 33667
034 89281
035 49349
036 45746
037 68855
038 50612
039 81902
040 72492
041 89113
042 60851
043 06807
044 07928
045 50740
046 32204
047 36995
048 73780
049 20532
050 63197
051 47537
052 43968
053 91508
054 76382
055 68219
056 13588
057 11279
058 15592
059 55888
060 82378
061 80414
062 03999
063 17619
064 71065
065 93905
066 26769
067 18566
068 40597
069 25891
070 11653
071 66924
072 76743
073 99758
074 02810
075 10824
076 02924
077 93850
078 57339
079 65254
080 94923
081 61155
082 68898
083 05953
084 09356
085 86806
086 31321
087 45742
088 25739
089 79937
090 83080
091 15105
092 42079
093 85023
094 36550
095 00893
096 34429
097 35620
098 48940
099 01380
100 81248
101 54322
102 38924
103 13742
104 40093
105 12739
106 21087
107 11209
108 30288
109 11485
110 64459
111 49649
112 37110
113 15506
114 51776
115 70728
116 91202
117 95725
118 21272
119 39607
120 48763

