001 32415
002 55718
003 85460
004 30164
005 44518
006 05988
007 46548
008 16427
009 76474
010 82071
011 15443
012 26717
013 70117
014 55733
015 47470
016 50442
017 56321
018 12733
019 64109
020 69994
021 94961
022 39057
023 51955
024 83854
025 84672
026 96951
027 45461
028 15388
029 08642
030 13647
031 68931
032 41971
033 36807
034 93780
035 11831
036 68188
037 35726
038 08540
039 92064
040 29187
041 89035
042 49411
043 41815
044 54369
045 27428
046 04276
047 82214
048 78805
049 00514
050 85064
051 23204
052 67389
053 19956
054 37053
055 91741
056 91412
057 52145
058 19188
059 47766
060 16752
061 20598
062 13338
063 08603
064 38542
065 26098
066 31806
067 28183
068 13167
069 87001
070 39275
071 40624
072 14413
073 48470
074 83129
075 31046
076 15298
077 37318
078 67621
079 22099
080 55708
081 78361
082 88894
083 95912
084 50001
085 51198
086 06934
087 96652
088 85699
089 32563
090 72847
091 81195
092 89206
093 76287
094 39586
095 92893
096 79430
097 50143
098 56837
099 79892
100 08206
101 69111
102 01296
103 98144
104 18061
105 92182
106 47147
107 19779
108 29416
109 39863
110 13663
111 26524
112 27522
113 04564
114 85113
115 16600
116 78526
117 36264
118 41104
119 21581
120 30352

