001 69085
002 74902
003 37337
004 12843
005 59393
006 99091
007 34819
008 68984
009 63757
010 36767
011 71626
012 94154
013 07722
014 56331
015 12441
016 88970
017 65200
018 78385
019 67820
020 13536
021 39159
022 49144
023 63978
024 30754
025 21971
026 19221
027 25782
028 85999
029 72610
030 85208
031 81490
032 79680
033 11174
034 02548
035 76795
036 54006
037 03486
038 17415
039 14681
040 05435
041 07071
042 63393
043 80560
044 36261
045 18116
046 86555
047 56260
048 24120
049 80417
050 68070
051 19311
052 02293
053 88353
054 20716
055 62326
056 15533
057 96432
058 73185
059 38678
060 85455
061 31675
062 11824
063 15160
064 99947
065 44578
066 00043
067 61893
068 40659
069 16972
070 98584
071 54269
072 38867
073 90239
074 16448
075 08754
076 99809
077 43817
078 50030
079 15749
080 13419
081 66525
082 62597
083 79482
084 32683
085 55031
086 34017
087 11572
088 12418
089 15645
090 55482
091 04113
092 93204
093 92221
094 65054
095 37917
096 73233
097 76889
098 61519
099 58512
100 08593
101 50640
102 94206
103 32940
104 84401
105 75253
106 20792
107 31462
108 01751
109 04596
110 89672
111 09608
112 96849
113 22114
114 30283
115 44489
116 55188
117 08010
118 54769
119 07661
120 60298

