001 00761
002 51768
003 48186
004 68370
005 28332
006 75331
007 82658
008 07349
009 72697
010 15668
011 65261
012 69103
013 49176
014 16299
015 38514
016 77359
017 61147
018 01955
019 91557
020 00775
021 98961
022 44751
023 20166
024 07977
025 84513
026 54157
027 34379
028 19074
029 90250
030 22669
031 53765
032 13709
033 91487
034 34746
035 19382
036 43205
037 24024
038 65523
039 58506
040 27840
041 31579
042 43642
043 52312
044 64173
045 71554
046 63279
047 20704
048 43496
049 31821
050 02381
051 85817
052 68524
053 30810
054 24880
055 06735
056 26434
057 81931
058 03460
059 63613
060 94545
061 08368
062 32960
063 47431
064 39441
065 74904
066 34934
067 57055
068 11234
069 62185
070 69684
071 17114
072 37122
073 08692
074 93422
075 21078
076 34773
077 46696
078 98547
079 43007
080 21562
081 75917
082 68782
083 20171
084 59724
085 91616
086 41575
087 26836
088 91615
089 21677
090 87429
091 61550
092 34325
093 30357
094 02728
095 62797
096 66114
097 70651
098 54368
099 13036
100 70963
101 26749
102 09008
103 03843
104 61671
105 92092
106 68630
107 49372
108 85510
109 99937
110 96455
111 23535
112 41800
113 35753
114 50700
115 44478
116 57797
117 34579
118 04912
119 50739
120 54980
