001 06140
002 32062
003 26597
004 86396
005 09058
006 70170
007 44921
008 47018
009 08083
010 43237
011 62554
012 17883
013 94945
014 52929
015 96772
016 06624
017 95801
018 89441
019 78217
020 72904
021 07069
022 88083
023 78240
024 09079
025 11908
026 35129
027 85146
028 76894
029 71460
030 32734
031 16714
032 46072
033 21209
034 61985
035 54395
036 09596
037 47571
038 57922
039 29650
040 64475
041 25647
042 91727
043 79432
044 48390
045 84942
046 42444
047 19794
048 06587
049 59843
050 53882
051 30697
052 98933
053 62896
054 10873
055 35550
056 41090
057 70040
058 63236
059 87931
060 76861
061 99261
062 69004
063 07124
064 46079
065 00284
066 01613
067 32969
068 13580
069 74259
070 20898
071 21935
072 48043
073 39053
074 96510
075 40775
076 39094
077 04782
078 87908
079 52526
080 47355
081 20121
082 41937
083 44731
084 04122
085 40859
086 81540
087 74581
088 65865
089 16253
090 56778
091 43779
092 21224
093 61373
094 68817
095 82730
096 72501
097 32995
098 23821
099 65982
100 79267
101 78773
102 03042
103 31847
104 61548
105 10537
106 12641
107 39406
108 89968
109 21523
110 14408
111 07720
112 49603
113 75018
114 93996
115 05378
116 84792
117 44114
118 52266
119 81291
120 02553

