001 57641
002 66151
003 11562
004 11917
005 84624
006 12002
007 92201
008 20394
009 49139
010 89308
011 63463
012 54178
013 87287
014 28551
015 17943
016 15682
017 38070
018 36207
019 97621
020 26908
021 15963
022 58530
023 08655
024 23107
025 74105
026 25922
027 39268
028 06731
029 91091
030 09879
031 86710
032 27517
033 51674
034 70429
035 20277
036 44185
037 17886
038 01200
039 86527
040 35484
041 07582
042 51600
043 87450
044 84239
045 52133
046 10993
047 45570
048 34645
049 37164
050 59935
051 19609
052 95561
053 78691
054 68825
055 14533
056 38619
057 31728
058 94648
059 13648
060 39213
061 79021
062 49625
063 34993
064 46632
065 67917
066 59260
067 71398
068 27486
069 15803
070 42501
071 66575
072 45392
073 35642
074 46556
075 33098
076 52880
077 04358
078 86052
079 58573
080 09566
081 01492
082 30530
083 87668
084 28680
085 97653
086 81930
087 69408
088 91624
089 78412
090 77208
091 35200
092 56933
093 47532
094 87227
095 20106
096 88859
097 82673
098 62618
099 76769
100 03390
101 01266
102 70596
103 57885
104 42630
105 01605
106 84104
107 99381
108 65473
109 01517
110 39264
111 52537
112 13725
113 30578
114 53288
115 86323
116 24537
117 43851
118 26691
119 99079
120 05890

