001 27516
002 68085
003 73788
004 50512
005 99497
006 23377
007 01564
008 14538
009 75940
010 19448
011 75879
012 12928
013 89878
014 74327
015 43459
016 33532
017 43802
018 47706
019 87528
020 08992
021 72668
022 50973
023 61847
024 95657
025 35068
026 54444
027 11373
028 16723
029 52427
030 79356
031 46619
032 74964
033 48228
034 77517
035 20476
036 43782
037 92987
038 89986
039 04980
040 20805
041 95811
042 88072
043 40814
044 18637
045 18866
046 39751
047 29370
048 36345
049 64973
050 20519
051 82105
052 26297
053 60767
054 14644
055 67921
056 11742
057 38832
058 31250
059 91647
060 14834
061 19919
062 36442
063 93334
064 65363
065 68059
066 57548
067 40488
068 99477
069 94519
070 83870
071 87481
072 24991
073 58316
074 88000
075 37488
076 16085
077 52474
078 31936
079 55540
080 03346
081 08629
082 75574
083 56741
084 88959
085 41757
086 17692
087 18127
088 68536
089 43127
090 17433
091 21956
092 92377
093 46093
094 49977
095 97561
096 30477
097 26972
098 05142
099 31813
100 52357
101 77043
102 57367
103 98131
104 52175
105 02735
106 66307
107 88917
108 89239
109 55771
110 49605
111 91228
112 34827
113 27441
114 77331
115 13316
116 07643
117 22890
118 42524
119 90304
120 84405
