001 58103
002 81824
003 86011
004 95332
005 60056
006 84234
007 48212
008 15971
009 21958
010 32113
011 43638
012 61295
013 80547
014 26832
015 73302
016 18037
017 12294
018 30898
019 63212
020 36485
021 13463
022 57302
023 78829
024 35017
025 65873
026 93792
027 97413
028 27896
029 60703
030 90459
031 37897
032 67667
033 72045
034 56574
035 63139
036 06394
037 48893
038 79223
039 30686
040 61622
041 08051
042 30415
043 48034
044 43194
045 34145
046 18943
047 74621
048 27107
049 52692
050 52100
051 10757
052 45546
053 57169
054 27218
055 46430
056 21425
057 34519
058 16460
059 31445
060 62485
061 49053
062 83977
063 60872
064 56555
065 03348
066 38022
067 92484
068 75137
069 41765
070 55936
071 08011
072 85765
073 13624
074 37981
075 57732
076 51985
077 17718
078 93245
079 01959
080 40747
081 80239
082 57682
083 98585
084 38232
085 68941
086 15686
087 79868
088 81784
089 19168
090 03214
091 39846
092 30685
093 67857
094 15864
095 39973
096 92325
097 58985
098 31824
099 40353
100 57962
101 18720
102 69256
103 89924
104 97965
105 21690
106 98602
107 65279
108 84522
109 06092
110 70439
111 72793
112 89946
113 41699
114 93121
115 36928
116 96892
117 56408
118 74320
119 91163
120 32636

