001 43839
002 27825
003 78639
004 26062
005 46341
006 16189
007 73317
008 49367
009 68701
010 81238
011 42424
012 84023
013 88188
014 05201
015 71738
016 67744
017 36389
018 50287
019 46995
020 46879
021 52257
022 47806
023 30044
024 03040
025 03093
026 24254
027 70853
028 53710
029 79291
030 48401
031 49731
032 18115
033 65763
034 33845
035 99341
036 26884
037 65781
038 57332
039 71486
040 56349
041 18599
042 51171
043 88839
044 46494
045 02858
046 37006
047 86409
048 55758
049 32143
050 60554
051 33946
052 42542
053 24720
054 19802
055 68833
056 20693
057 47826
058 80797
059 37065
060 43552
061 52187
062 58250
063 74046
064 41857
065 28747
066 79625
067 68899
068 68680
069 99343
070 47148
071 68902
072 43175
073 44027
074 09824
075 68920
076 60497
077 12715
078 84681
079 85142
080 64659
081 96274
082 20193
083 13393
084 07243
085 09217
086 38828
087 49999
088 94172
089 35898
090 17310
091 01038
092 70667
093 20746
094 71508
095 28159
096 11713
097 07611
098 59238
099 75719
100 38470
101 18580
102 04578
103 41831
104 28161
105 62394
106 08398
107 94806
108 30433
109 00699
110 43927
111 98291
112 32395
113 79628
114 85266
115 27923
116 18445
117 47745
118 17034
119 39425
120 23927
