001 57116
002 13554
003 07986
004 88460
005 77557
006 90816
007 31079
008 13817
009 87646
010 89871
011 57967
012 97443
013 17544
014 55595
015 29205
016 84478
017 61379
018 78666
019 44925
020 58179
021 03414
022 49173
023 65374
024 92489
025 28205
026 30587
027 57774
028 79294
029 89768
030 05869
031 06283
032 46249
033 43245
034 59719
035 65140
036 91428
037 85414
038 08595
039 60282
040 95581
041 23510
042 73408
043 55102
044 93433
045 84996
046 74219
047 15029
048 63692
049 48431
050 38691
051 48027
052 53262
053 88160
054 54807
055 51211
056 34700
057 79896
058 24888
059 36621
060 20157
061 46044
062 51088
063 45194
064 53049
065 42445
066 61714
067 50408
068 00477
069 42146
070 78992
071 32224
072 50257
073 40964
074 75424
075 85261
076 34705
077 46753
078 18917
079 11367
080 54458
081 42708
082 21929
083 36880
084 70276
085 34139
086 87131
087 99914
088 19427
089 67279
090 36632
091 49764
092 31093
093 18080
094 20606
095 87222
096 13246
097 12876
098 21973
099 13381
100 93836
101 21245
102 16236
103 23148
104 35154
105 22131
106 11916
107 14188
108 20093
109 97682
110 37769
111 92512
112 89551
113 33460
114 45484
115 45983
116 66920
117 04773
118 98334
119 59813
120 69888

