001 32483
002 24100
003 13431
004 00898
005 14361
006 77811
007 89391
008 68913
009 38591
010 32522
011 18104
012 43046
013 25328
014 23014
015 18898
016 94244
017 89271
018 96942
019 55326
020 89837
021 01804
022 45107
023 85092
024 56475
025 32657
026 82502
027 12024
028 18826
029 52592
030 70785
031 50199
032 39913
033 92368
034 53049
035 35255
036 19782
037 15057
038 30225
039 99543
040 86625
041 30067
042 82231
043 77285
044 99717
045 92983
046 93979
047 36184
048 69132
049 26836
050 94078
051 10179
052 77116
053 51276
054 04505
055 15377
056 69521
057 04326
058 23684
059 17995
060 60356
061 04763
062 89457
063 78268
064 70642
065 15827
066 16257
067 52827
068 10926
069 82917
070 97752
071 71671
072 91248
073 08919
074 90727
075 86410
076 64826
077 20313
078 48228
079 18947
080 49365
081 73710
082 84932
083 31745
084 41114
085 46753
086 61051
087 67773
088 15456
089 85132
090 92382
091 04610
092 37054
093 37132
094 81960
095 21637
096 96961
097 23106
098 22276
099 31588
100 36367
101 38118
102 63646
103 82886
104 86960
105 79911
106 74985
107 82985
108 84465
109 72045
110 34013
111 88607
112 45781
113 80258
114 02699
115 11666
116 47395
117 82581
118 79583
119 75484
120 98256

