001 62389
002 32080
003 63800
004 62764
005 78448
006 79838
007 24864
008 06556
009 27018
010 65474
011 94163
012 35595
013 60279
014 77886
015 56993
016 19584
017 74912
018 67070
019 53467
020 48199
021 95106
022 94578
023 08890
024 62039
025 53552
026 44359
027 85639
028 86786
029 82171
030 50254
031 48184
032 05555
033 16385
034 50253
035 00743
036 11792
037 89948
038 30510
039 58395
040 46093
041 38915
042 00635
043 33642
044 12450
045 60668
046 62162
047 36547
048 72487
049 03138
050 83055
051 93569
052 88823
053 52170
054 64175
055 78028
056 18798
057 75234
058 42624
059 74548
060 24015
061 96891
062 28138
063 43404
064 25090
065 48187
066 95676
067 13874
068 85706
069 66245
070 03489
071 19629
072 97202
073 02117
074 50712
075 22916
076 96797
077 08102
078 11689
079 82400
080 29078
081 27752
082 61320
083 80966
084 99850
085 70697
086 63134
087 48483
088 17520
089 30823
090 84431
091 18005
092 47640
093 01412
094 72521
095 33949
096 30901
097 28899
098 86926
099 21581
100 81389
101 96960
102 93108
103 08949
104 99159
105 43939
106 14547
107 47726
108 73470
109 13131
110 41492
111 23133
112 82529
113 44824
114 86985
115 63249
116 33812
117 49348
118 92351
119 77901
120 09575

