001 25721
002 62406
003 22460
004 19632
005 83414
006 56213
007 95789
008 05729
009 58970
010 17089
011 75043
012 21215
013 20733
014 91038
015 04358
016 55634
017 00280
018 38102
019 47170
020 44027
021 79306
022 84490
023 22548
024 49497
025 68369
026 62704
027 96668
028 79298
029 49699
030 59340
031 57590
032 05496
033 29604
034 40586
035 07658
036 12107
037 80465
038 99071
039 48523
040 60641
041 39736
042 52762
043 87902
044 12060
045 21468
046 99731
047 17910
048 05428
049 33503
050 30343
051 56648
052 66780
053 54070
054 90384
055 23135
056 01403
057 95763
058 56538
059 62457
060 65498
061 28079
062 78269
063 98848
064 70856
065 28469
066 36686
067 35773
068 62923
069 05991
070 91695
071 37045
072 76867
073 62861
074 75959
075 88873
076 96196
077 54477
078 88393
079 90848
080 08235
081 75570
082 21412
083 15281
084 60938
085 84948
086 09526
087 51266
088 99465
089 39729
090 97812
091 98680
092 09278
093 09284
094 00947
095 84370
096 10805
097 97488
098 71505
099 20810
100 67696
101 72486
102 20496
103 75966
104 25232
105 49862
106 87691
107 94814
108 94224
109 56781
110 84481
111 50535
112 16901
113 21324
114 74670
115 17674
116 83789
117 26777
118 71869
119 83812
120 30691

