001 21690
002 83476
003 90958
004 92935
005 42393
006 32821
007 47961
008 55615
009 65894
010 99699
011 41221
012 65812
013 04735
014 27774
015 55365
016 62061
017 02221
018 77880
019 73385
020 74874
021 51475
022 12324
023 16936
024 31047
025 13983
026 20502
027 97599
028 54988
029 67895
030 07790
031 50189
032 20015
033 73009
034 29175
035 24152
036 70875
037 67624
038 65565
039 14197
040 15770
041 48381
042 14556
043 44565
044 45669
045 07776
046 27534
047 38440
048 27331
049 00051
050 54621
051 90744
052 92627
053 16090
054 47291
055 55952
056 64709
057 99076
058 28543
059 36211
060 87021
061 98995
062 56864
063 03830
064 83180
065 15316
066 56001
067 89421
068 81178
069 60240
070 37299
071 24716
072 93581
073 30770
074 11507
075 28780
076 50899
077 54610
078 06855
079 10610
080 52901
081 93617
082 98800
083 93246
084 48572
085 13812
086 35321
087 75236
088 34099
089 19803
090 48319
091 53082
092 22572
093 76221
094 82815
095 41955
096 21274
097 98014
098 56901
099 91688
100 13414
101 04488
102 22840
103 00543
104 59194
105 89290
106 97292
107 07300
108 67541
109 58853
110 14470
111 53226
112 31041
113 16553
114 31104
115 56824
116 47441
117 98886
118 40086
119 24874
120 20363

