001 05115
002 45684
003 80983
004 71564
005 90024
006 25574
007 64663
008 57123
009 23682
010 44363
011 58041
012 31238
013 50320
014 61075
015 69958
016 50321
017 88231
018 13128
019 49217
020 18001
021 54266
022 20202
023 93050
024 80588
025 86083
026 67102
027 66752
028 50183
029 49419
030 74980
031 05710
032 71889
033 20798
034 71131
035 73852
036 12179
037 31913
038 96489
039 73937
040 96437
041 69770
042 23099
043 47909
044 70905
045 52045
046 78145
047 68653
048 37421
049 64859
050 02342
051 39313
052 51041
053 99379
054 74709
055 13405
056 14924
057 46437
058 51216
059 54694
060 40728
061 29087
062 46382
063 18074
064 45751
065 28202
066 52667
067 20738
068 66530
069 46630
070 82335
071 69259
072 70310
073 10065
074 37203
075 85003
076 54715
077 66104
078 97038
079 20546
080 10986
081 63654
082 48183
083 55653
084 49361
085 88558
086 85608
087 24785
088 49952
089 87972
090 22407
091 31040
092 14781
093 48611
094 72940
095 37192
096 57434
097 13546
098 07321
099 62344
100 14936
101 35624
102 43018
103 51767
104 39781
105 67280
106 78758
107 71318
108 10494
109 84693
110 74116
111 89569
112 25810
113 38453
114 42579
115 10144
116 48708
117 53131
118 06346
119 07489
120 10954

