001 91133
002 63098
003 72404
004 92904
005 14990
006 63431
007 31293
008 86598
009 10149
010 46182
011 96710
012 49885
013 46305
014 18231
015 99703
016 43410
017 41889
018 26690
019 96803
020 39524
021 19434
022 28307
023 04729
024 97136
025 28682
026 82258
027 05831
028 70280
029 05584
030 45480
031 29934
032 79603
033 51198
034 63662
035 61283
036 98122
037 34845
038 60387
039 90536
040 14804
041 53932
042 27778
043 33660
044 36301
045 51383
046 89520
047 51699
048 36177
049 72400
050 71655
051 81670
052 74261
053 83872
054 68659
055 35404
056 91512
057 84867
058 67137
059 22069
060 45306
061 10039
062 29580
063 99276
064 00224
065 38715
066 83136
067 59311
068 66609
069 15795
070 53527
071 67805
072 48134
073 00315
074 39320
075 01163
076 73121
077 35772
078 57556
079 70444
080 99661
081 90474
082 32172
083 79422
084 84331
085 19541
086 48788
087 33800
088 32541
089 24851
090 86742
091 20355
092 98450
093 90455
094 06347
095 45677
096 34050
097 62740
098 82664
099 20489
100 96619
101 70063
102 96854
103 81593
104 16355
105 56757
106 87490
107 65467
108 15719
109 12912
110 14088
111 48898
112 69137
113 96282
114 50698
115 54104
116 86354
117 35722
118 70049
119 24219
120 85992

