001 72004
002 89935
003 69687
004 85768
005 36579
006 82332
007 75257
008 29879
009 25773
010 05363
011 22528
012 79223
013 71439
014 60517
015 40628
016 20910
017 97123
018 70703
019 06616
020 15352
021 01994
022 01530
023 17830
024 85819
025 85958
026 29632
027 19437
028 76082
029 29048
030 16052
031 72241
032 55469
033 71632
034 83441
035 58234
036 04860
037 68972
038 65986
039 00028
040 92696
041 19251
042 22035
043 73144
044 12007
045 27056
046 05480
047 13407
048 57515
049 36530
050 07645
051 57931
052 78363
053 87593
054 68394
055 13441
056 46554
057 76746
058 51950
059 63487
060 37404
061 00587
062 89646
063 43510
064 99848
065 57877
066 53146
067 83672
068 14827
069 76615
070 17548
071 63138
072 58654
073 07086
074 04753
075 18536
076 46265
077 21888
078 68175
079 87215
080 86764
081 25177
082 26898
083 75658
084 04230
085 81601
086 63259
087 66258
088 60611
089 90364
090 07550
091 14486
092 31700
093 04446
094 00564
095 23683
096 14464
097 54973
098 97184
099 91534
100 03144
101 47626
102 81647
103 00235
104 93667
105 48988
106 53104
107 57369
108 88954
109 55808
110 54061
111 95926
112 70499
113 44650
114 28537
115 53386
116 89289
117 06462
118 83292
119 22478
120 54590
