001 61378
002 08979
003 84183
004 24861
005 14623
006 90128
007 07854
008 95866
009 40011
010 88918
011 78076
012 77768
013 56510
014 81956
015 63753
016 40896
017 45280
018 02575
019 55992
020 79913
021 21537
022 79678
023 05826
024 33825
025 30262
026 31581
027 36862
028 65485
029 44357
030 65953
031 00582
032 95846
033 04018
034 26461
035 57241
036 76084
037 96644
038 38149
039 61129
040 47526
041 38316
042 87814
043 48256
044 47446
045 73750
046 19003
047 07591
048 83141
049 92325
050 16557
051 72677
052 30806
053 69735
054 53054
055 60436
056 59588
057 15901
058 58901
059 17569
060 74395
061 14037
062 00586
063 01734
064 50036
065 01171
066 92560
067 33941
068 00581
069 29924
070 89051
071 29463
072 13613
073 18053
074 47324
075 53891
076 85571
077 25100
078 18807
079 86520
080 92270
081 98897
082 99598
083 56147
084 84059
085 96908
086 23877
087 41532
088 59834
089 00622
090 63025
091 07884
092 50431
093 50659
094 94697
095 48307
096 69356
097 71795
098 03439
099 79700
100 31529
101 78899
102 35951
103 07757
104 12106
105 45678
106 42699
107 07446
108 62104
109 47785
110 07879
111 28267
112 06889
113 51408
114 11761
115 81884
116 49846
117 88763
118 97644
119 23139
120 40685
