001 84433
002 01717
003 05650
004 14859
005 12183
006 71082
007 27762
008 10424
009 72476
010 58409
011 56772
012 52517
013 04189
014 07359
015 71051
016 44529
017 73675
018 22109
019 37200
020 38325
021 40137
022 57475
023 16481
024 39117
025 55926
026 34693
027 53866
028 58771
029 27146
030 95798
031 22497
032 94921
033 55559
034 90519
035 57977
036 59844
037 75761
038 77946
039 09226
040 28584
041 11316
042 34738
043 70273
044 63974
045 49880
046 96091
047 69834
048 72106
049 01123
050 05964
051 08783
052 13766
053 79839
054 48733
055 36928
056 01481
057 37643
058 09632
059 61714
060 55760
061 25377
062 83686
063 49494
064 08868
065 20989
066 25635
067 83548
068 99259
069 01324
070 84854
071 99223
072 25416
073 99192
074 53194
075 83484
076 54750
077 87999
078 73204
079 90135
080 41984
081 27839
082 02685
083 76466
084 29275
085 73356
086 79989
087 76388
088 66035
089 35203
090 09731
091 20865
092 70833
093 73546
094 39389
095 97943
096 36293
097 73615
098 13362
099 28695
100 85553
101 55671
102 13553
103 63476
104 76102
105 63913
106 06927
107 57383
108 38772
109 06230
110 70642
111 31362
112 74635
113 93128
114 03559
115 86696
116 91001
117 38925
118 30180
119 49504
120 43151

