001 75859
002 58901
003 59731
004 60940
005 36066
006 79034
007 26538
008 61096
009 19574
010 05376
011 02719
012 24308
013 14209
014 76520
015 79330
016 37835
017 90809
018 18787
019 05162
020 85615
021 56539
022 53879
023 43424
024 38420
025 72764
026 57364
027 90517
028 67250
029 33445
030 65563
031 80763
032 91097
033 49899
034 08281
035 61708
036 37314
037 83606
038 85986
039 51926
040 75787
041 41874
042 24647
043 20586
044 90502
045 23460
046 64542
047 56864
048 47138
049 74697
050 33174
051 41898
052 29724
053 88990
054 80266
055 85099
056 55213
057 58864
058 14100
059 01871
060 01376
061 18519
062 28286
063 54938
064 94341
065 35238
066 47406
067 23631
068 97227
069 71499
070 65318
071 89471
072 86239
073 83910
074 23205
075 83307
076 37971
077 13134
078 87381
079 90139
080 16086
081 40052
082 48770
083 14544
084 08046
085 92856
086 24492
087 83202
088 44330
089 10951
090 24547
091 63405
092 50467
093 06943
094 01104
095 66549
096 26757
097 77028
098 71681
099 92180
100 07901
101 43986
102 97339
103 58449
104 61287
105 05446
106 84207
107 52125
108 90294
109 78424
110 14540
111 81539
112 94548
113 97644
114 19987
115 77423
116 41081
117 43493
118 45514
119 10752
120 76507

