001 72684
002 59903
003 77756
004 86503
005 12064
006 40742
007 15408
008 25664
009 38586
010 46360
011 61833
012 52180
013 28691
014 76073
015 14071
016 64387
017 53407
018 90443
019 68708
020 43614
021 31558
022 98504
023 19220
024 77362
025 70026
026 22914
027 59849
028 69821
029 13517
030 93598
031 77184
032 45612
033 52058
034 88759
035 81252
036 78480
037 39348
038 66734
039 92554
040 77207
041 63165
042 33355
043 11844
044 20737
045 68513
046 10176
047 56519
048 51361
049 11575
050 64996
051 86273
052 38060
053 85843
054 41545
055 02234
056 85716
057 30040
058 54586
059 51569
060 47348
061 77458
062 41517
063 01864
064 65413
065 60872
066 23425
067 54460
068 54893
069 37645
070 11736
071 61675
072 82444
073 08244
074 91441
075 33422
076 61588
077 35403
078 54057
079 63550
080 00775
081 01645
082 75411
083 45182
084 06146
085 13592
086 31531
087 57334
088 51308
089 83670
090 46864
091 96552
092 32256
093 90267
094 17445
095 14025
096 36411
097 56941
098 12129
099 14036
100 45234
101 14830
102 53078
103 91404
104 08523
105 54417
106 33406
107 07395
108 26859
109 76785
110 57017
111 50882
112 00149
113 10619
114 65736
115 01358
116 56518
117 58950
118 85256
119 72019
120 76963

