001 11048
002 58048
003 66221
004 71144
005 48601
006 97840
007 41098
008 97515
009 41353
010 37146
011 35314
012 75924
013 89079
014 86577
015 87818
016 32974
017 96747
018 47084
019 65971
020 93084
021 91794
022 40058
023 81462
024 85665
025 42776
026 98535
027 17672
028 26846
029 54504
030 16511
031 80282
032 98215
033 30251
034 08349
035 30252
036 88500
037 60016
038 05118
039 46435
040 35110
041 15966
042 52128
043 65417
044 22474
045 34668
046 29087
047 77593
048 39463
049 85034
050 66096
051 55980
052 38290
053 45061
054 75620
055 31133
056 87988
057 72585
058 07037
059 70833
060 56497
061 00494
062 93352
063 85924
064 39349
065 47913
066 60160
067 25705
068 35698
069 13227
070 59151
071 74937
072 22520
073 88727
074 85992
075 72747
076 38561
077 82541
078 45958
079 04553
080 18762
081 40746
082 01089
083 04656
084 44598
085 07397
086 37813
087 07138
088 78634
089 66115
090 05524
091 28703
092 97555
093 15209
094 44394
095 12620
096 08231
097 81731
098 21903
099 77845
100 75865
101 80378
102 78586
103 10771
104 93719
105 30488
106 49777
107 07951
108 55880
109 85324
110 63884
111 20471
112 55569
113 50646
114 11263
115 26644
116 39225
117 49785
118 51869
119 42020
120 12576

