001 97278
002 97999
003 29472
004 74537
005 80303
006 98695
007 14803
008 29847
009 84719
010 05339
011 69963
012 15610
013 13423
014 19995
015 06581
016 23509
017 04899
018 81323
019 63724
020 59815
021 60794
022 63536
023 16418
024 37898
025 60044
026 22857
027 40902
028 36202
029 04984
030 46822
031 29448
032 44513
033 74093
034 29742
035 05196
036 11337
037 02788
038 91161
039 25347
040 51013
041 03557
042 11113
043 07316
044 28129
045 31583
046 67188
047 00787
048 00688
049 12114
050 68043
051 13626
052 20537
053 59990
054 29671
055 50658
056 88518
057 88178
058 59372
059 65305
060 90476
061 64472
062 18452
063 43846
064 98794
065 89311
066 05865
067 22133
068 72558
069 07962
070 26269
071 86165
072 78589
073 88013
074 56092
075 93720
076 44817
077 59491
078 52743
079 96824
080 12532
081 93220
082 54145
083 38330
084 07014
085 46066
086 31577
087 97294
088 82897
089 76577
090 81702
091 34962
092 35368
093 99232
094 30326
095 77835
096 71728
097 74852
098 39794
099 04698
100 80493
101 83016
102 86721
103 77365
104 17893
105 54154
106 80870
107 19741
108 28580
109 85842
110 71600
111 33136
112 31015
113 82839
114 63125
115 95683
116 04882
117 92795
118 23455
119 48381
120 91083
