001 23543
002 74252
003 64756
004 27992
005 42298
006 66891
007 01128
008 07627
009 56925
010 03647
011 44840
012 82183
013 56781
014 76533
015 50884
016 15575
017 26078
018 69515
019 46877
020 65764
021 29499
022 02124
023 59877
024 06643
025 84354
026 15169
027 10297
028 09520
029 08909
030 88618
031 71876
032 95904
033 21072
034 79774
035 79291
036 70510
037 75763
038 85039
039 08449
040 05424
041 09090
042 21075
043 82941
044 86432
045 55675
046 52345
047 91673
048 32578
049 95426
050 78931
051 09541
052 62975
053 08583
054 49359
055 09753
056 55341
057 88092
058 69023
059 20547
060 06408
061 35868
062 03481
063 08355
064 86868
065 35298
066 80694
067 29368
068 42723
069 51754
070 57814
071 96035
072 36200
073 90949
074 48679
075 65437
076 29075
077 09596
078 77559
079 19090
080 45877
081 59169
082 05288
083 07458
084 62293
085 88974
086 95195
087 72563
088 48105
089 60290
090 67360
091 08456
092 24051
093 51768
094 94731
095 34039
096 05191
097 52949
098 98037
099 93065
100 71071
101 37073
102 61918
103 62863
104 09602
105 56542
106 22279
107 67403
108 70065
109 28738
110 02060
111 76029
112 21148
113 96890
114 94294
115 15662
116 87420
117 87927
118 00258
119 73964
120 82710

