001 57527
002 31180
003 16287
004 99580
005 82335
006 82839
007 25607
008 29449
009 86426
010 98767
011 18237
012 08269
013 85487
014 46100
015 21873
016 02571
017 06857
018 05561
019 81905
020 57432
021 02203
022 74955
023 09332
024 23445
025 27437
026 30524
027 75044
028 36337
029 11298
030 15990
031 41680
032 31512
033 24338
034 61703
035 87240
036 66635
037 36508
038 62289
039 94788
040 93999
041 70020
042 20063
043 02948
044 35524
045 03110
046 56297
047 13342
048 93531
049 18980
050 84410
051 80857
052 44181
053 16415
054 30826
055 34120
056 22377
057 91569
058 46119
059 14779
060 18270
061 96216
062 15160
063 66801
064 03438
065 61600
066 81451
067 24148
068 35535
069 80136
070 77057
071 90077
072 36144
073 15523
074 32528
075 92128
076 82056
077 20292
078 56018
079 29522
080 18224
081 35584
082 69206
083 12341
084 79027
085 76614
086 65172
087 08774
088 38596
089 91113
090 17553
091 42383
092 44763
093 35230
094 29359
095 26328
096 95405
097 35279
098 29191
099 69166
100 03204
101 50455
102 11211
103 50473
104 34515
105 47309
106 50948
107 38093
108 26706
109 91176
110 24609
111 60934
112 81498
113 25103
114 42616
115 18418
116 07885
117 85715
118 86798
119 64063
120 73209
