001 82410
002 24645
003 49482
004 24413
005 21630
006 04648
007 87368
008 26157
009 71224
010 60101
011 07153
012 30959
013 98812
014 99633
015 66951
016 79146
017 40946
018 29457
019 87694
020 75461
021 20141
022 86725
023 24909
024 27581
025 80653
026 46484
027 38697
028 01963
029 04245
030 62523
031 05554
032 79289
033 20375
034 85361
035 75331
036 55094
037 20348
038 70560
039 56929
040 82729
041 17229
042 10853
043 09427
044 08896
045 20702
046 91676
047 92246
048 35030
049 07576
050 75561
051 72790
052 72676
053 53556
054 52997
055 46934
056 70985
057 92311
058 10377
059 96170
060 25049
061 76136
062 24063
063 96323
064 78293
065 44055
066 67260
067 79009
068 60178
069 09597
070 77964
071 33664
072 53879
073 28400
074 44986
075 50963
076 94242
077 32831
078 14101
079 45225
080 33617
081 98293
082 16539
083 60839
084 68346
085 18172
086 22572
087 30853
088 43915
089 13740
090 68688
091 91745
092 00548
093 92520
094 97815
095 06509
096 05789
097 68717
098 43809
099 68905
100 98213
101 53585
102 29301
103 97721
104 91727
105 35020
106 43928
107 02794
108 95706
109 98175
110 74862
111 46931
112 57272
113 59912
114 99048
115 33956
116 15702
117 28791
118 68001
119 98825
120 06812

