001 86991
002 47970
003 89217
004 17951
005 59310
006 37627
007 47848
008 89672
009 24958
010 28125
011 60600
012 82009
013 48314
014 47304
015 43641
016 26462
017 60981
018 49361
019 04241
020 00016
021 42299
022 92723
023 27477
024 63654
025 44071
026 24225
027 44470
028 79807
029 96810
030 51254
031 19272
032 58379
033 19583
034 86713
035 59970
036 82457
037 60231
038 35784
039 65131
040 41568
041 69091
042 26446
043 62630
044 67949
045 66085
046 41392
047 35615
048 10141
049 92217
050 36319
051 27665
052 91813
053 13838
054 56200
055 31285
056 50027
057 55903
058 76929
059 96668
060 27318
061 34821
062 58095
063 70115
064 94630
065 70246
066 85845
067 71572
068 59302
069 92279
070 98803
071 23578
072 20484
073 51331
074 99491
075 74676
076 29203
077 48040
078 26062
079 17426
080 18598
081 39483
082 95025
083 64943
084 00644
085 38183
086 87974
087 49688
088 29756
089 12948
090 00663
091 63018
092 06299
093 90252
094 35434
095 02652
096 23676
097 97870
098 63681
099 99322
100 16650
101 48109
102 07751
103 17765
104 66086
105 47556
106 24452
107 09187
108 25727
109 41803
110 59857
111 81263
112 89667
113 92756
114 24464
115 98363
116 09849
117 95826
118 27771
119 39124
120 74197
