001 79816
002 08214
003 88738
004 96599
005 33550
006 09275
007 41449
008 88633
009 40350
010 46773
011 71120
012 67235
013 73415
014 27327
015 38764
016 99228
017 49272
018 10644
019 22946
020 78584
021 93277
022 84964
023 21921
024 37938
025 57863
026 19908
027 46913
028 86854
029 16953
030 93315
031 18021
032 73382
033 69949
034 30350
035 04506
036 60000
037 62549
038 55826
039 99694
040 51824
041 70331
042 33388
043 50939
044 25695
045 27458
046 17996
047 49846
048 09128
049 41375
050 07316
051 25211
052 30948
053 77729
054 99059
055 60972
056 59441
057 58218
058 73377
059 76643
060 06342
061 42343
062 27355
063 27366
064 47593
065 27024
066 60878
067 04791
068 48006
069 34705
070 48966
071 28673
072 32316
073 30792
074 54290
075 41321
076 89680
077 97715
078 19737
079 53121
080 93489
081 13358
082 94169
083 44213
084 36066
085 85498
086 66097
087 31245
088 39648
089 59519
090 62985
091 76395
092 64050
093 34960
094 98650
095 29023
096 18537
097 42445
098 20847
099 59167
100 49114
101 74169
102 14746
103 57176
104 17602
105 64807
106 11794
107 83813
108 40131
109 35416
110 21340
111 47713
112 09046
113 17810
114 62196
115 96176
116 25576
117 01498
118 06636
119 85978
120 66655

