001 60555
002 60754
003 95107
004 10287
005 76366
006 69950
007 11444
008 56983
009 17768
010 43383
011 17337
012 52811
013 90802
014 22301
015 05788
016 54548
017 24677
018 06830
019 47562
020 45974
021 59596
022 07701
023 47964
024 60210
025 25932
026 37263
027 61715
028 02123
029 99936
030 76821
031 35316
032 29817
033 21198
034 55750
035 78619
036 44461
037 14655
038 71793
039 65505
040 42518
041 49376
042 23444
043 04375
044 79787
045 17762
046 39511
047 82204
048 08118
049 73305
050 92087
051 58785
052 16462
053 78422
054 67743
055 89966
056 96106
057 43293
058 89965
059 67385
060 26746
061 65699
062 48161
063 81564
064 17713
065 46436
066 59823
067 12184
068 20984
069 73816
070 24986
071 09236
072 35192
073 49400
074 65974
075 38104
076 87324
077 11132
078 58624
079 69003
080 13060
081 52963
082 86275
083 73096
084 56409
085 79734
086 63563
087 26784
088 63749
089 74221
090 54616
091 83593
092 76081
093 05632
094 13502
095 46345
096 29736
097 35440
098 26620
099 03934
100 27146
101 91334
102 10301
103 75575
104 31753
105 56777
106 34214
107 88495
108 83622
109 74212
110 46905
111 12399
112 74171
113 49744
114 65503
115 96825
116 52280
117 27322
118 06212
119 81503
120 99303

