001 43865
002 37054
003 67558
004 54226
005 62229
006 53064
007 96920
008 72932
009 84758
010 37136
011 56010
012 80693
013 91568
014 49101
015 81237
016 05147
017 51855
018 04524
019 59046
020 63697
021 14534
022 86801
023 71962
024 71277
025 64856
026 37621
027 84344
028 52321
029 42088
030 32647
031 77970
032 39279
033 99577
034 20087
035 41192
036 25101
037 26557
038 08635
039 23748
040 62418
041 57372
042 83728
043 06100
044 99379
045 13996
046 34262
047 22474
048 10404
049 96062
050 59117
051 54048
052 51358
053 67085
054 52079
055 34974
056 80306
057 22547
058 85525
059 18161
060 11781
061 75976
062 48050
063 60615
064 49942
065 47816
066 76541
067 63930
068 43126
069 61137
070 58926
071 82125
072 82901
073 48271
074 88992
075 79653
076 40095
077 93649
078 47117
079 46092
080 52599
081 92170
082 67815
083 26868
084 86921
085 27355
086 13133
087 31716
088 67612
089 04199
090 03839
091 97045
092 04830
093 48526
094 28162
095 91651
096 46922
097 91572
098 29441
099 73235
100 45135
101 37889
102 99593
103 79003
104 59067
105 93177
106 91638
107 41826
108 31985
109 40208
110 68696
111 21701
112 26820
113 00446
114 71778
115 28746
116 93386
117 92089
118 05956
119 98309
120 43911

