001 11359
002 23547
003 62398
004 59494
005 62681
006 88737
007 98995
008 58225
009 01415
010 85121
011 78453
012 36863
013 01270
014 11097
015 02006
016 78772
017 17955
018 51706
019 01077
020 87797
021 40764
022 95693
023 72832
024 90405
025 04076
026 80252
027 36091
028 83693
029 29403
030 82841
031 91207
032 59387
033 32027
034 77205
035 51927
036 36255
037 68418
038 83592
039 99905
040 86150
041 67160
042 44092
043 98820
044 25678
045 86984
046 91410
047 95305
048 68916
049 47341
050 51176
051 50953
052 95156
053 70093
054 06859
055 25554
056 42608
057 06934
058 68221
059 61914
060 70019
061 61695
062 38894
063 38545
064 55048
065 41591
066 69814
067 12472
068 98923
069 79532
070 36527
071 33297
072 17665
073 50120
074 54471
075 42681
076 78251
077 85797
078 49328
079 26542
080 49612
081 26321
082 27496
083 27021
084 26287
085 06351
086 33768
087 54842
088 57925
089 47056
090 84472
091 45426
092 41954
093 91320
094 00241
095 62956
096 85865
097 67700
098 86600
099 77139
100 12728
101 86753
102 19227
103 59176
104 04488
105 71949
106 50601
107 27972
108 99925
109 17824
110 95911
111 45109
112 22733
113 71282
114 86867
115 04730
116 06613
117 77007
118 48933
119 00224
120 71500
