001 59804
002 58034
003 40112
004 17463
005 99616
006 18242
007 85399
008 90234
009 46402
010 41606
011 96308
012 45042
013 27525
014 25195
015 88503
016 16345
017 50670
018 80717
019 90187
020 54812
021 65754
022 98930
023 49921
024 55959
025 47748
026 85272
027 54596
028 48047
029 13937
030 24421
031 08125
032 62085
033 96912
034 85327
035 47783
036 45594
037 83856
038 76299
039 18687
040 63245
041 98574
042 37767
043 17424
044 80629
045 20593
046 98146
047 35562
048 31232
049 47609
050 64285
051 15509
052 67589
053 35166
054 52028
055 03945
056 11316
057 30350
058 11299
059 83724
060 05005
061 53030
062 10122
063 68547
064 32609
065 18673
066 20203
067 72829
068 93604
069 74514
070 83921
071 60927
072 33035
073 57087
074 63018
075 05598
076 64868
077 68041
078 29367
079 66576
080 00287
081 02283
082 55993
083 22397
084 89081
085 27333
086 42136
087 80061
088 80479
089 76479
090 79089
091 38991
092 05915
093 26859
094 32569
095 37337
096 39366
097 93479
098 96947
099 16362
100 03835
101 85965
102 13870
103 48138
104 51078
105 19605
106 17736
107 90135
108 33902
109 50848
110 62405
111 91127
112 29394
113 76227
114 93493
115 78086
116 13253
117 97603
118 09916
119 32492
120 42764

