001 91584
002 41136
003 74279
004 43636
005 03743
006 45713
007 17665
008 67906
009 85072
010 66391
011 30108
012 03097
013 45385
014 90074
015 73357
016 75606
017 89953
018 58618
019 21191
020 53435
021 57056
022 12536
023 16660
024 99971
025 01754
026 70372
027 35884
028 01929
029 69251
030 38770
031 44285
032 22494
033 11110
034 90578
035 08732
036 59662
037 51385
038 35319
039 57574
040 89406
041 40480
042 17574
043 18506
044 35487
045 67192
046 12605
047 64112
048 86230
049 10085
050 45074
051 76139
052 75272
053 27240
054 16630
055 77371
056 18861
057 58630
058 86448
059 13178
060 67273
061 61372
062 05389
063 81282
064 95979
065 89460
066 19083
067 33568
068 42709
069 36021
070 16244
071 93931
072 09727
073 58373
074 22806
075 51200
076 71970
077 80788
078 53268
079 82561
080 51886
081 81157
082 69442
083 85624
084 27778
085 59780
086 08323
087 70935
088 59347
089 57504
090 22423
091 46801
092 74739
093 07871
094 76301
095 52299
096 54086
097 57275
098 02878
099 29325
100 42243
101 46616
102 81412
103 66179
104 22323
105 90418
106 62594
107 31425
108 91665
109 79387
110 37032
111 39227
112 15178
113 31763
114 09024
115 22894
116 34805
117 65620
118 46266
119 76610
120 66647

