001 34577
002 08570
003 98648
004 48039
005 90541
006 88024
007 47238
008 49225
009 06513
010 73208
011 08453
012 39710
013 97510
014 43991
015 29664
016 24027
017 71616
018 09968
019 53802
020 11186
021 26366
022 97872
023 27738
024 19440
025 55163
026 15720
027 28059
028 56001
029 44127
030 86709
031 28918
032 47827
033 41650
034 34806
035 56577
036 05464
037 73760
038 91389
039 19397
040 22322
041 83583
042 22586
043 52924
044 75440
045 90051
046 21987
047 55781
048 79978
049 20217
050 45413
051 47261
052 27689
053 91268
054 32583
055 80905
056 94674
057 31145
058 68833
059 16803
060 63502
061 64577
062 56270
063 17197
064 62740
065 59536
066 98323
067 93689
068 13882
069 36208
070 26199
071 31216
072 32598
073 31443
074 88512
075 73607
076 60843
077 73316
078 81162
079 73229
080 30892
081 18738
082 74229
083 73410
084 97429
085 30372
086 59184
087 71773
088 37397
089 80039
090 85598
091 52249
092 89154
093 74732
094 90918
095 32307
096 54245
097 19916
098 46316
099 15478
100 58379
101 22409
102 70159
103 36752
104 07124
105 72753
106 68955
107 19782
108 76184
109 84942
110 37480
111 71662
112 32120
113 30836
114 24810
115 26545
116 81766
117 72479
118 24153
119 52644
120 73029
