001 52264
002 66922
003 29559
004 70539
005 82902
006 83245
007 40940
008 37664
009 63398
010 65325
011 76716
012 95577
013 94761
014 85850
015 39110
016 93011
017 41355
018 50963
019 35588
020 76532
021 94855
022 31399
023 49467
024 68586
025 52761
026 75105
027 28393
028 10249
029 86084
030 42105
031 56655
032 31726
033 82649
034 98778
035 91490
036 13733
037 27486
038 78408
039 46147
040 43008
041 19304
042 45235
043 93228
044 18142
045 91598
046 35799
047 40891
048 85799
049 81606
050 05755
051 55656
052 79183
053 14496
054 55712
055 22638
056 41260
057 86364
058 32715
059 47177
060 61681
061 40714
062 40723
063 62394
064 08976
065 30866
066 51998
067 40248
068 49257
069 92666
070 13690
071 90362
072 56818
073 37818
074 89796
075 32939
076 89949
077 84952
078 39206
079 99440
080 30846
081 26443
082 81613
083 79112
084 77357
085 67314
086 57953
087 53733
088 62074
089 18274
090 19496
091 95388
092 41963
093 44481
094 04371
095 72331
096 68020
097 09120
098 67107
099 59120
100 23450
101 11492
102 59777
103 80152
104 45117
105 41253
106 14073
107 94637
108 46195
109 31748
110 33802
111 69722
112 41726
113 15789
114 35359
115 63807
116 92519
117 22561
118 87339
119 28062
120 36281

