001 09360
002 61462
003 99094
004 18506
005 52846
006 35530
007 58906
008 70894
009 21461
010 05232
011 37385
012 38148
013 74605
014 18233
015 87906
016 06789
017 65335
018 16552
019 13325
020 89094
021 80500
022 49471
023 52579
024 03555
025 43547
026 57780
027 67118
028 23762
029 17769
030 49231
031 76277
032 63395
033 34402
034 73157
035 62083
036 91527
037 54607
038 78223
039 30464
040 47065
041 42865
042 14627
043 13655
044 17912
045 48950
046 06431
047 89659
048 99025
049 58212
050 51934
051 11907
052 05698
053 31849
054 63337
055 61718
056 44264
057 09959
058 19879
059 14793
060 00141
061 76730
062 75977
063 07366
064 32155
065 49395
066 79091
067 84870
068 27525
069 83064
070 22504
071 55901
072 92171
073 20508
074 79203
075 49815
076 63991
077 53894
078 40076
079 15492
080 16127
081 63205
082 69990
083 90207
084 99143
085 63851
086 19960
087 52531
088 82869
089 78090
090 71216
091 71715
092 22935
093 50007
094 39155
095 28222
096 06305
097 28455
098 57442
099 40897
100 93519
101 52120
102 57407
103 28886
104 72941
105 64189
106 18791
107 01135
108 20660
109 32452
110 94458
111 16432
112 58510
113 20321
114 55473
115 00577
116 72962
117 50427
118 90741
119 30511
120 54999

