001 85762
002 19289
003 20205
004 68710
005 27029
006 81310
007 93797
008 49348
009 93603
010 09847
011 14737
012 12917
013 87148
014 59628
015 51114
016 15421
017 24510
018 82177
019 25137
020 46312
021 27933
022 44015
023 29562
024 01110
025 38437
026 61161
027 34832
028 21985
029 31296
030 77149
031 44788
032 02216
033 26414
034 29677
035 17174
036 56124
037 64287
038 78513
039 89165
040 01746
041 39602
042 11474
043 75300
044 28844
045 12075
046 86793
047 60718
048 93289
049 62334
050 59341
051 95750
052 32999
053 29261
054 85031
055 89835
056 41170
057 47477
058 33479
059 79515
060 90732
061 94556
062 45631
063 81857
064 36317
065 72377
066 75576
067 47038
068 80988
069 22425
070 84901
071 06782
072 97889
073 69665
074 39270
075 49769
076 12302
077 85603
078 96995
079 94743
080 42115
081 47824
082 94692
083 73112
084 42156
085 54742
086 58883
087 27906
088 85941
089 70585
090 20577
091 70918
092 33980
093 84386
094 40048
095 03115
096 82140
097 61799
098 88652
099 09122
100 03703
101 93395
102 55957
103 77854
104 99489
105 03823
106 01115
107 65459
108 22175
109 47026
110 15286
111 55089
112 48634
113 29551
114 98562
115 57061
116 76117
117 50195
118 81519
119 31763
120 02616

