001 02291
002 71565
003 36319
004 29191
005 72418
006 76116
007 79835
008 02285
009 22062
010 35063
011 33781
012 62672
013 24878
014 48913
015 06870
016 33474
017 27835
018 76848
019 70139
020 71203
021 91397
022 86698
023 64989
024 30436
025 92611
026 74788
027 13210
028 45790
029 19599
030 49815
031 02877
032 97088
033 58625
034 21994
035 05166
036 65199
037 90543
038 70115
039 87927
040 07730
041 27351
042 54822
043 77551
044 81594
045 21199
046 57072
047 37327
048 18520
049 81074
050 63291
051 76970
052 63845
053 91708
054 91617
055 91024
056 97438
057 79374
058 39746
059 10151
060 62141
061 29128
062 10967
063 63846
064 05416
065 01161
066 52573
067 23159
068 07988
069 64396
070 79777
071 25161
072 37259
073 37687
074 88079
075 79186
076 32634
077 71462
078 64184
079 37048
080 01396
081 34841
082 04709
083 54431
084 41484
085 13364
086 50541
087 80208
088 72720
089 19994
090 00166
091 68216
092 58905
093 29760
094 94343
095 67569
096 16641
097 00364
098 97635
099 64787
100 68143
101 65276
102 44882
103 03373
104 65677
105 45772
106 74228
107 60044
108 04493
109 22469
110 58163
111 75238
112 53679
113 16473
114 18728
115 87497
116 46926
117 17449
118 39540
119 72874
120 21163
