001 24857
002 89174
003 01937
004 50158
005 61353
006 85078
007 10117
008 27074
009 44954
010 10259
011 44237
012 28491
013 85787
014 80645
015 52974
016 42579
017 45601
018 83905
019 15949
020 25041
021 58308
022 73680
023 68407
024 65402
025 53193
026 28164
027 07034
028 20240
029 88388
030 73478
031 55642
032 26154
033 03896
034 60936
035 53821
036 85178
037 85850
038 23407
039 10245
040 98454
041 69367
042 52082
043 54663
044 44461
045 66169
046 95919
047 86295
048 71643
049 34035
050 61579
051 48506
052 23360
053 64511
054 71899
055 27916
056 70069
057 45824
058 35080
059 12491
060 81624
061 71067
062 13235
063 25726
064 46478
065 60732
066 68734
067 46587
068 55970
069 28545
070 19881
071 01745
072 64649
073 22293
074 76612
075 61488
076 62368
077 06030
078 27115
079 30471
080 94502
081 45863
082 19401
083 53856
084 03580
085 15566
086 72906
087 23683
088 36285
089 67698
090 87343
091 34375
092 04640
093 04740
094 62204
095 25726
096 81322
097 03452
098 71634
099 75081
100 53461
101 49595
102 20358
103 06631
104 35804
105 41107
106 99733
107 75745
108 49578
109 25213
110 32257
111 59833
112 37616
113 29654
114 13441
115 21053
116 55216
117 97071
118 40241
119 90299
120 41936
