001 21809
002 26262
003 94068
004 40252
005 22974
006 88573
007 38016
008 36295
009 40405
010 81064
011 20811
012 97679
013 60019
014 51387
015 08624
016 53607
017 26826
018 93109
019 20829
020 17543
021 44948
022 29749
023 35887
024 51769
025 00596
026 38015
027 94716
028 47820
029 59067
030 28628
031 54208
032 47009
033 88477
034 44384
035 30694
036 63317
037 87472
038 72800
039 58316
040 22506
041 38225
042 42666
043 23408
044 68879
045 42815
046 49596
047 43222
048 59809
049 96301
050 52390
051 79237
052 27790
053 18496
054 45783
055 92787
056 01859
057 92946
058 45597
059 93652
060 61656
061 84837
062 94683
063 99809
064 00991
065 31944
066 84359
067 79046
068 32549
069 52281
070 91069
071 20796
072 45412
073 40564
074 03772
075 94904
076 00585
077 86596
078 96998
079 13506
080 98767
081 08640
082 19725
083 74411
084 64958
085 66887
086 22362
087 41568
088 92024
089 08295
090 89872
091 09210
092 11569
093 08979
094 41390
095 18076
096 10442
097 25192
098 29017
099 72250
100 25862
101 76340
102 81143
103 20814
104 51006
105 81529
106 18446
107 67285
108 60426
109 14665
110 10052
111 04264
112 68599
113 47287
114 13050
115 62090
116 01715
117 02170
118 19239
119 42053
120 61477
