001 55415
002 13447
003 12227
004 57982
005 85468
006 51436
007 88924
008 11345
009 81468
010 14453
011 98559
012 67794
013 83679
014 23352
015 34035
016 89043
017 21117
018 14945
019 74910
020 93967
021 06050
022 03550
023 92063
024 92017
025 06903
026 29245
027 11569
028 63370
029 83045
030 05181
031 58641
032 75430
033 00658
034 89528
035 81702
036 04932
037 40472
038 69785
039 31340
040 29498
041 46904
042 84631
043 18791
044 75453
045 90787
046 65390
047 59957
048 50656
049 44879
050 46069
051 60838
052 22728
053 27099
054 72387
055 73619
056 00456
057 59318
058 42090
059 99561
060 27440
061 49806
062 34187
063 99803
064 31392
065 12059
066 81801
067 12087
068 07634
069 38975
070 77997
071 67456
072 05303
073 50365
074 92059
075 75472
076 99979
077 81412
078 41858
079 48382
080 40584
081 06866
082 24622
083 23472
084 96848
085 32424
086 66009
087 59663
088 39115
089 96250
090 51317
091 67484
092 18130
093 94183
094 51153
095 26065
096 71017
097 30792
098 06522
099 50208
100 51223
101 65017
102 24718
103 12419
104 72831
105 47266
106 58933
107 54812
108 07255
109 24158
110 37301
111 74074
112 68648
113 72934
114 65346
115 37542
116 80438
117 46749
118 70683
119 91727
120 50930

