001 73066
002 84055
003 81877
004 25590
005 98260
006 04100
007 70290
008 81007
009 08739
010 55770
011 97820
012 29295
013 17313
014 00014
015 80737
016 55044
017 47142
018 52058
019 41881
020 44861
021 38021
022 24795
023 82363
024 23659
025 53131
026 84490
027 55869
028 27997
029 82284
030 47207
031 76053
032 98060
033 36788
034 78309
035 47360
036 31196
037 05953
038 94508
039 30318
040 89687
041 13569
042 28348
043 23844
044 09614
045 81754
046 55968
047 54617
048 81475
049 00940
050 30777
051 69087
052 12354
053 79698
054 18531
055 30340
056 87085
057 17025
058 64965
059 84457
060 26710
061 85278
062 85768
063 64766
064 34608
065 71431
066 60924
067 51296
068 45093
069 33664
070 90059
071 14363
072 02346
073 74727
074 09180
075 32206
076 65727
077 17509
078 10925
079 10368
080 66171
081 51385
082 83140
083 79346
084 26236
085 09185
086 21734
087 49749
088 77767
089 95398
090 15763
091 99965
092 12276
093 32715
094 05545
095 60318
096 94698
097 90709
098 16720
099 35086
100 97490
101 11630
102 05284
103 61663
104 65190
105 57357
106 59473
107 12072
108 01018
109 69576
110 14021
111 40549
112 36450
113 92016
114 78853
115 19226
116 09791
117 70346
118 61641
119 13693
120 77114
