001 84457
002 39080
003 73332
004 67884
005 24342
006 78591
007 07646
008 80243
009 60795
010 19426
011 03480
012 21632
013 60617
014 08866
015 38609
016 90048
017 58533
018 07586
019 58603
020 51067
021 85492
022 04911
023 36293
024 55949
025 14145
026 27348
027 98080
028 93827
029 23564
030 46621
031 62144
032 39956
033 71960
034 42753
035 44984
036 07554
037 32211
038 60050
039 27563
040 55536
041 46832
042 97558
043 68389
044 39523
045 16863
046 94485
047 86628
048 59289
049 03702
050 82524
051 09934
052 59448
053 93689
054 04403
055 53190
056 37581
057 44885
058 73268
059 82784
060 60413
061 31829
062 14166
063 19041
064 96156
065 07965
066 86041
067 81684
068 18285
069 45707
070 05734
071 92365
072 15928
073 57792
074 71038
075 99414
076 89312
077 20763
078 69592
079 52252
080 22106
081 85861
082 94948
083 41298
084 57020
085 16443
086 78938
087 66230
088 59963
089 01163
090 26823
091 01829
092 63903
093 05089
094 32348
095 49125
096 11657
097 02363
098 20727
099 83007
100 50009
101 62994
102 77071
103 34350
104 82763
105 12760
106 80895
107 84898
108 06328
109 38254
110 70374
111 65247
112 01802
113 81158
114 22061
115 73034
116 59029
117 63912
118 38929
119 43828
120 94271
