001 85890
002 43982
003 21990
004 91774
005 67810
006 69179
007 49211
008 96385
009 66895
010 57459
011 71584
012 29214
013 08874
014 63595
015 34202
016 33844
017 53153
018 64443
019 79509
020 00415
021 07189
022 53054
023 28079
024 44957
025 80207
026 55858
027 98079
028 69268
029 05123
030 11397
031 30162
032 36388
033 07742
034 34764
035 86372
036 06639
037 24192
038 30089
039 02374
040 28525
041 55254
042 84414
043 16021
044 56056
045 30620
046 21545
047 89320
048 09042
049 85562
050 65994
051 82975
052 22645
053 32997
054 38299
055 49015
056 76201
057 83628
058 74931
059 03763
060 50054
061 26830
062 05685
063 27464
064 69230
065 74970
066 57036
067 77183
068 16806
069 21978
070 37292
071 58044
072 82317
073 76848
074 79669
075 92690
076 78726
077 45240
078 83738
079 07199
080 35768
081 92765
082 05085
083 49801
084 54049
085 22015
086 80121
087 66519
088 88704
089 24543
090 92991
091 75662
092 60840
093 34985
094 13423
095 59856
096 77547
097 88571
098 24262
099 75280
100 21749
101 10705
102 40342
103 63471
104 77665
105 82075
106 77822
107 40599
108 86403
109 16985
110 47663
111 28705
112 07286
113 81095
114 60158
115 56111
116 20220
117 78370
118 96606
119 98540
120 20053

