001 47582
002 35470
003 39877
004 30715
005 60173
006 66902
007 85355
008 03826
009 52034
010 26782
011 15371
012 78214
013 37818
014 03939
015 25140
016 03430
017 11990
018 66991
019 38589
020 48999
021 41692
022 63617
023 63071
024 76736
025 49476
026 24827
027 27187
028 64696
029 38423
030 56661
031 23018
032 02137
033 40588
034 85483
035 25778
036 63617
037 87781
038 91773
039 26276
040 44229
041 78500
042 99338
043 88905
044 10979
045 86070
046 07305
047 38806
048 08122
049 17104
050 61139
051 32616
052 07279
053 26477
054 19014
055 01370
056 07426
057 93577
058 99264
059 29402
060 35950
061 65431
062 79704
063 95181
064 25255
065 95035
066 89980
067 93167
068 50926
069 16688
070 40829
071 18025
072 64514
073 33937
074 68225
075 09605
076 11538
077 82855
078 26587
079 20273
080 92214
081 49920
082 48227
083 78478
084 46382
085 49072
086 52610
087 12679
088 91547
089 53942
090 61460
091 95356
092 66536
093 26337
094 64911
095 41398
096 33253
097 93878
098 95407
099 22505
100 56192
101 12656
102 06409
103 15194
104 25922
105 33840
106 52844
107 74824
108 14002
109 73397
110 23731
111 99473
112 50909
113 55149
114 47920
115 67496
116 41709
117 96475
118 14375
119 38784
120 90646

