001 93889
002 53778
003 62115
004 35115
005 55000
006 61459
007 07498
008 23004
009 56908
010 16867
011 65509
012 50174
013 75546
014 02785
015 60479
016 76072
017 13144
018 82554
019 07783
020 24281
021 98899
022 49250
023 52199
024 98415
025 74440
026 62918
027 35909
028 25998
029 53484
030 98879
031 31645
032 53095
033 08828
034 86126
035 26953
036 03901
037 94393
038 16534
039 02705
040 44441
041 43616
042 73821
043 58533
044 65795
045 33094
046 45728
047 07182
048 66133
049 52594
050 13124
051 46948
052 25515
053 64451
054 30991
055 02802
056 19030
057 93639
058 34105
059 55101
060 16851
061 70471
062 20875
063 45798
064 78949
065 17862
066 01915
067 92778
068 30835
069 46465
070 87273
071 48552
072 53145
073 79785
074 41001
075 56695
076 01863
077 91409
078 64423
079 83416
080 34838
081 77161
082 76396
083 28924
084 60220
085 73797
086 80526
087 91314
088 16178
089 98524
090 76563
091 29150
092 63612
093 35875
094 20971
095 96945
096 78571
097 60377
098 69129
099 75309
100 42863
101 16365
102 68797
103 46306
104 68266
105 27255
106 91264
107 71109
108 31659
109 84904
110 15584
111 72701
112 82538
113 80242
114 03596
115 06857
116 42137
117 99610
118 89200
119 56445
120 55214
