001 20372
002 58310
003 15334
004 45795
005 68401
006 56518
007 40833
008 21696
009 51214
010 31246
011 40348
012 99054
013 35014
014 00029
015 34040
016 12442
017 02627
018 31673
019 99613
020 41773
021 60826
022 73837
023 59799
024 84283
025 04031
026 07806
027 06197
028 83956
029 03689
030 16946
031 70636
032 20302
033 18431
034 04626
035 83364
036 73555
037 30318
038 76411
039 86024
040 27491
041 64692
042 68656
043 84754
044 09383
045 51475
046 76212
047 42773
048 22357
049 18333
050 89439
051 24484
052 61794
053 58125
054 23163
055 22650
056 01945
057 54852
058 04924
059 82271
060 84975
061 58403
062 49937
063 07705
064 59693
065 79033
066 87679
067 63247
068 78868
069 04661
070 62146
071 70280
072 84872
073 85744
074 30901
075 20323
076 23302
077 28330
078 83334
079 27510
080 76852
081 91586
082 94681
083 65286
084 31306
085 12214
086 06495
087 95937
088 56790
089 35150
090 50314
091 01190
092 73495
093 27338
094 81609
095 03759
096 21162
097 40138
098 43524
099 73304
100 42315
101 25608
102 01746
103 99320
104 91297
105 39211
106 13021
107 87251
108 88819
109 01218
110 82269
111 16542
112 98724
113 09301
114 94368
115 58427
116 05776
117 65704
118 03728
119 11597
120 76671
