001 85772
002 44129
003 37828
004 85449
005 50632
006 15774
007 33448
008 07667
009 64350
010 90364
011 24976
012 74946
013 15859
014 43662
015 47858
016 32456
017 87353
018 82028
019 33506
020 77226
021 18432
022 84058
023 72001
024 51302
025 20064
026 90729
027 66234
028 48802
029 78107
030 29404
031 45098
032 20062
033 84362
034 98841
035 12819
036 96841
037 98344
038 61588
039 00383
040 98434
041 53425
042 44867
043 58878
044 95943
045 61453
046 90168
047 29506
048 06709
049 51748
050 07555
051 35015
052 70419
053 28378
054 94782
055 80780
056 75816
057 88308
058 59759
059 57162
060 17130
061 50779
062 94489
063 43619
064 86248
065 58844
066 42148
067 52934
068 83474
069 87363
070 35235
071 84031
072 71900
073 15721
074 66856
075 28444
076 02001
077 27378
078 22466
079 54171
080 07127
081 13743
082 80696
083 53790
084 51754
085 35204
086 19022
087 90444
088 44322
089 21168
090 41548
091 81878
092 61727
093 54292
094 81847
095 45115
096 38564
097 59938
098 09861
099 88078
100 21686
101 05343
102 12806
103 88861
104 93792
105 69215
106 46169
107 79599
108 99731
109 43793
110 99264
111 60163
112 04497
113 79136
114 03417
115 59836
116 25213
117 81891
118 54070
119 94202
120 88741

