001 83004
002 29595
003 74047
004 49645
005 70464
006 73015
007 00541
008 20282
009 47221
010 43630
011 18909
012 16101
013 70064
014 68674
015 20406
016 82792
017 14898
018 19917
019 22642
020 94833
021 88710
022 47775
023 00578
024 20418
025 34190
026 03178
027 51601
028 38768
029 68731
030 09483
031 05218
032 93518
033 32209
034 48850
035 28304
036 46844
037 45832
038 50787
039 64017
040 64637
041 24238
042 51445
043 28846
044 46292
045 57313
046 26975
047 10626
048 53919
049 71131
050 00086
051 57845
052 81396
053 25733
054 44117
055 78176
056 88014
057 42385
058 86202
059 07116
060 53047
061 55206
062 63793
063 31058
064 45802
065 27095
066 90930
067 32354
068 12532
069 00680
070 94860
071 55384
072 25926
073 51920
074 72171
075 41209
076 74653
077 55855
078 41451
079 31746
080 39436
081 99147
082 03195
083 65888
084 72673
085 99614
086 16211
087 78906
088 72326
089 84953
090 99205
091 73795
092 16906
093 87509
094 61549
095 87871
096 71430
097 57437
098 98419
099 87924
100 74448
101 41866
102 27751
103 44350
104 67265
105 48791
106 63988
107 35943
108 31660
109 66892
110 72464
111 21385
112 96732
113 03820
114 18290
115 27236
116 08735
117 80785
118 02378
119 81012
120 57160

