001 22299
002 48450
003 64382
004 27034
005 24425
006 16920
007 54489
008 61162
009 24319
010 85683
011 74731
012 97985
013 66426
014 26684
015 71526
016 28523
017 62435
018 70047
019 53599
020 21885
021 82044
022 77959
023 67102
024 51511
025 66030
026 21795
027 92532
028 66359
029 08610
030 53310
031 22542
032 32585
033 70593
034 05845
035 00066
036 77139
037 71045
038 20629
039 49574
040 65831
041 27358
042 81670
043 92220
044 05890
045 12307
046 55059
047 17546
048 41504
049 41864
050 25773
051 78904
052 71453
053 68811
054 21035
055 49184
056 96659
057 88625
058 36438
059 78533
060 48869
061 76268
062 03579
063 30675
064 60807
065 74581
066 29643
067 22633
068 45395
069 76790
070 05526
071 85953
072 51704
073 80124
074 34510
075 14965
076 56579
077 44610
078 67053
079 46412
080 78827
081 51669
082 67583
083 56042
084 53894
085 22786
086 49035
087 43449
088 67677
089 33674
090 48496
091 44982
092 58934
093 44884
094 11277
095 04500
096 76585
097 32349
098 70894
099 22947
100 17255
101 81052
102 74252
103 48815
104 42177
105 01954
106 49853
107 41136
108 73099
109 21882
110 15316
111 25462
112 92040
113 56318
114 00876
115 66303
116 15838
117 69925
118 43619
119 62040
120 49211

