001 92401
002 17394
003 98326
004 97370
005 70066
006 88114
007 12701
008 96794
009 32773
010 46118
011 16790
012 81352
013 76853
014 33162
015 34039
016 35435
017 67591
018 97834
019 84578
020 03241
021 79236
022 16749
023 63894
024 39591
025 39389
026 34594
027 24256
028 42315
029 80231
030 64662
031 31858
032 41084
033 36449
034 33931
035 54626
036 55134
037 09778
038 35319
039 13470
040 25663
041 24782
042 03256
043 71914
044 19737
045 61491
046 53321
047 65188
048 58301
049 10849
050 54575
051 15097
052 06057
053 99379
054 31512
055 75104
056 46614
057 18600
058 41292
059 91951
060 89094
061 82077
062 88833
063 63652
064 68815
065 26074
066 48032
067 05715
068 36119
069 65434
070 22205
071 51990
072 56674
073 90376
074 48540
075 62567
076 27451
077 01904
078 76918
079 72961
080 44326
081 48318
082 03426
083 27532
084 72032
085 43751
086 91842
087 32495
088 09808
089 16295
090 26513
091 04110
092 21972
093 02824
094 96460
095 08981
096 94258
097 72702
098 08578
099 37717
100 10906
101 47430
102 02399
103 09733
104 41671
105 88652
106 01475
107 56817
108 70570
109 91130
110 81729
111 24552
112 32757
113 86036
114 16684
115 12852
116 25800
117 50179
118 56144
119 05114
120 49597

