001 74591
002 06653
003 56120
004 75966
005 57275
006 00043
007 22786
008 55179
009 63495
010 42820
011 71460
012 36433
013 32840
014 47064
015 94502
016 93190
017 58003
018 82194
019 99039
020 49644
021 53306
022 97296
023 25986
024 01786
025 46897
026 92782
027 49531
028 49560
029 95427
030 97777
031 33964
032 66940
033 07901
034 22809
035 10111
036 59261
037 35031
038 72634
039 16574
040 74157
041 80053
042 89383
043 01534
044 14711
045 20682
046 15627
047 58939
048 51455
049 57248
050 11017
051 52209
052 15518
053 86567
054 82780
055 64059
056 70848
057 12153
058 86170
059 46518
060 20085
061 63917
062 86278
063 79014
064 50081
065 37728
066 01832
067 40760
068 41109
069 88168
070 24160
071 57996
072 02220
073 11907
074 35362
075 77739
076 34555
077 41872
078 79053
079 15601
080 88611
081 80897
082 65385
083 08771
084 04916
085 41952
086 97442
087 24992
088 18326
089 28170
090 64814
091 71275
092 59872
093 54350
094 39528
095 54602
096 55575
097 60381
098 12556
099 17077
100 70579
101 76514
102 80904
103 18986
104 86642
105 22812
106 56514
107 96692
108 12846
109 44321
110 50493
111 18181
112 34267
113 36172
114 86915
115 84946
116 09216
117 53710
118 54686
119 12568
120 30092
