001 20232
002 92425
003 71203
004 79357
005 72376
006 59861
007 95285
008 99776
009 39955
010 89452
011 41895
012 29528
013 92711
014 30010
015 27038
016 99697
017 14820
018 57430
019 91342
020 68525
021 21952
022 44863
023 58525
024 64165
025 87271
026 46630
027 94068
028 30927
029 18258
030 44931
031 10977
032 99143
033 11758
034 18633
035 30167
036 35563
037 16441
038 42982
039 55649
040 56641
041 98613
042 80531
043 63738
044 49923
045 32893
046 80651
047 74069
048 01583
049 19174
050 33497
051 79381
052 01438
053 23652
054 23608
055 87982
056 54283
057 19740
058 43042
059 10296
060 97962
061 09322
062 99864
063 89054
064 97057
065 74024
066 48108
067 18792
068 65933
069 30487
070 85338
071 45760
072 70747
073 05083
074 07579
075 61165
076 74760
077 26647
078 48971
079 20395
080 02347
081 48465
082 81094
083 38319
084 76031
085 10628
086 51681
087 25140
088 09463
089 41888
090 02792
091 90124
092 33694
093 79476
094 85504
095 79806
096 04740
097 74992
098 62760
099 38057
100 09131
101 49676
102 57447
103 44126
104 45381
105 22356
106 99425
107 56774
108 42416
109 94770
110 76222
111 04432
112 44183
113 94934
114 37211
115 44380
116 08548
117 64952
118 40262
119 45321
120 06199
