001 30203
002 56279
003 78266
004 30286
005 77560
006 27661
007 27454
008 80911
009 80779
010 78999
011 33515
012 17337
013 64880
014 85179
015 68842
016 14337
017 37832
018 82009
019 27126
020 53958
021 17785
022 22071
023 67649
024 00018
025 20564
026 96527
027 20973
028 43443
029 02870
030 93898
031 15546
032 57408
033 96555
034 13515
035 51071
036 66023
037 70778
038 39418
039 15047
040 88081
041 70500
042 33805
043 20575
044 18232
045 82979
046 75944
047 86091
048 00245
049 51032
050 24618
051 83734
052 71869
053 92844
054 74647
055 04325
056 16915
057 07553
058 91759
059 46551
060 79584
061 79820
062 37106
063 35794
064 08927
065 23775
066 30829
067 04023
068 29278
069 81121
070 05200
071 09932
072 00235
073 77894
074 98123
075 75394
076 55537
077 70968
078 33746
079 27527
080 40918
081 53365
082 61572
083 64182
084 09069
085 74432
086 71293
087 60178
088 45887
089 33843
090 06034
091 08894
092 16004
093 19851
094 48763
095 89284
096 43630
097 04914
098 47296
099 39251
100 47918
101 04332
102 39272
103 37465
104 71474
105 08331
106 16207
107 63291
108 23169
109 99914
110 74447
111 43488
112 68769
113 96609
114 64746
115 95315
116 78729
117 94883
118 46926
119 18169
120 09649
