001 05511
002 52308
003 54735
004 24175
005 21593
006 74807
007 30442
008 70449
009 19495
010 01417
011 79623
012 85769
013 53101
014 17525
015 27109
016 62313
017 64856
018 39355
019 06215
020 93051
021 14148
022 47394
023 08873
024 57246
025 74639
026 40298
027 37917
028 72611
029 18229
030 90413
031 06138
032 57736
033 55737
034 41726
035 86349
036 26996
037 76232
038 96905
039 51040
040 93867
041 87181
042 98516
043 50921
044 82463
045 59521
046 00452
047 13183
048 13215
049 86803
050 58157
051 67315
052 66119
053 24777
054 56438
055 99789
056 46868
057 35636
058 44910
059 09140
060 60629
061 17275
062 15024
063 74222
064 96121
065 51177
066 22591
067 44148
068 23743
069 18328
070 53617
071 76173
072 71175
073 87714
074 82195
075 58657
076 67892
077 68717
078 73309
079 04728
080 65838
081 33984
082 84272
083 62856
084 36691
085 26754
086 95220
087 72049
088 89606
089 01462
090 23158
091 11890
092 92458
093 68655
094 17742
095 31552
096 93396
097 96523
098 67563
099 27375
100 81912
101 18038
102 20171
103 54208
104 11226
105 02107
106 82752
107 25922
108 61417
109 72319
110 38855
111 91253
112 93166
113 82602
114 48174
115 01137
116 36958
117 36037
118 55890
119 87649
120 12099

