001 93945
002 23639
003 29323
004 77106
005 33991
006 98624
007 65495
008 22333
009 32751
010 85148
011 07434
012 05864
013 84676
014 10919
015 30604
016 38114
017 32745
018 57473
019 95065
020 36741
021 35748
022 70238
023 27862
024 24105
025 07833
026 46607
027 87267
028 82232
029 94591
030 63954
031 11923
032 49997
033 95136
034 25464
035 91235
036 80868
037 89271
038 22028
039 00014
040 78865
041 52911
042 91208
043 73994
044 77869
045 81457
046 38824
047 12146
048 74997
049 88050
050 61431
051 60396
052 22750
053 90672
054 79608
055 97600
056 75865
057 00854
058 14813
059 70259
060 12417
061 96617
062 02033
063 78923
064 43009
065 44401
066 08505
067 68794
068 82551
069 27183
070 19834
071 74680
072 85778
073 70413
074 20693
075 37188
076 59113
077 94009
078 87668
079 48796
080 64974
081 03522
082 20216
083 58394
084 04905
085 92353
086 65171
087 80884
088 80837
089 35700
090 29977
091 26816
092 02186
093 35058
094 42178
095 77408
096 54538
097 70948
098 71405
099 24333
100 87831
101 90543
102 04898
103 89369
104 91505
105 21417
106 73671
107 79068
108 79754
109 78924
110 60313
111 89568
112 18911
113 15785
114 19635
115 52973
116 30293
117 59967
118 15477
119 30384
120 89554

