001 62918
002 21722
003 12533
004 72953
005 49766
006 09327
007 47480
008 48570
009 54256
010 26245
011 97376
012 55644
013 01809
014 14517
015 07065
016 72612
017 64809
018 26494
019 03106
020 87491
021 96369
022 84766
023 29384
024 87434
025 63553
026 03174
027 82516
028 00158
029 46762
030 04069
031 36142
032 27489
033 04904
034 02366
035 79107
036 66504
037 78545
038 77561
039 08084
040 76665
041 80678
042 56047
043 98538
044 11642
045 61453
046 13512
047 84096
048 91030
049 43843
050 95583
051 33018
052 62363
053 78404
054 01107
055 83216
056 83875
057 59042
058 09098
059 50651
060 26468
061 82415
062 09079
063 67407
064 01596
065 81544
066 52671
067 84348
068 26954
069 73819
070 84464
071 96745
072 68571
073 60040
074 91655
075 72791
076 19695
077 15487
078 78113
079 69437
080 15627
081 55080
082 41622
083 13282
084 95985
085 25438
086 18918
087 60547
088 41816
089 17840
090 86840
091 06331
092 92374
093 71617
094 76095
095 25760
096 67573
097 88615
098 06528
099 41965
100 87333
101 82623
102 92032
103 12841
104 98508
105 13507
106 84924
107 60901
108 08968
109 74217
110 05347
111 35828
112 24336
113 59938
114 14051
115 22436
116 04698
117 71735
118 43690
119 09860
120 67252
