001 10584
002 78288
003 33921
004 39034
005 75934
006 30498
007 84427
008 66916
009 24004
010 76025
011 91338
012 45265
013 01888
014 00863
015 95053
016 89115
017 48785
018 14107
019 32724
020 04870
021 94436
022 04316
023 52822
024 31099
025 95348
026 15682
027 85340
028 79757
029 57271
030 67354
031 55665
032 88109
033 27400
034 10540
035 30310
036 58917
037 74174
038 25826
039 32151
040 86046
041 46663
042 93020
043 62993
044 09900
045 37516
046 68798
047 90874
048 24662
049 00701
050 26138
051 72892
052 30573
053 88659
054 72665
055 12054
056 98615
057 61555
058 10709
059 35822
060 88070
061 46005
062 85384
063 69113
064 25790
065 42517
066 09079
067 11454
068 77713
069 13979
070 80900
071 40469
072 78189
073 61714
074 17876
075 32811
076 09086
077 82249
078 88014
079 93405
080 21961
081 70776
082 34117
083 63782
084 58110
085 29179
086 62450
087 52202
088 55733
089 50094
090 18352
091 41121
092 13140
093 68795
094 76887
095 32253
096 17905
097 50759
098 18173
099 22584
100 02427
101 75720
102 72191
103 51918
104 14657
105 21800
106 78854
107 54682
108 72906
109 11176
110 27078
111 71345
112 72464
113 27450
114 10843
115 30348
116 68710
117 21806
118 70745
119 92555
120 43493
