001 58038
002 51874
003 90987
004 85407
005 92903
006 45692
007 28613
008 59814
009 53803
010 61571
011 50521
012 62333
013 02420
014 75082
015 32616
016 37139
017 96834
018 50126
019 51838
020 18425
021 24723
022 91025
023 60323
024 29910
025 00318
026 01811
027 73182
028 20161
029 29765
030 90241
031 50568
032 93749
033 93627
034 30715
035 84665
036 17831
037 86958
038 34322
039 02904
040 71815
041 76538
042 94574
043 20025
044 77242
045 80809
046 42945
047 30875
048 86705
049 22654
050 31107
051 71931
052 29305
053 22515
054 87161
055 10968
056 57451
057 85965
058 40796
059 67218
060 79865
061 46816
062 95741
063 67801
064 11039
065 00844
066 35211
067 05476
068 00200
069 31485
070 34687
071 53150
072 27752
073 47475
074 71242
075 89834
076 16218
077 83645
078 18727
079 56797
080 55347
081 19929
082 37098
083 07888
084 70044
085 10383
086 58761
087 62219
088 55357
089 17738
090 39298
091 36689
092 70388
093 77563
094 89472
095 92401
096 95697
097 92692
098 93484
099 64102
100 98007
101 63111
102 09714
103 17120
104 52902
105 38731
106 44314
107 79195
108 08760
109 91502
110 32563
111 79526
112 58719
113 64941
114 21465
115 60025
116 44900
117 47751
118 83877
119 46142
120 21224
