001 48377
002 43636
003 62795
004 85810
005 64411
006 83494
007 98134
008 20469
009 26453
010 27058
011 83110
012 88172
013 85510
014 51444
015 77837
016 02189
017 79994
018 24160
019 67182
020 91161
021 49896
022 83800
023 64801
024 07771
025 28837
026 84020
027 69156
028 12025
029 16616
030 58009
031 07709
032 64024
033 47596
034 36928
035 47454
036 07618
037 06995
038 92860
039 35823
040 21497
041 30492
042 21230
043 98590
044 30727
045 32467
046 61879
047 44962
048 56125
049 38019
050 97921
051 32357
052 05692
053 82542
054 27585
055 96764
056 60460
057 88250
058 13818
059 43599
060 49451
061 12404
062 43925
063 46329
064 29118
065 04733
066 52495
067 32024
068 20819
069 98085
070 33174
071 84602
072 77896
073 39980
074 46667
075 31614
076 87033
077 57719
078 14602
079 06788
080 09754
081 14332
082 18724
083 50162
084 90413
085 53540
086 82166
087 86979
088 05986
089 43664
090 44888
091 55754
092 67803
093 00135
094 55935
095 80816
096 02305
097 08038
098 65930
099 92116
100 24133
101 28265
102 50823
103 22784
104 92353
105 55060
106 49778
107 87379
108 71173
109 66037
110 66529
111 40367
112 14951
113 22634
114 49851
115 17974
116 57031
117 04564
118 69783
119 85682
120 86934

