001 59359
002 79168
003 19381
004 90951
005 41032
006 09255
007 28798
008 62203
009 64960
010 06805
011 60529
012 25577
013 34634
014 49494
015 87937
016 63498
017 49173
018 49995
019 18170
020 75109
021 36182
022 37958
023 23212
024 30270
025 84459
026 81619
027 34368
028 23562
029 87733
030 10578
031 36488
032 07742
033 73909
034 24439
035 92358
036 82102
037 44098
038 65082
039 31301
040 08282
041 94094
042 39899
043 59789
044 62276
045 87793
046 09618
047 77640
048 43151
049 64565
050 88423
051 93389
052 84215
053 80250
054 51732
055 40311
056 17626
057 31012
058 08913
059 49667
060 39388
061 48596
062 55520
063 78918
064 73127
065 84346
066 86910
067 69741
068 37088
069 22967
070 76058
071 40087
072 59911
073 88312
074 94924
075 53028
076 34931
077 51862
078 21813
079 49358
080 96098
081 42357
082 81254
083 03222
084 74939
085 19921
086 61103
087 41187
088 25412
089 36168
090 54477
091 01703
092 01620
093 11634
094 35130
095 09217
096 74800
097 95132
098 39369
099 98106
100 27639
101 85021
102 11027
103 91897
104 26644
105 93764
106 70857
107 67901
108 23040
109 32671
110 93110
111 15406
112 14633
113 63038
114 68317
115 84491
116 51569
117 21272
118 87144
119 84423
120 25400
