001 74431
002 08139
003 74093
004 61083
005 71791
006 49495
007 21860
008 45321
009 89397
010 76613
011 90753
012 12798
013 95546
014 93384
015 22056
016 70716
017 89838
018 47665
019 65197
020 36406
021 15016
022 75898
023 42763
024 65418
025 56078
026 91085
027 73647
028 29963
029 35276
030 76677
031 96337
032 17205
033 39173
034 19552
035 49489
036 79829
037 36577
038 56627
039 69044
040 82880
041 06989
042 86790
043 60014
044 03707
045 75451
046 32876
047 49412
048 53515
049 87739
050 92523
051 52577
052 45421
053 02466
054 58930
055 54063
056 56601
057 01862
058 91384
059 29002
060 00388
061 63282
062 10141
063 01314
064 48954
065 46669
066 41230
067 40695
068 47173
069 94987
070 68903
071 34759
072 56848
073 39084
074 27444
075 21460
076 99763
077 43460
078 61296
079 17883
080 49648
081 66107
082 19821
083 13883
084 13231
085 08543
086 84694
087 97467
088 46451
089 07014
090 09515
091 28975
092 75623
093 28720
094 88676
095 67492
096 21390
097 63864
098 04995
099 77970
100 71288
101 01007
102 30179
103 50074
104 80054
105 51277
106 94613
107 35286
108 06802
109 43722
110 05876
111 32655
112 40776
113 09096
114 31100
115 27100
116 62133
117 17878
118 64439
119 49377
120 94742
