001 48588
002 59267
003 56046
004 23171
005 09212
006 43627
007 39938
008 49099
009 49572
010 80755
011 62383
012 01208
013 38555
014 99448
015 71143
016 68821
017 93006
018 35542
019 02944
020 61434
021 89159
022 94543
023 55230
024 10130
025 19670
026 15009
027 33851
028 02927
029 94195
030 76437
031 69381
032 84706
033 35678
034 21774
035 82287
036 15926
037 67145
038 74109
039 79785
040 34512
041 32699
042 75051
043 15899
044 92373
045 33871
046 51847
047 50233
048 60796
049 25647
050 91797
051 53714
052 86638
053 92525
054 88544
055 55625
056 83147
057 74986
058 15716
059 63282
060 48752
061 72784
062 94024
063 06848
064 50778
065 92426
066 43461
067 83235
068 26882
069 25601
070 76072
071 85323
072 78604
073 26055
074 89143
075 15975
076 07824
077 18618
078 05830
079 87282
080 10368
081 85148
082 06793
083 28642
084 61234
085 17010
086 53615
087 64552
088 71831
089 70226
090 52744
091 61145
092 71894
093 90121
094 69975
095 75402
096 46628
097 10125
098 32926
099 71979
100 38828
101 94890
102 34315
103 53643
104 62519
105 52227
106 38080
107 09203
108 87008
109 08222
110 17742
111 99478
112 94905
113 70524
114 53808
115 49948
116 81530
117 85468
118 40609
119 37583
120 98229
