001 81239
002 61122
003 88006
004 29123
005 52911
006 11313
007 90633
008 09854
009 67602
010 29365
011 12004
012 79253
013 22007
014 52530
015 64913
016 55056
017 57071
018 76762
019 88933
020 39740
021 84724
022 05775
023 28549
024 57019
025 91737
026 29910
027 99542
028 70688
029 50735
030 75645
031 09539
032 70146
033 44877
034 20882
035 83622
036 06652
037 21545
038 93478
039 61164
040 85851
041 74484
042 79892
043 75081
044 47801
045 60983
046 15505
047 31830
048 92167
049 87910
050 48390
051 20211
052 59623
053 46690
054 39450
055 70220
056 89178
057 36868
058 59265
059 63879
060 78786
061 38407
062 34205
063 28349
064 83337
065 51904
066 23957
067 05680
068 32176
069 31600
070 37456
071 50076
072 52508
073 16300
074 75144
075 51412
076 94998
077 51862
078 27564
079 80407
080 97043
081 78119
082 24274
083 71254
084 92693
085 88292
086 04975
087 65779
088 59559
089 34239
090 49807
091 88450
092 69942
093 04971
094 07594
095 94882
096 35255
097 79537
098 09040
099 71210
100 29491
101 83262
102 32358
103 77803
104 68869
105 05846
106 78619
107 87737
108 80436
109 13874
110 79845
111 23312
112 83423
113 62488
114 51101
115 20433
116 58135
117 78574
118 58001
119 23675
120 63956
