001 12652
002 31868
003 35097
004 50621
005 52279
006 83736
007 56540
008 54334
009 53914
010 68715
011 00485
012 70673
013 42910
014 98900
015 51332
016 83106
017 56436
018 13832
019 24524
020 07201
021 06365
022 07032
023 82074
024 39296
025 33943
026 24035
027 97906
028 41682
029 27752
030 72837
031 48879
032 42352
033 97989
034 65473
035 06013
036 23346
037 40535
038 08886
039 24558
040 51887
041 94163
042 15603
043 53959
044 28315
045 86059
046 77782
047 42017
048 31674
049 09937
050 57910
051 18473
052 87193
053 34701
054 42575
055 76826
056 12002
057 33970
058 36143
059 22187
060 83013
061 77592
062 24917
063 12917
064 65111
065 13618
066 07031
067 40513
068 67550
069 08063
070 56735
071 44267
072 14299
073 63123
074 87225
075 37074
076 52393
077 65067
078 94199
079 60080
080 54751
081 49290
082 01776
083 70370
084 59399
085 44812
086 48795
087 27648
088 90235
089 16101
090 27711
091 37773
092 03798
093 85165
094 47089
095 38339
096 94599
097 83049
098 90646
099 27924
100 53490
101 36814
102 96417
103 44578
104 75179
105 13314
106 40693
107 68214
108 56234
109 89381
110 14668
111 46766
112 43459
113 40654
114 03625
115 45540
116 36499
117 01625
118 79364
119 63758
120 78947

