001 23909
002 68983
003 77492
004 94394
005 19738
006 70344
007 66351
008 63697
009 14835
010 39557
011 16000
012 76028
013 71156
014 53121
015 51704
016 37843
017 50692
018 46114
019 95966
020 36994
021 02229
022 68399
023 52849
024 09566
025 94074
026 16796
027 27306
028 58074
029 33040
030 89813
031 16187
032 52590
033 69747
034 29969
035 30668
036 74427
037 75539
038 77990
039 76757
040 05578
041 52684
042 88787
043 37149
044 36650
045 41740
046 52867
047 02765
048 23537
049 80648
050 22277
051 44658
052 09470
053 96932
054 15921
055 66333
056 84380
057 51368
058 63339
059 28428
060 43847
061 54083
062 34776
063 33762
064 80657
065 38734
066 42104
067 20809
068 78253
069 39708
070 93833
071 41364
072 32158
073 24440
074 58744
075 55833
076 96584
077 98058
078 80119
079 69617
080 98451
081 50768
082 60122
083 88800
084 48683
085 36748
086 85754
087 22106
088 84565
089 61690
090 96544
091 54832
092 26166
093 59862
094 71969
095 84281
096 48291
097 74920
098 91073
099 14926
100 98569
101 10380
102 86558
103 50326
104 98547
105 36074
106 48695
107 29316
108 18204
109 71747
110 20177
111 89307
112 88790
113 11532
114 95454
115 01806
116 99301
117 31016
118 91297
119 81380
120 33338
