001 39228
002 03969
003 02533
004 55694
005 02085
006 43579
007 41949
008 02357
009 19258
010 87423
011 40018
012 64454
013 30932
014 73221
015 84147
016 50586
017 52384
018 86837
019 25567
020 95008
021 60329
022 77935
023 39279
024 43015
025 23268
026 36637
027 17134
028 03679
029 07387
030 61960
031 08206
032 71374
033 89358
034 84477
035 50761
036 32882
037 28235
038 89630
039 35371
040 49267
041 69559
042 67381
043 15290
044 17950
045 38432
046 82031
047 68337
048 05791
049 94670
050 19119
051 34805
052 71424
053 70147
054 57965
055 06382
056 49227
057 85312
058 48994
059 32064
060 92049
061 68059
062 44844
063 62878
064 95167
065 01276
066 66634
067 43196
068 81182
069 49469
070 91056
071 33127
072 45626
073 41035
074 85708
075 61256
076 87920
077 94340
078 70133
079 42360
080 17296
081 99830
082 10393
083 69715
084 53101
085 81446
086 89408
087 83136
088 32708
089 67590
090 53483
091 59815
092 64225
093 58458
094 00550
095 64396
096 37053
097 20293
098 10262
099 13469
100 24093
101 45248
102 93312
103 35009
104 49387
105 02044
106 26963
107 92960
108 29832
109 25134
110 43462
111 91854
112 83476
113 54745
114 78746
115 01740
116 03480
117 37442
118 64756
119 75477
120 34241
