001 83103
002 02691
003 75452
004 24794
005 31749
006 57833
007 19473
008 96760
009 92474
010 74248
011 07082
012 37388
013 44159
014 04189
015 05197
016 06648
017 75807
018 47466
019 99511
020 61616
021 26950
022 43693
023 66922
024 79346
025 51786
026 68230
027 23895
028 71243
029 59774
030 21435
031 34556
032 82392
033 25079
034 36707
035 16497
036 46964
037 43273
038 94606
039 41830
040 58506
041 18842
042 82836
043 23860
044 10976
045 61422
046 19858
047 28139
048 11053
049 52486
050 80309
051 94678
052 75914
053 56515
054 67881
055 20311
056 03311
057 45767
058 08471
059 13947
060 90847
061 96546
062 15546
063 64880
064 98940
065 71885
066 33989
067 72842
068 69585
069 31871
070 04335
071 69290
072 80298
073 32925
074 00830
075 69980
076 84031
077 31356
078 72158
079 81579
080 56545
081 66743
082 34081
083 35593
084 72616
085 64559
086 49351
087 78824
088 62997
089 75391
090 34813
091 29118
092 31766
093 21204
094 77750
095 53749
096 60915
097 65369
098 12934
099 76719
100 76097
101 13686
102 27516
103 62545
104 08301
105 82568
106 43505
107 44334
108 33813
109 37852
110 52985
111 86457
112 70590
113 49981
114 20427
115 15594
116 54022
117 34706
118 53112
119 86723
120 16955
