001 61844
002 40328
003 44125
004 02352
005 74617
006 14582
007 30029
008 12467
009 17471
010 94555
011 63175
012 88910
013 13973
014 16702
015 59991
016 70527
017 96082
018 71738
019 87429
020 13208
021 66136
022 91442
023 69400
024 39903
025 97552
026 69845
027 93332
028 13101
029 09184
030 52529
031 60679
032 28952
033 86450
034 53932
035 09835
036 09676
037 41707
038 07278
039 62095
040 54137
041 40206
042 98823
043 34577
044 79262
045 22582
046 08547
047 50868
048 98982
049 79105
050 86452
051 69697
052 20871
053 65399
054 32809
055 77333
056 29867
057 63829
058 12277
059 47835
060 36952
061 44542
062 09443
063 24108
064 22936
065 46892
066 01048
067 75592
068 93146
069 32387
070 08372
071 97009
072 01714
073 07709
074 94749
075 65819
076 07023
077 27412
078 45794
079 17704
080 59514
081 73389
082 47287
083 45825
084 52843
085 26867
086 77828
087 65085
088 83812
089 85438
090 60382
091 57560
092 10246
093 90483
094 20529
095 45513
096 68537
097 06918
098 25586
099 85264
100 28232
101 77204
102 88522
103 38861
104 99111
105 23905
106 85330
107 16350
108 50197
109 45041
110 95076
111 23934
112 79353
113 31628
114 99895
115 67398
116 29015
117 54158
118 04236
119 71951
120 06241
