001 91834
002 99417
003 24399
004 09296
005 22013
006 90707
007 13948
008 74527
009 71775
010 66441
011 93950
012 94908
013 91339
014 53932
015 23831
016 04417
017 26455
018 81467
019 44874
020 90149
021 64256
022 69463
023 19752
024 60749
025 78535
026 99628
027 40909
028 92709
029 40489
030 45505
031 82140
032 93771
033 20837
034 72792
035 23835
036 58884
037 77537
038 36276
039 62718
040 30305
041 00552
042 55931
043 19248
044 60140
045 03832
046 46316
047 73825
048 96074
049 81700
050 47720
051 52762
052 34368
053 10298
054 08501
055 44505
056 79579
057 39614
058 98328
059 94368
060 35702
061 49766
062 33438
063 26719
064 23566
065 85193
066 80220
067 28826
068 59245
069 66589
070 05896
071 56944
072 79156
073 59975
074 38303
075 73511
076 45193
077 28998
078 66059
079 85508
080 16930
081 38567
082 75386
083 31172
084 82052
085 40879
086 09673
087 27195
088 00407
089 76141
090 21244
091 75880
092 52303
093 48552
094 26219
095 70317
096 49548
097 42709
098 44032
099 24885
100 29816
101 04893
102 88368
103 33292
104 97505
105 20155
106 06635
107 78654
108 38183
109 07524
110 26628
111 35774
112 51119
113 58151
114 49999
115 05369
116 94576
117 55798
118 80652
119 64787
120 52008

