001 29878
002 63739
003 30152
004 49687
005 61722
006 67648
007 22936
008 64817
009 97498
010 35290
011 26002
012 89616
013 35171
014 71914
015 31580
016 46444
017 61861
018 56622
019 32738
020 23126
021 08730
022 80953
023 09906
024 69547
025 36186
026 14245
027 22908
028 10071
029 38150
030 84480
031 13630
032 89986
033 23657
034 25282
035 47689
036 20813
037 45593
038 02822
039 57734
040 68774
041 24843
042 34383
043 97728
044 73309
045 56307
046 53176
047 64981
048 79417
049 99630
050 42655
051 76260
052 78104
053 86183
054 50949
055 17925
056 16947
057 37413
058 90161
059 28308
060 43629
061 04626
062 65125
063 93768
064 24435
065 51360
066 72252
067 34624
068 34556
069 15552
070 10917
071 52896
072 77672
073 37382
074 30541
075 27244
076 33789
077 98284
078 99044
079 21434
080 99365
081 50020
082 45106
083 48510
084 30675
085 72985
086 29556
087 55605
088 71079
089 52430
090 29695
091 63138
092 58894
093 24955
094 42398
095 08927
096 27340
097 49942
098 43715
099 24287
100 47074
101 92368
102 78284
103 84363
104 09894
105 12319
106 94688
107 47667
108 68737
109 80138
110 10885
111 21602
112 63840
113 86385
114 46958
115 12285
116 52848
117 15876
118 22472
119 58533
120 61671

