001 89235
002 11475
003 87074
004 43457
005 22391
006 25457
007 93365
008 01232
009 18651
010 27891
011 25647
012 63263
013 37643
014 07190
015 46213
016 32285
017 97722
018 78035
019 70144
020 25279
021 09607
022 54267
023 99403
024 33590
025 22892
026 54492
027 08425
028 20612
029 53056
030 01038
031 16054
032 28171
033 85576
034 52573
035 60558
036 32330
037 50104
038 84555
039 20210
040 35702
041 36120
042 47438
043 94045
044 80991
045 07418
046 13475
047 63858
048 76143
049 92395
050 50884
051 95934
052 97959
053 25036
054 46070
055 74152
056 53957
057 09135
058 77319
059 43630
060 93502
061 56035
062 91113
063 65208
064 49422
065 27305
066 28961
067 37574
068 37389
069 82346
070 79678
071 22049
072 43907
073 26710
074 30297
075 09401
076 32122
077 34217
078 47257
079 78141
080 66638
081 33829
082 12834
083 02196
084 78077
085 96190
086 83762
087 49248
088 65112
089 33431
090 07584
091 97328
092 25284
093 76045
094 17480
095 03091
096 72992
097 60024
098 21893
099 05230
100 35524
101 33178
102 12133
103 19765
104 46033
105 27519
106 64632
107 49142
108 77169
109 01988
110 16496
111 96076
112 81741
113 34705
114 06020
115 54951
116 39662
117 91765
118 57150
119 55137
120 23283

