001 39083
002 68137
003 29180
004 75487
005 56268
006 19768
007 42985
008 14645
009 90404
010 64433
011 82887
012 77930
013 25357
014 36246
015 90049
016 42418
017 64576
018 33968
019 78686
020 26461
021 96086
022 24234
023 33055
024 76548
025 55037
026 03434
027 30079
028 74887
029 19619
030 05505
031 77409
032 02284
033 11801
034 38588
035 21392
036 83817
037 30320
038 24324
039 14565
040 53908
041 64242
042 98563
043 69009
044 01231
045 44601
046 40557
047 37719
048 07311
049 13365
050 48303
051 11913
052 31178
053 45790
054 60895
055 81503
056 73787
057 79930
058 67329
059 47892
060 27307
061 89567
062 15216
063 14102
064 43738
065 58029
066 72351
067 40286
068 95239
069 70552
070 15281
071 78998
072 27171
073 63053
074 93057
075 12208
076 42125
077 37499
078 37070
079 67216
080 15103
081 28741
082 91853
083 70916
084 93344
085 20661
086 16113
087 67281
088 50874
089 77746
090 93133
091 55460
092 60948
093 94149
094 74631
095 37362
096 52229
097 40160
098 46436
099 83299
100 58608
101 14017
102 83755
103 85764
104 09826
105 63780
106 40367
107 95039
108 63681
109 85441
110 13158
111 26072
112 55480
113 31597
114 58094
115 62753
116 23304
117 56288
118 77218
119 05891
120 93560

