001 07186
002 03811
003 22941
004 41836
005 85485
006 34569
007 50545
008 11732
009 58081
010 76148
011 53730
012 23994
013 33634
014 58381
015 39174
016 81735
017 01428
018 03692
019 23139
020 66273
021 58206
022 22982
023 87504
024 79553
025 23889
026 46591
027 28683
028 06398
029 84452
030 68503
031 71784
032 06985
033 75012
034 15920
035 16766
036 34731
037 58407
038 91549
039 67263
040 94553
041 12653
042 74776
043 19247
044 07823
045 15969
046 28280
047 53662
048 35938
049 70184
050 63721
051 03332
052 96451
053 96750
054 29406
055 79957
056 04451
057 17912
058 55656
059 84652
060 65404
061 04160
062 28039
063 07947
064 35326
065 80535
066 86100
067 89525
068 97791
069 64218
070 91960
071 01152
072 69942
073 76820
074 77710
075 13522
076 14414
077 11895
078 65116
079 16167
080 92825
081 30839
082 55125
083 61950
084 95822
085 11824
086 12306
087 26737
088 24264
089 94555
090 28047
091 00029
092 87849
093 46428
094 03548
095 82330
096 41543
097 48299
098 88416
099 46368
100 14304
101 85759
102 14403
103 13501
104 78282
105 68832
106 34677
107 39312
108 61306
109 30481
110 21024
111 58027
112 30498
113 83505
114 11159
115 94953
116 84619
117 31902
118 28582
119 42283
120 08976

