001 48446
002 77853
003 25617
004 99250
005 45965
006 15952
007 92195
008 06077
009 21131
010 47935
011 87891
012 32118
013 80821
014 44124
015 40754
016 96158
017 27704
018 80691
019 20215
020 14807
021 30107
022 86488
023 91018
024 10090
025 79852
026 82666
027 45101
028 96843
029 42718
030 12259
031 24279
032 34881
033 03781
034 50270
035 41180
036 56982
037 98921
038 07412
039 94765
040 39398
041 76940
042 01585
043 00446
044 44520
045 27779
046 35203
047 03887
048 07853
049 17054
050 00047
051 29012
052 28676
053 55396
054 26665
055 52994
056 30896
057 96554
058 45161
059 36676
060 34853
061 71118
062 01308
063 27065
064 68208
065 11790
066 00757
067 83944
068 66744
069 11997
070 96210
071 72299
072 32424
073 00716
074 42450
075 17261
076 14065
077 55665
078 45859
079 82581
080 92429
081 52875
082 82740
083 95732
084 03529
085 45105
086 70579
087 53501
088 04789
089 27223
090 26536
091 94909
092 09866
093 66751
094 03674
095 16773
096 44795
097 65499
098 92211
099 47913
100 59631
101 75068
102 26084
103 33593
104 74648
105 13825
106 51773
107 50110
108 09340
109 44164
110 39868
111 83782
112 64733
113 13186
114 17974
115 41260
116 28751
117 52326
118 49434
119 39577
120 92201
