001 18195
002 08428
003 01419
004 35613
005 30993
006 10448
007 94539
008 61479
009 77326
010 00632
011 86843
012 03106
013 59127
014 25591
015 52870
016 76163
017 09828
018 14796
019 85039
020 77289
021 25919
022 85090
023 85783
024 53634
025 23509
026 11142
027 05145
028 21339
029 23981
030 05969
031 76395
032 45538
033 10825
034 14792
035 83337
036 17697
037 75498
038 76407
039 71748
040 32178
041 30994
042 27886
043 78060
044 88784
045 49786
046 28102
047 24334
048 37213
049 78305
050 36388
051 40102
052 50079
053 05008
054 33147
055 84268
056 10289
057 88796
058 32486
059 42512
060 12124
061 32806
062 86688
063 63549
064 83616
065 69594
066 42579
067 16380
068 27931
069 82234
070 64062
071 09227
072 03803
073 56047
074 57515
075 30781
076 95377
077 00601
078 62576
079 26746
080 34554
081 38630
082 25272
083 17453
084 89704
085 02149
086 65959
087 80144
088 74898
089 96844
090 12197
091 47850
092 44610
093 01177
094 50694
095 53506
096 69488
097 46231
098 08252
099 73966
100 69817
101 40548
102 10036
103 55591
104 57179
105 68694
106 19096
107 29672
108 22342
109 49322
110 20709
111 34321
112 80918
113 33900
114 23630
115 03609
116 95904
117 14538
118 28181
119 55197
120 58845
