001 24839
002 61903
003 51622
004 03990
005 00066
006 85873
007 54530
008 82634
009 11331
010 61449
011 25526
012 18573
013 03878
014 70197
015 17325
016 21375
017 97630
018 03273
019 16242
020 20254
021 81030
022 66422
023 10715
024 97214
025 83370
026 12160
027 96483
028 49860
029 00646
030 54501
031 78751
032 40639
033 53556
034 05945
035 99921
036 11335
037 84587
038 56053
039 12389
040 44471
041 33397
042 05174
043 75816
044 82916
045 79740
046 73196
047 22433
048 21432
049 23709
050 88917
051 23284
052 98699
053 72554
054 55410
055 70508
056 35826
057 56342
058 56204
059 34825
060 33469
061 69531
062 55363
063 90508
064 49454
065 62840
066 33121
067 49866
068 83262
069 53391
070 96580
071 18063
072 15859
073 72078
074 51815
075 46958
076 32214
077 25676
078 55686
079 20948
080 83131
081 00861
082 40112
083 51351
084 40113
085 76822
086 65733
087 00894
088 86572
089 13564
090 97967
091 31979
092 74841
093 79684
094 21802
095 46624
096 97172
097 81748
098 31588
099 34339
100 98653
101 98916
102 89533
103 13854
104 73457
105 31808
106 85391
107 43948
108 06713
109 00786
110 23767
111 86491
112 19553
113 38242
114 76871
115 50365
116 27340
117 58209
118 41680
119 57901
120 83448
