001 56177
002 95516
003 33252
004 90750
005 53414
006 70860
007 05393
008 34953
009 32332
010 74557
011 80558
012 81345
013 07149
014 80657
015 11946
016 98758
017 72133
018 53995
019 40979
020 65330
021 03127
022 83806
023 50325
024 80025
025 05916
026 04267
027 85108
028 41961
029 13723
030 05949
031 53110
032 49986
033 15785
034 37517
035 90454
036 76289
037 48204
038 59462
039 36215
040 74343
041 63354
042 06350
043 71051
044 88519
045 42619
046 02165
047 12314
048 60376
049 37710
050 75989
051 03231
052 07672
053 92146
054 99189
055 33278
056 29526
057 54390
058 11689
059 54795
060 16803
061 01443
062 48050
063 35728
064 87408
065 42774
066 19703
067 60905
068 28048
069 73046
070 49174
071 61193
072 54835
073 27630
074 56969
075 72719
076 70472
077 06999
078 94580
079 56886
080 49825
081 21272
082 78098
083 20654
084 25596
085 68674
086 28156
087 97931
088 91385
089 03120
090 28556
091 34187
092 84869
093 87368
094 82541
095 83197
096 23703
097 72748
098 46667
099 03387
100 37259
101 05110
102 84315
103 63690
104 90690
105 02278
106 65864
107 97276
108 87755
109 16585
110 05613
111 79574
112 68367
113 36316
114 16329
115 26261
116 51958
117 13150
118 54905
119 01857
120 96787
