001 53238
002 08307
003 47658
004 19701
005 49444
006 13384
007 60621
008 77409
009 50950
010 11053
011 12834
012 72465
013 37393
014 69956
015 65722
016 72118
017 79140
018 95455
019 03762
020 55014
021 13351
022 50482
023 66651
024 87333
025 46698
026 07812
027 65051
028 24404
029 25980
030 35505
031 36019
032 69440
033 51819
034 87279
035 91171
036 15997
037 82117
038 79714
039 19243
040 78686
041 85851
042 51716
043 76289
044 50599
045 78538
046 93527
047 55839
048 48384
049 68917
050 75387
051 22438
052 74577
053 07271
054 18671
055 16701
056 96659
057 72321
058 19105
059 23517
060 50903
061 47635
062 03329
063 20141
064 27443
065 84540
066 69587
067 39892
068 06427
069 17001
070 21098
071 51201
072 41451
073 74545
074 91907
075 60156
076 59695
077 90787
078 60617
079 06446
080 84132
081 95293
082 50611
083 92775
084 07800
085 47320
086 12109
087 84558
088 09083
089 08117
090 81353
091 14100
092 40428
093 73480
094 23797
095 23912
096 43655
097 36150
098 74186
099 97670
100 29489
101 71913
102 38239
103 16844
104 90822
105 40332
106 00508
107 88132
108 32686
109 16290
110 17277
111 48790
112 91008
113 07882
114 01721
115 72050
116 05715
117 18778
118 42513
119 43436
120 94629
