001 97950
002 25940
003 58128
004 57276
005 08494
006 22243
007 81199
008 77442
009 05701
010 80797
011 23628
012 96673
013 88479
014 28777
015 71053
016 37357
017 00845
018 01415
019 49799
020 52402
021 04430
022 69082
023 97821
024 36586
025 17508
026 98621
027 74590
028 07178
029 10412
030 90775
031 86372
032 68971
033 11571
034 78590
035 71547
036 51219
037 80817
038 07935
039 62169
040 20429
041 38606
042 24050
043 52540
044 78382
045 07224
046 47548
047 77805
048 61594
049 34791
050 67836
051 86639
052 69334
053 14523
054 88231
055 07796
056 98182
057 09423
058 48394
059 34778
060 63233
061 18054
062 77821
063 14185
064 46708
065 53981
066 61221
067 54392
068 04590
069 50783
070 56953
071 21221
072 71513
073 17796
074 93073
075 75438
076 00526
077 28551
078 00270
079 20516
080 48774
081 63323
082 25814
083 06106
084 54480
085 59331
086 99648
087 53350
088 72360
089 96156
090 64119
091 22600
092 65586
093 75279
094 40966
095 11256
096 45824
097 58966
098 27401
099 38627
100 97326
101 21173
102 60874
103 31383
104 51133
105 40874
106 73612
107 93340
108 39619
109 98841
110 32988
111 28826
112 71718
113 50026
114 98964
115 37707
116 18681
117 10307
118 30228
119 65115
120 03285

