001 27098
002 29590
003 13317
004 73323
005 01779
006 77104
007 44014
008 31582
009 96795
010 26130
011 17070
012 15211
013 41241
014 41064
015 29726
016 13693
017 33804
018 87158
019 47727
020 32582
021 06642
022 07339
023 59252
024 65241
025 89658
026 50981
027 58717
028 21373
029 77610
030 92514
031 80511
032 54994
033 74362
034 07871
035 69109
036 32659
037 49843
038 99270
039 64355
040 95511
041 87564
042 12333
043 79982
044 32708
045 17094
046 95729
047 46931
048 17251
049 36191
050 56292
051 88385
052 41410
053 14428
054 03085
055 38154
056 77066
057 46530
058 90157
059 71003
060 59259
061 61529
062 87105
063 72719
064 81980
065 66954
066 72589
067 44733
068 74672
069 76424
070 53278
071 77126
072 76656
073 86056
074 10543
075 20877
076 44209
077 33953
078 56499
079 37295
080 35953
081 87201
082 22275
083 32611
084 03482
085 88657
086 38483
087 15882
088 70348
089 02622
090 37297
091 07880
092 41925
093 32755
094 84883
095 56202
096 70968
097 47328
098 20551
099 69274
100 95967
101 48114
102 61632
103 17601
104 47199
105 51695
106 99747
107 78240
108 65222
109 40205
110 88515
111 26679
112 69195
113 58099
114 38382
115 71520
116 48038
117 69968
118 63636
119 12761
120 68966
