001 37228
002 00748
003 35058
004 03874
005 43676
006 17621
007 72802
008 38107
009 44775
010 60844
011 92945
012 42366
013 63610
014 00429
015 77509
016 23632
017 44898
018 65621
019 39073
020 07538
021 33209
022 32227
023 46724
024 24073
025 51048
026 54369
027 30788
028 95626
029 88140
030 41625
031 58728
032 75139
033 58663
034 84559
035 96472
036 50162
037 00516
038 13341
039 27749
040 25703
041 77137
042 06350
043 72913
044 12553
045 83900
046 48514
047 92992
048 58457
049 54366
050 63217
051 27261
052 98013
053 30290
054 53739
055 52660
056 39174
057 73659
058 81913
059 46909
060 84567
061 63610
062 61879
063 20490
064 09052
065 17871
066 23197
067 03426
068 31481
069 57372
070 32571
071 09724
072 92154
073 60712
074 51261
075 58672
076 39209
077 48468
078 28967
079 80649
080 12556
081 54413
082 60964
083 33763
084 38362
085 57825
086 64874
087 49338
088 46530
089 12271
090 12778
091 72628
092 15118
093 46438
094 43894
095 77497
096 28006
097 84570
098 20059
099 83672
100 60493
101 59279
102 74944
103 49768
104 75856
105 45491
106 31886
107 20193
108 32941
109 78129
110 81528
111 87686
112 43688
113 43316
114 13859
115 04283
116 31131
117 78092
118 37929
119 40135
120 76266
