001 18820
002 76762
003 28457
004 58317
005 63650
006 35107
007 56991
008 25160
009 33752
010 11011
011 16330
012 70605
013 40922
014 18558
015 44477
016 09497
017 02445
018 49095
019 30315
020 94477
021 46590
022 82043
023 30422
024 43276
025 86913
026 22334
027 08402
028 97654
029 62501
030 43056
031 97286
032 86777
033 16365
034 14651
035 41686
036 15248
037 32209
038 66337
039 24562
040 77972
041 17672
042 08058
043 21421
044 42864
045 74338
046 54817
047 10209
048 48616
049 79950
050 87272
051 34347
052 33175
053 90365
054 64167
055 83482
056 96411
057 38336
058 58190
059 68955
060 10172
061 05972
062 01832
063 79445
064 00746
065 02110
066 14096
067 90236
068 86610
069 17393
070 48769
071 27374
072 00096
073 21943
074 25478
075 46645
076 74942
077 26398
078 92989
079 97116
080 08185
081 79547
082 12132
083 93557
084 91857
085 68486
086 48729
087 52705
088 83371
089 13253
090 38953
091 09469
092 58213
093 45488
094 52698
095 83092
096 23967
097 56598
098 27975
099 13241
100 45376
101 28815
102 63961
103 21595
104 37745
105 52650
106 77523
107 56644
108 16875
109 90325
110 50985
111 93225
112 41875
113 06783
114 21370
115 77595
116 92966
117 18409
118 47473
119 24937
120 74280
