001 90478
002 36012
003 24867
004 69226
005 40650
006 69167
007 42836
008 53130
009 95096
010 79727
011 38743
012 26556
013 32264
014 53625
015 47552
016 76423
017 70928
018 12722
019 54360
020 12385
021 05728
022 41334
023 32950
024 05386
025 85587
026 30611
027 67212
028 11801
029 23605
030 18265
031 06082
032 36170
033 36821
034 03160
035 47623
036 33354
037 12517
038 29010
039 47429
040 76976
041 81577
042 83865
043 75787
044 73166
045 05128
046 38811
047 14727
048 42798
049 42567
050 38291
051 57909
052 09085
053 45648
054 02043
055 93216
056 22867
057 53916
058 83486
059 55089
060 05761
061 24685
062 55672
063 10235
064 36955
065 15028
066 45665
067 82192
068 85430
069 05250
070 48449
071 92745
072 11273
073 95363
074 20426
075 64217
076 38223
077 87801
078 07973
079 13003
080 28946
081 80994
082 53431
083 85083
084 04664
085 88918
086 28700
087 57014
088 35025
089 99272
090 96630
091 77102
092 01649
093 64060
094 23929
095 22205
096 36230
097 95311
098 73322
099 44317
100 59346
101 80785
102 15798
103 62195
104 25587
105 62586
106 19088
107 78719
108 18787
109 78729
110 65156
111 04436
112 29902
113 31336
114 17045
115 27863
116 43925
117 05466
118 03950
119 41119
120 89605

