001 82767
002 85829
003 53324
004 30801
005 93086
006 24749
007 69501
008 55964
009 25845
010 94907
011 86120
012 00212
013 86946
014 20471
015 54269
016 11833
017 74721
018 35177
019 37088
020 75675
021 50119
022 39027
023 80095
024 85651
025 33265
026 86391
027 30423
028 50587
029 25730
030 37397
031 42669
032 96215
033 57306
034 76136
035 81474
036 46531
037 30847
038 58392
039 36102
040 74297
041 26549
042 11488
043 38401
044 12358
045 97646
046 59397
047 34996
048 11541
049 19949
050 69383
051 88539
052 42209
053 54740
054 16176
055 67142
056 85001
057 00754
058 53248
059 13923
060 07873
061 16870
062 96665
063 30639
064 04352
065 81619
066 15497
067 55669
068 94334
069 81248
070 87487
071 73313
072 69084
073 94190
074 62217
075 50254
076 85215
077 36384
078 00795
079 11645
080 53000
081 66683
082 14424
083 32465
084 95633
085 03448
086 91095
087 50292
088 80631
089 99101
090 76532
091 53184
092 05047
093 64765
094 60471
095 59259
096 70167
097 97465
098 06669
099 03205
100 34801
101 12659
102 34342
103 37246
104 24030
105 07923
106 76877
107 47194
108 30519
109 55661
110 38194
111 76112
112 77109
113 92340
114 12663
115 20610
116 58644
117 89552
118 20499
119 50257
120 87656
