001 66730
002 47555
003 26131
004 49520
005 80070
006 64273
007 45095
008 84731
009 45565
010 19370
011 19935
012 10135
013 06919
014 33520
015 64527
016 34354
017 13907
018 75597
019 82114
020 50145
021 59897
022 38972
023 45511
024 86945
025 51547
026 91128
027 86421
028 30318
029 94298
030 17381
031 36973
032 37764
033 67079
034 80921
035 06715
036 55321
037 08975
038 42364
039 55072
040 64105
041 18195
042 40320
043 68640
044 35181
045 29033
046 97868
047 15374
048 88775
049 33710
050 46434
051 28291
052 64366
053 23866
054 91849
055 23634
056 97997
057 57352
058 46814
059 22402
060 90036
061 45351
062 81568
063 02398
064 09378
065 61465
066 29994
067 12555
068 95558
069 83688
070 25029
071 95339
072 19198
073 02597
074 28111
075 59725
076 70413
077 81447
078 72960
079 52652
080 69108
081 11560
082 26770
083 68310
084 87383
085 74999
086 67911
087 79285
088 61010
089 92751
090 40798
091 31375
092 68573
093 07670
094 09316
095 02236
096 16994
097 59237
098 68978
099 61640
100 28380
101 52902
102 78036
103 96028
104 29117
105 39057
106 61981
107 62042
108 59652
109 08937
110 23807
111 17821
112 87159
113 36975
114 47280
115 05868
116 55824
117 30460
118 23351
119 05147
120 37342
