001 99475
002 38517
003 45366
004 11613
005 77558
006 36069
007 24943
008 86712
009 73813
010 21661
011 07685
012 30735
013 77509
014 35787
015 38272
016 96376
017 88829
018 36071
019 25583
020 95974
021 02573
022 59316
023 87924
024 79106
025 06342
026 64703
027 40496
028 41507
029 72161
030 01489
031 25944
032 73991
033 82635
034 94457
035 51564
036 00688
037 67767
038 05902
039 42026
040 30758
041 77937
042 19231
043 49714
044 13444
045 53534
046 92673
047 39994
048 13988
049 57838
050 08300
051 49724
052 75173
053 67592
054 12877
055 44471
056 63860
057 00449
058 63762
059 45206
060 98664
061 02124
062 23556
063 33136
064 93899
065 44648
066 25575
067 30782
068 06844
069 31236
070 35504
071 44496
072 55947
073 23708
074 38399
075 46152
076 96977
077 41102
078 95478
079 81852
080 21918
081 59791
082 89105
083 20968
084 66656
085 28234
086 22936
087 30378
088 81469
089 53473
090 14292
091 73910
092 06521
093 13404
094 48282
095 27795
096 42431
097 43523
098 68481
099 26890
100 34612
101 34347
102 28210
103 44207
104 52756
105 53011
106 39601
107 70322
108 47874
109 22902
110 28532
111 51777
112 62496
113 03489
114 90849
115 31491
116 33291
117 10368
118 05746
119 79345
120 09054
