001 48235
002 20911
003 75516
004 77511
005 89234
006 94754
007 47383
008 95448
009 14213
010 44849
011 47897
012 59413
013 96221
014 27144
015 81698
016 66134
017 58711
018 21821
019 55679
020 03014
021 65834
022 78279
023 86275
024 95712
025 67976
026 33447
027 45185
028 56816
029 41234
030 88014
031 21387
032 61400
033 52088
034 57275
035 05331
036 41657
037 23558
038 12544
039 07445
040 01762
041 64920
042 63582
043 37098
044 04566
045 82241
046 98077
047 65862
048 01458
049 11426
050 41436
051 54383
052 50228
053 33894
054 77125
055 11405
056 94227
057 72182
058 68721
059 72410
060 40700
061 70250
062 91433
063 41572
064 13647
065 46205
066 79174
067 78414
068 87547
069 33057
070 40639
071 28464
072 45493
073 31069
074 13029
075 40422
076 74724
077 02232
078 49713
079 43830
080 64559
081 29505
082 42549
083 15233
084 93523
085 50495
086 14577
087 72968
088 32762
089 40975
090 11293
091 61224
092 43686
093 96689
094 22434
095 57938
096 54187
097 57927
098 50629
099 80292
100 56911
101 82746
102 17336
103 25044
104 21633
105 91348
106 37468
107 37992
108 63530
109 03422
110 01055
111 14129
112 36560
113 09991
114 39131
115 94257
116 74050
117 11067
118 11574
119 57127
120 11292

