001 98448
002 37700
003 69383
004 00536
005 64833
006 02613
007 90435
008 70522
009 07343
010 94333
011 95302
012 75240
013 95625
014 49226
015 90047
016 01305
017 58493
018 39269
019 90310
020 20524
021 99236
022 84047
023 31709
024 92614
025 85421
026 45969
027 93034
028 42338
029 57306
030 68986
031 56346
032 07111
033 80166
034 23708
035 44177
036 18742
037 56717
038 42866
039 07701
040 22840
041 86863
042 40008
043 27164
044 36337
045 03580
046 65617
047 48169
048 66873
049 30227
050 94546
051 66906
052 07069
053 57467
054 08905
055 94678
056 43425
057 18330
058 41187
059 24736
060 03455
061 45712
062 04697
063 51042
064 23834
065 71884
066 70608
067 17514
068 37166
069 08295
070 67903
071 80615
072 26148
073 50883
074 02092
075 52153
076 94249
077 79489
078 27334
079 80299
080 10177
081 86594
082 03127
083 71112
084 23853
085 31298
086 92411
087 97485
088 55793
089 21679
090 28383
091 63796
092 62000
093 26246
094 52030
095 06256
096 16158
097 73346
098 01105
099 81163
100 62918
101 06856
102 74263
103 38796
104 96314
105 11040
106 16789
107 86533
108 98953
109 59627
110 99092
111 35095
112 35704
113 12468
114 92454
115 02833
116 85085
117 45247
118 30632
119 56679
120 12398
