001 75057
002 42767
003 13716
004 87099
005 92681
006 77679
007 45540
008 76975
009 40085
010 97952
011 61259
012 52661
013 51109
014 67717
015 97216
016 03211
017 06071
018 82834
019 33458
020 11102
021 42402
022 33302
023 88244
024 75896
025 71036
026 03564
027 86223
028 89566
029 63282
030 01876
031 23816
032 16562
033 15304
034 58834
035 68964
036 00858
037 07109
038 54665
039 42400
040 38490
041 09769
042 78158
043 77478
044 02097
045 20902
046 76805
047 96482
048 67724
049 97570
050 57700
051 61014
052 22088
053 34538
054 56024
055 74129
056 82792
057 38911
058 06715
059 60260
060 97073
061 64203
062 98980
063 81045
064 58449
065 63329
066 81483
067 68753
068 55329
069 09816
070 23524
071 99845
072 61573
073 07579
074 75010
075 10474
076 34597
077 93330
078 92074
079 92354
080 81421
081 35642
082 22394
083 81366
084 68611
085 51731
086 08971
087 98821
088 47708
089 46638
090 82267
091 92171
092 23676
093 34483
094 88232
095 84746
096 97718
097 51999
098 35605
099 96647
100 14871
101 77302
102 13780
103 15885
104 62402
105 85788
106 15939
107 01032
108 34333
109 41880
110 40474
111 49114
112 12875
113 80466
114 65425
115 30270
116 74041
117 23715
118 61800
119 80749
120 19783
