001 37589
002 36641
003 49850
004 61300
005 14928
006 90672
007 09587
008 78668
009 39807
010 26119
011 28626
012 45526
013 02942
014 92544
015 83647
016 51782
017 06395
018 47089
019 05804
020 07641
021 54103
022 31634
023 82656
024 15902
025 03062
026 58380
027 69784
028 78027
029 12565
030 83191
031 46230
032 77101
033 97350
034 60326
035 31512
036 18988
037 40545
038 83222
039 63670
040 62054
041 26691
042 14435
043 27587
044 31739
045 05429
046 34990
047 74346
048 75787
049 67062
050 62143
051 59582
052 74048
053 39148
054 58956
055 39470
056 75322
057 01693
058 19413
059 22635
060 40805
061 58977
062 19945
063 65642
064 27874
065 85137
066 46646
067 90405
068 88536
069 59219
070 51245
071 64864
072 39293
073 49900
074 60061
075 23992
076 29282
077 94130
078 82198
079 57326
080 63676
081 74199
082 16915
083 19458
084 29074
085 16256
086 20896
087 51507
088 84144
089 82676
090 34649
091 36636
092 97528
093 62975
094 12225
095 65838
096 14907
097 63370
098 55900
099 37548
100 21342
101 08093
102 31671
103 60113
104 70746
105 78728
106 33964
107 07491
108 33916
109 68799
110 04977
111 44242
112 15693
113 22782
114 84589
115 60932
116 71231
117 64446
118 62023
119 01654
120 72403
