001 89130
002 80823
003 71627
004 61439
005 43928
006 58736
007 70818
008 40552
009 35851
010 54233
011 17029
012 19148
013 10102
014 55638
015 22741
016 16729
017 38574
018 29348
019 78568
020 97016
021 91845
022 44680
023 05440
024 11244
025 22246
026 87579
027 00396
028 96975
029 73019
030 71622
031 21897
032 54069
033 93408
034 64443
035 81057
036 02882
037 67818
038 42392
039 51893
040 39776
041 83674
042 08332
043 08484
044 24744
045 27310
046 25829
047 24358
048 42806
049 29336
050 05873
051 07177
052 57209
053 84152
054 22528
055 02134
056 00795
057 00366
058 48710
059 42222
060 27122
061 62098
062 29208
063 82067
064 03411
065 79316
066 78336
067 53548
068 51798
069 02068
070 20088
071 56401
072 75221
073 67369
074 99855
075 74850
076 44286
077 89552
078 21217
079 82983
080 68088
081 00442
082 46838
083 09832
084 98209
085 50207
086 45967
087 09081
088 80408
089 56479
090 19462
091 97776
092 81505
093 01971
094 20632
095 91126
096 40988
097 11281
098 26001
099 60871
100 63282
101 97358
102 94135
103 66062
104 53131
105 68182
106 82707
107 79125
108 61561
109 58005
110 45553
111 18838
112 83466
113 98149
114 07328
115 76980
116 99094
117 05597
118 56125
119 59761
120 54581
