001 37590
002 04007
003 67979
004 97736
005 33980
006 94081
007 81895
008 56454
009 82634
010 23920
011 75817
012 27730
013 75834
014 36469
015 68810
016 96318
017 12236
018 85696
019 66492
020 11745
021 74490
022 42552
023 15163
024 61386
025 22696
026 38002
027 95014
028 57888
029 01689
030 28810
031 03366
032 93406
033 23028
034 46892
035 42578
036 04643
037 78494
038 47212
039 97292
040 80326
041 24926
042 08830
043 81170
044 72346
045 35172
046 22419
047 96592
048 82835
049 55888
050 25567
051 81934
052 72438
053 66498
054 26978
055 33014
056 21316
057 95146
058 04819
059 42713
060 96703
061 60498
062 42974
063 63227
064 86594
065 49919
066 88917
067 43252
068 13124
069 31905
070 94026
071 82728
072 76871
073 20306
074 71744
075 29965
076 04142
077 82377
078 09237
079 40300
080 52325
081 42808
082 96703
083 45573
084 76551
085 61577
086 06834
087 23778
088 48622
089 26663
090 23124
091 57389
092 27570
093 98104
094 65378
095 07396
096 73958
097 71717
098 40699
099 49842
100 91097
101 71236
102 15392
103 10778
104 58794
105 85078
106 33690
107 59594
108 08578
109 31448
110 31639
111 44096
112 32669
113 66461
114 78783
115 11317
116 45741
117 05369
118 40427
119 17130
120 30231

