001 17910
002 88069
003 64070
004 84165
005 55113
006 94231
007 58392
008 58414
009 83856
010 73276
011 63355
012 28890
013 38871
014 68968
015 76823
016 19413
017 12045
018 76148
019 41123
020 95365
021 34270
022 25868
023 90931
024 16133
025 01821
026 78465
027 29689
028 96767
029 66909
030 75251
031 96530
032 36799
033 76226
034 30632
035 09255
036 88776
037 00107
038 74880
039 15181
040 96524
041 18762
042 90800
043 47030
044 17196
045 20872
046 52435
047 70821
048 13146
049 54110
050 90932
051 95442
052 53161
053 77659
054 47572
055 44553
056 17708
057 76831
058 87891
059 92337
060 54306
061 89564
062 28010
063 53069
064 57927
065 45703
066 08598
067 94627
068 69144
069 03007
070 06304
071 76784
072 73843
073 24050
074 01172
075 45040
076 75424
077 05971
078 28665
079 95912
080 51444
081 80055
082 91915
083 56303
084 29152
085 64716
086 27460
087 93270
088 51083
089 84497
090 53191
091 22601
092 79404
093 07361
094 99603
095 58954
096 13914
097 57516
098 94075
099 92600
100 84979
101 71929
102 28672
103 94675
104 07580
105 66853
106 47884
107 99590
108 78687
109 65599
110 94832
111 85141
112 82503
113 75720
114 43156
115 06096
116 63103
117 62839
118 44449
119 95673
120 09476
