001 12799
002 76929
003 80507
004 55935
005 21069
006 64404
007 83575
008 30897
009 51703
010 06312
011 73520
012 42541
013 00517
014 36757
015 15637
016 66415
017 99125
018 38221
019 09361
020 37799
021 38920
022 10830
023 09487
024 90817
025 55430
026 94759
027 26375
028 95283
029 70770
030 13409
031 70656
032 10168
033 74943
034 99110
035 60580
036 54229
037 22591
038 12587
039 66819
040 52150
041 67703
042 14481
043 00467
044 86111
045 18537
046 06165
047 69032
048 50738
049 24168
050 22348
051 48408
052 68057
053 51497
054 78617
055 17680
056 18399
057 59082
058 35979
059 60981
060 32914
061 83910
062 06009
063 47204
064 44835
065 54672
066 98967
067 34976
068 40574
069 63259
070 66874
071 83489
072 89288
073 47677
074 83464
075 82810
076 83777
077 07049
078 76641
079 96879
080 32280
081 23216
082 34305
083 31485
084 28010
085 27823
086 39759
087 39926
088 67801
089 01458
090 38736
091 81830
092 66152
093 63932
094 24949
095 19786
096 47035
097 17402
098 54891
099 26559
100 29855
101 28148
102 06900
103 12712
104 23821
105 26148
106 16956
107 09708
108 27886
109 50963
110 72793
111 33868
112 64565
113 68779
114 21179
115 73528
116 02417
117 54682
118 77839
119 15229
120 70021
