001 88091
002 81338
003 57299
004 98767
005 06477
006 24500
007 76482
008 67493
009 26228
010 32048
011 10022
012 02129
013 57255
014 54243
015 42376
016 10993
017 97876
018 16258
019 25714
020 54488
021 29673
022 98370
023 66852
024 75288
025 79064
026 35084
027 38911
028 43992
029 23610
030 27609
031 88204
032 66250
033 19963
034 62203
035 70926
036 90403
037 41878
038 32859
039 96348
040 48205
041 18987
042 16392
043 44030
044 47782
045 07958
046 69951
047 55202
048 39390
049 27692
050 55819
051 56654
052 26459
053 38736
054 70660
055 70765
056 48091
057 86557
058 83034
059 46124
060 79582
061 35029
062 83709
063 11451
064 34872
065 49927
066 41685
067 19159
068 29928
069 98181
070 22260
071 12177
072 13728
073 05308
074 60028
075 71075
076 22684
077 11813
078 54246
079 19940
080 21743
081 99162
082 30945
083 09123
084 15392
085 31125
086 07002
087 55538
088 66955
089 52570
090 51006
091 95620
092 99156
093 01662
094 27019
095 67467
096 28486
097 60160
098 88928
099 78235
100 88303
101 56803
102 81503
103 99093
104 17576
105 32516
106 45801
107 19542
108 86627
109 70792
110 13120
111 47024
112 09133
113 61442
114 28536
115 96143
116 48023
117 57280
118 61140
119 38651
120 53594
