001 72585
002 34378
003 34128
004 31120
005 09886
006 32628
007 26966
008 64249
009 25546
010 55785
011 40696
012 74320
013 25358
014 31470
015 99218
016 70806
017 42960
018 25681
019 44350
020 54340
021 61281
022 31432
023 19923
024 53178
025 94467
026 19472
027 88666
028 24103
029 32858
030 05257
031 52775
032 79826
033 48145
034 90093
035 30631
036 65654
037 10989
038 11377
039 13727
040 36029
041 71187
042 80060
043 78881
044 31231
045 90025
046 86075
047 52200
048 40757
049 19389
050 15897
051 04225
052 43541
053 57065
054 92599
055 75628
056 41767
057 00740
058 56230
059 78662
060 01601
061 17020
062 58497
063 40161
064 04826
065 80549
066 97231
067 39307
068 49287
069 98868
070 29930
071 96073
072 37191
073 31693
074 84846
075 28838
076 78824
077 55874
078 88912
079 70979
080 46677
081 91020
082 49071
083 80787
084 54436
085 91487
086 97486
087 21843
088 79015
089 59443
090 07810
091 73413
092 98721
093 27927
094 69433
095 96164
096 12550
097 66456
098 81457
099 61345
100 35677
101 05454
102 43425
103 13356
104 66995
105 19978
106 27048
107 78343
108 83238
109 16624
110 69001
111 93221
112 88373
113 63908
114 60841
115 77609
116 42951
117 94835
118 06916
119 44062
120 48994
