001 66379
002 55554
003 54327
004 87367
005 69472
006 79947
007 89916
008 20200
009 51924
010 65360
011 17686
012 81498
013 85369
014 69916
015 18007
016 68053
017 05584
018 33748
019 93647
020 12858
021 78187
022 44938
023 74436
024 13232
025 79931
026 08795
027 36053
028 95426
029 76645
030 62780
031 11323
032 89927
033 15649
034 50213
035 61395
036 70878
037 55221
038 31571
039 31779
040 94411
041 84902
042 01274
043 41774
044 65283
045 06718
046 97967
047 76739
048 76434
049 98784
050 11413
051 90916
052 58263
053 75153
054 93717
055 73559
056 23618
057 37268
058 24541
059 23660
060 24700
061 50067
062 17793
063 04098
064 58579
065 08715
066 59757
067 32248
068 13254
069 05476
070 12089
071 85543
072 29178
073 71464
074 22774
075 88464
076 89987
077 39267
078 41560
079 50265
080 45016
081 46590
082 06260
083 67893
084 17587
085 00920
086 17243
087 96036
088 28492
089 58327
090 44572
091 70335
092 76400
093 35821
094 27434
095 75997
096 66881
097 69261
098 16072
099 82306
100 46968
101 02195
102 83576
103 59000
104 02608
105 84930
106 95346
107 38917
108 23746
109 18520
110 43446
111 04662
112 49339
113 07518
114 33005
115 74150
116 02946
117 73818
118 87443
119 63484
120 57287
