001 83109
002 71843
003 22890
004 08027
005 55784
006 19510
007 42351
008 97177
009 32830
010 84388
011 64121
012 48487
013 94263
014 06078
015 10396
016 48225
017 76153
018 53678
019 09787
020 10091
021 33393
022 78223
023 80525
024 86401
025 77161
026 21650
027 62278
028 63980
029 91657
030 51450
031 87441
032 06737
033 69204
034 55616
035 74804
036 51864
037 12561
038 67480
039 99110
040 63810
041 98270
042 47195
043 63954
044 97144
045 88759
046 28357
047 69916
048 86998
049 69924
050 90449
051 30109
052 23759
053 46709
054 58169
055 51832
056 25858
057 78186
058 34779
059 81097
060 69713
061 38016
062 55635
063 16749
064 17284
065 40407
066 64738
067 00381
068 13811
069 16207
070 39203
071 26818
072 12215
073 04815
074 89293
075 65386
076 40701
077 56244
078 48486
079 35569
080 57315
081 55477
082 49097
083 94732
084 48767
085 37943
086 81463
087 58001
088 81833
089 40946
090 11495
091 82958
092 87829
093 06900
094 25668
095 99466
096 68871
097 97141
098 61196
099 81038
100 80493
101 69349
102 06051
103 44650
104 41358
105 71073
106 26944
107 52152
108 03955
109 64873
110 97771
111 51994
112 26432
113 39048
114 93696
115 55702
116 79725
117 76021
118 51655
119 38059
120 09282
