001 99817
002 63600
003 83849
004 31928
005 46536
006 21451
007 20913
008 88948
009 88946
010 54923
011 21836
012 97016
013 65503
014 99208
015 55361
016 55975
017 30158
018 14363
019 69135
020 21847
021 34756
022 83754
023 07395
024 99597
025 69195
026 84427
027 64987
028 33811
029 63177
030 65642
031 93274
032 31516
033 93963
034 34414
035 34344
036 57591
037 37482
038 88008
039 24103
040 75145
041 96107
042 35438
043 49189
044 49523
045 05635
046 16939
047 45931
048 99050
049 66676
050 00128
051 61971
052 69103
053 19469
054 14710
055 03638
056 88274
057 68808
058 52503
059 35651
060 98213
061 08301
062 89223
063 10659
064 47858
065 42620
066 19248
067 47348
068 04472
069 89368
070 71389
071 83351
072 59572
073 29636
074 78544
075 22285
076 59899
077 50859
078 97772
079 17996
080 47993
081 08751
082 82495
083 56847
084 97580
085 98278
086 46450
087 03226
088 30711
089 41596
090 59866
091 08537
092 47054
093 33723
094 32667
095 92942
096 37786
097 53887
098 22531
099 94262
100 57985
101 78407
102 26999
103 73152
104 08849
105 52149
106 93717
107 06460
108 35136
109 77153
110 78269
111 92391
112 05944
113 59281
114 19382
115 00307
116 27889
117 56497
118 63257
119 32567
120 02420

