001 00219
002 36724
003 31869
004 89680
005 96722
006 45912
007 55084
008 37452
009 94203
010 52554
011 56593
012 65298
013 86882
014 51862
015 96119
016 16020
017 66174
018 96426
019 31614
020 35888
021 43079
022 06973
023 98965
024 51114
025 86640
026 20646
027 28797
028 42264
029 46778
030 80013
031 58637
032 68254
033 15799
034 71296
035 12812
036 26477
037 58857
038 28917
039 02760
040 61658
041 14620
042 85718
043 34552
044 81529
045 68767
046 11215
047 02330
048 10059
049 78982
050 42177
051 72394
052 39209
053 53809
054 34742
055 28400
056 31011
057 15588
058 18942
059 88821
060 37410
061 44862
062 19735
063 50709
064 96923
065 27585
066 57160
067 46092
068 04368
069 34056
070 35581
071 08916
072 83786
073 19072
074 61266
075 27287
076 91751
077 17440
078 42240
079 68484
080 48535
081 77961
082 36346
083 35312
084 78458
085 23812
086 93975
087 49848
088 05966
089 86760
090 65353
091 96592
092 63959
093 72618
094 13065
095 96215
096 82065
097 00563
098 75677
099 06619
100 72311
101 40398
102 55319
103 49176
104 18557
105 14046
106 19234
107 74029
108 33898
109 44699
110 83350
111 76095
112 39074
113 13209
114 35854
115 62335
116 29789
117 48300
118 50555
119 27068
120 35979
