001 60261
002 16784
003 36398
004 28938
005 98503
006 75498
007 85383
008 21889
009 61349
010 71467
011 00689
012 57197
013 74911
014 00230
015 44542
016 76148
017 33040
018 58893
019 70402
020 42211
021 06731
022 18147
023 17414
024 49990
025 57656
026 53499
027 95092
028 68377
029 99375
030 82876
031 48741
032 44917
033 64463
034 86225
035 83675
036 78395
037 00840
038 86520
039 57672
040 73644
041 24753
042 62918
043 22695
044 16384
045 09613
046 23774
047 03880
048 84592
049 92458
050 43205
051 82348
052 65685
053 36555
054 25483
055 47863
056 24090
057 10299
058 95222
059 80348
060 45833
061 01486
062 68674
063 21640
064 85096
065 22464
066 84581
067 48934
068 33957
069 15166
070 41252
071 41115
072 79719
073 28535
074 54598
075 20440
076 80530
077 05566
078 29456
079 00031
080 91221
081 38024
082 48791
083 46527
084 89026
085 09121
086 37587
087 40358
088 07250
089 93377
090 34283
091 98891
092 42213
093 92528
094 68420
095 00714
096 30863
097 71411
098 74729
099 21085
100 48382
101 09839
102 88304
103 42421
104 96861
105 52495
106 50025
107 13436
108 87237
109 65147
110 79471
111 29695
112 43896
113 37167
114 46547
115 07833
116 86665
117 91097
118 59301
119 20834
120 58772

