001 00112
002 64598
003 22972
004 69317
005 74283
006 77224
007 70567
008 94881
009 23396
010 79220
011 60171
012 93666
013 20135
014 79994
015 03608
016 66571
017 91420
018 28750
019 96008
020 95952
021 41090
022 38308
023 75419
024 10121
025 39765
026 13062
027 65253
028 59701
029 27625
030 09178
031 64174
032 67396
033 42893
034 28988
035 03284
036 16773
037 41930
038 76597
039 01661
040 58210
041 26905
042 93549
043 52683
044 51595
045 28371
046 46194
047 93203
048 44865
049 98332
050 38311
051 87082
052 17764
053 96597
054 92042
055 45722
056 30590
057 70382
058 57829
059 62954
060 05103
061 33688
062 68119
063 88990
064 35628
065 35024
066 22781
067 76273
068 38734
069 10210
070 36182
071 85508
072 46811
073 04321
074 48712
075 20924
076 53526
077 39197
078 32072
079 77339
080 18234
081 11355
082 96152
083 15624
084 23054
085 44401
086 44007
087 11558
088 96021
089 87908
090 92618
091 34945
092 53255
093 08463
094 38322
095 11034
096 73164
097 40042
098 32977
099 31825
100 59146
101 88197
102 56312
103 81667
104 00383
105 78525
106 29391
107 52529
108 71284
109 17489
110 59509
111 54419
112 64973
113 25031
114 82235
115 03838
116 80867
117 20034
118 74513
119 28121
120 51420

