001 61932
002 72839
003 81638
004 54831
005 91760
006 72609
007 18187
008 01106
009 40177
010 53765
011 65302
012 09586
013 87365
014 74416
015 28891
016 73571
017 87796
018 87014
019 57742
020 77821
021 08886
022 20865
023 70731
024 66721
025 85094
026 01694
027 22487
028 69095
029 88426
030 94313
031 84285
032 77048
033 53222
034 54123
035 81869
036 00904
037 88584
038 47612
039 08148
040 18570
041 50794
042 68185
043 51025
044 42871
045 04356
046 24040
047 62013
048 54195
049 05516
050 94647
051 41537
052 38817
053 56655
054 82628
055 99063
056 91439
057 50264
058 73087
059 85598
060 78663
061 52218
062 01862
063 17075
064 97967
065 81780
066 12700
067 41324
068 41842
069 23690
070 34789
071 74951
072 74567
073 87554
074 47900
075 23984
076 41922
077 76019
078 60418
079 95866
080 31957
081 23625
082 95460
083 79945
084 52944
085 19963
086 69851
087 67474
088 94561
089 73643
090 03746
091 25111
092 09467
093 26206
094 33860
095 84214
096 97583
097 68348
098 73521
099 74957
100 44257
101 31196
102 51410
103 42854
104 55665
105 87988
106 48813
107 94645
108 99119
109 71702
110 67665
111 17701
112 73055
113 02587
114 92291
115 60307
116 36032
117 42730
118 58914
119 15348
120 75571

