001 32883
002 01710
003 07531
004 88036
005 30330
006 44965
007 24090
008 01509
009 63504
010 28843
011 04249
012 96602
013 86742
014 88767
015 05151
016 88374
017 47946
018 40621
019 48941
020 48402
021 17807
022 49920
023 76750
024 28798
025 74542
026 56278
027 09592
028 23205
029 32928
030 03995
031 80914
032 63481
033 97748
034 65431
035 01961
036 20554
037 97939
038 68568
039 02858
040 97992
041 81618
042 86891
043 83635
044 67279
045 56968
046 40014
047 52722
048 84447
049 29368
050 14855
051 65325
052 66017
053 63224
054 82615
055 10357
056 80869
057 32690
058 47243
059 81305
060 35269
061 09912
062 39609
063 06467
064 84230
065 51379
066 56042
067 77427
068 51682
069 34192
070 08548
071 11392
072 11776
073 02587
074 78887
075 96058
076 25466
077 95487
078 98988
079 89004
080 35126
081 33038
082 74378
083 21857
084 31320
085 46178
086 86742
087 81292
088 60043
089 30946
090 68399
091 70903
092 34595
093 20536
094 13046
095 88450
096 00381
097 36067
098 94646
099 88641
100 43170
101 25880
102 53140
103 40684
104 56201
105 07839
106 03971
107 85123
108 27665
109 99989
110 32754
111 39172
112 79045
113 74198
114 79905
115 06570
116 63740
117 26842
118 88188
119 75694
120 70643
