001 98845
002 77033
003 92254
004 73527
005 51408
006 41758
007 06760
008 66196
009 73762
010 28079
011 97690
012 06569
013 07926
014 96499
015 11839
016 92133
017 23630
018 26739
019 27292
020 83193
021 89110
022 10096
023 25603
024 38161
025 81087
026 40788
027 20982
028 32161
029 99032
030 33942
031 70205
032 85125
033 86185
034 61690
035 09598
036 00198
037 41606
038 26245
039 43645
040 13720
041 05178
042 10143
043 34242
044 96409
045 23090
046 80595
047 11091
048 32856
049 77853
050 39396
051 36336
052 58138
053 66293
054 81033
055 07489
056 69914
057 53742
058 50298
059 09941
060 03451
061 46316
062 44343
063 66077
064 17872
065 86671
066 32085
067 06176
068 19909
069 18697
070 02085
071 26110
072 76828
073 53647
074 83453
075 31434
076 21664
077 06329
078 43769
079 95114
080 10021
081 09742
082 90123
083 09187
084 62466
085 23890
086 41142
087 11406
088 18526
089 25442
090 91338
091 68025
092 71204
093 40523
094 33578
095 72510
096 16051
097 65830
098 02199
099 31132
100 63620
101 54641
102 66151
103 53460
104 80079
105 62882
106 11473
107 29556
108 38439
109 43660
110 49941
111 76672
112 68865
113 53324
114 90979
115 50958
116 92410
117 48124
118 18327
119 23203
120 44987

