001 33100
002 09023
003 77576
004 98979
005 44395
006 44733
007 62096
008 53937
009 17953
010 93119
011 13955
012 14288
013 53111
014 65087
015 73098
016 18200
017 34566
018 33456
019 72595
020 26513
021 92298
022 98911
023 75123
024 78150
025 71802
026 61538
027 85990
028 12457
029 51614
030 95625
031 13414
032 43829
033 04002
034 97347
035 07098
036 45519
037 53943
038 35464
039 11979
040 66685
041 94663
042 56369
043 44385
044 30650
045 07200
046 86277
047 68124
048 10867
049 08732
050 49777
051 68744
052 63447
053 06983
054 57872
055 70342
056 99183
057 62357
058 42987
059 48396
060 59915
061 68237
062 64973
063 16817
064 39056
065 14302
066 41182
067 39207
068 93956
069 84551
070 38373
071 94622
072 25530
073 77478
074 02451
075 59674
076 95449
077 77367
078 08488
079 85618
080 61791
081 18471
082 98668
083 27899
084 65243
085 98240
086 28929
087 08574
088 70835
089 87852
090 57041
091 11714
092 05772
093 71709
094 80761
095 71308
096 87558
097 82124
098 89972
099 68368
100 77754
101 33899
102 67201
103 36207
104 52894
105 50621
106 68205
107 71615
108 37656
109 84644
110 59094
111 38798
112 92088
113 41021
114 84266
115 41035
116 50390
117 70906
118 28248
119 95760
120 51317

