001 27548
002 19952
003 44813
004 47301
005 20048
006 78807
007 10218
008 13585
009 32273
010 74768
011 08244
012 09267
013 75907
014 81976
015 88904
016 43277
017 36549
018 00938
019 59793
020 58806
021 63899
022 78619
023 09558
024 01714
025 54624
026 22899
027 78319
028 82476
029 23722
030 39819
031 96496
032 45517
033 97646
034 17144
035 32081
036 39883
037 94360
038 05336
039 12266
040 95101
041 86216
042 39248
043 45363
044 32773
045 33858
046 61096
047 20047
048 24812
049 71875
050 06935
051 75677
052 06033
053 94738
054 57281
055 17274
056 15070
057 43920
058 33331
059 97810
060 16459
061 26324
062 80486
063 38628
064 22392
065 73864
066 63936
067 23462
068 03544
069 73041
070 56498
071 86526
072 58840
073 64380
074 29632
075 91822
076 55118
077 01843
078 83021
079 31073
080 14887
081 72677
082 70427
083 41728
084 10967
085 06762
086 07354
087 77675
088 95320
089 28300
090 59632
091 77737
092 45352
093 32560
094 33415
095 96543
096 44503
097 33968
098 82966
099 81462
100 00308
101 58692
102 77368
103 73615
104 77687
105 39312
106 36880
107 40280
108 34036
109 86913
110 39758
111 92353
112 30407
113 18567
114 32753
115 39358
116 53007
117 40975
118 97093
119 23899
120 95014

