001 34517
002 79544
003 57838
004 71017
005 76802
006 68676
007 21246
008 43687
009 66713
010 21733
011 44195
012 20483
013 92110
014 59093
015 01717
016 73060
017 21494
018 19848
019 19064
020 99458
021 19943
022 95825
023 95722
024 71762
025 90166
026 63846
027 75313
028 62433
029 00265
030 35916
031 90719
032 52908
033 93029
034 53284
035 94346
036 25421
037 05095
038 39217
039 42766
040 76806
041 74339
042 22779
043 22786
044 38518
045 96160
046 37191
047 99092
048 98043
049 37270
050 96094
051 69332
052 56961
053 52146
054 17549
055 77304
056 00911
057 56814
058 33955
059 59138
060 51803
061 95167
062 02584
063 25558
064 99051
065 34369
066 09899
067 03567
068 82441
069 83239
070 51279
071 64986
072 64501
073 71497
074 15960
075 10108
076 44029
077 70647
078 72320
079 90111
080 29001
081 84189
082 56477
083 63910
084 60805
085 26306
086 26280
087 99584
088 48593
089 67362
090 89362
091 84671
092 62828
093 98821
094 21150
095 14900
096 13609
097 24349
098 95019
099 86676
100 07954
101 01568
102 30312
103 33563
104 46030
105 76435
106 39773
107 26534
108 92705
109 81032
110 36483
111 03070
112 66777
113 00175
114 82111
115 06952
116 25440
117 52954
118 22396
119 75220
120 76681

