001 57071
002 89903
003 44745
004 38546
005 77576
006 48602
007 10394
008 61999
009 95799
010 01403
011 02093
012 63894
013 35674
014 61367
015 98972
016 28491
017 05499
018 55270
019 69211
020 72742
021 55946
022 30613
023 10257
024 24276
025 33454
026 16923
027 73646
028 68366
029 95447
030 05826
031 67613
032 43450
033 53195
034 48003
035 82240
036 57762
037 50146
038 50067
039 24814
040 42662
041 37227
042 34651
043 45773
044 55174
045 22064
046 70209
047 17842
048 53177
049 34500
050 86284
051 32998
052 72460
053 79790
054 69312
055 62405
056 03934
057 95476
058 33530
059 41546
060 44908
061 42874
062 98300
063 73667
064 37000
065 47736
066 14991
067 28870
068 14127
069 22981
070 91177
071 59616
072 35939
073 30202
074 17820
075 42176
076 31087
077 71280
078 97537
079 11343
080 58350
081 11071
082 38902
083 63169
084 42162
085 66968
086 83567
087 90849
088 35781
089 77907
090 20477
091 57507
092 37590
093 67272
094 81813
095 74665
096 23083
097 63947
098 09312
099 55545
100 53625
101 85887
102 07000
103 12197
104 37799
105 74566
106 07685
107 20690
108 14124
109 74552
110 43780
111 74698
112 34599
113 62281
114 18145
115 84558
116 43983
117 86269
118 12548
119 92976
120 30887

