001 95961
002 43404
003 13646
004 88792
005 47385
006 07371
007 18215
008 98417
009 84487
010 05661
011 97763
012 89499
013 59526
014 66013
015 88891
016 42121
017 91736
018 68140
019 23220
020 98458
021 58596
022 62653
023 83367
024 18710
025 18385
026 23502
027 73949
028 35828
029 50316
030 24667
031 65081
032 73021
033 53441
034 38290
035 50962
036 37175
037 31434
038 85461
039 44072
040 07580
041 88882
042 31249
043 87572
044 26273
045 55660
046 74708
047 04668
048 58727
049 21638
050 72289
051 52339
052 51480
053 68685
054 68978
055 51965
056 39101
057 60515
058 87573
059 09033
060 99193
061 66728
062 94155
063 85453
064 00331
065 23451
066 74046
067 48197
068 55255
069 15351
070 30696
071 18550
072 36845
073 49923
074 04497
075 50179
076 83772
077 37124
078 25850
079 85040
080 25357
081 61470
082 22675
083 18035
084 83341
085 59377
086 17151
087 40754
088 71946
089 43420
090 91266
091 08104
092 88282
093 16044
094 82790
095 13703
096 04552
097 43504
098 64315
099 00948
100 80942
101 29411
102 68250
103 21514
104 68414
105 09404
106 37570
107 73608
108 03203
109 17635
110 53998
111 88779
112 43484
113 65475
114 56610
115 64997
116 12816
117 54959
118 60320
119 06511
120 16998
