001 83743
002 80229
003 86766
004 67561
005 26101
006 04660
007 09249
008 29191
009 49729
010 70586
011 74216
012 01420
013 58798
014 25444
015 01607
016 72382
017 09854
018 47462
019 78263
020 02826
021 33532
022 61348
023 62430
024 29353
025 26378
026 39685
027 32383
028 19204
029 74531
030 40517
031 49103
032 67049
033 78645
034 08514
035 98121
036 44729
037 36124
038 47776
039 82778
040 36457
041 58584
042 30002
043 96575
044 94220
045 90974
046 56450
047 40070
048 87945
049 53539
050 50817
051 41084
052 18763
053 63963
054 02456
055 74821
056 11275
057 98547
058 14739
059 91620
060 88751
061 08305
062 19495
063 09404
064 78448
065 20504
066 54236
067 72668
068 47891
069 03343
070 80394
071 51065
072 53327
073 20419
074 73608
075 23810
076 74875
077 37611
078 16047
079 14982
080 62071
081 02638
082 86807
083 49844
084 62865
085 77775
086 53087
087 67962
088 78187
089 76473
090 25176
091 25491
092 86271
093 69324
094 89395
095 67916
096 33892
097 02436
098 47862
099 42404
100 04879
101 23518
102 26221
103 92056
104 59470
105 08257
106 85966
107 06881
108 86586
109 48893
110 00107
111 97358
112 77229
113 76284
114 44421
115 31779
116 82631
117 29957
118 67459
119 89079
120 19226

