001 40850
002 85945
003 80514
004 29475
005 15550
006 03789
007 92066
008 12043
009 13216
010 99022
011 38928
012 23795
013 30947
014 74016
015 59181
016 63936
017 22700
018 65936
019 21669
020 58626
021 07490
022 78483
023 27713
024 60768
025 90136
026 64128
027 23035
028 50847
029 74099
030 38046
031 53498
032 66669
033 74364
034 07745
035 01373
036 34674
037 37550
038 53632
039 12629
040 97739
041 13972
042 21470
043 94820
044 29917
045 99768
046 85103
047 32914
048 75345
049 19301
050 03992
051 64792
052 09976
053 93709
054 10528
055 30379
056 12867
057 85334
058 68477
059 49091
060 98817
061 96863
062 40227
063 72078
064 81482
065 05697
066 19903
067 24645
068 88665
069 13927
070 67828
071 98142
072 73587
073 35090
074 71332
075 41670
076 82940
077 67287
078 29898
079 58577
080 03906
081 25323
082 37803
083 72032
084 74258
085 35711
086 38654
087 91158
088 30625
089 15848
090 44582
091 27923
092 40907
093 86923
094 49916
095 05604
096 56596
097 58192
098 06663
099 66630
100 00682
101 42166
102 61503
103 64056
104 09991
105 55511
106 29681
107 12897
108 96778
109 04128
110 59657
111 85386
112 95165
113 91286
114 11262
115 81489
116 35527
117 85427
118 44654
119 98215
120 02293
