001 34918
002 83606
003 24357
004 16118
005 75499
006 29094
007 51792
008 01186
009 19682
010 07796
011 07593
012 00270
013 18814
014 68531
015 42117
016 42901
017 77377
018 10656
019 98675
020 25454
021 65775
022 36310
023 49753
024 33934
025 65917
026 74555
027 65441
028 25762
029 69622
030 98641
031 06655
032 98127
033 98221
034 94167
035 71135
036 56727
037 24031
038 91814
039 41799
040 61342
041 36101
042 82395
043 71825
044 92491
045 71021
046 39279
047 02875
048 90321
049 93156
050 61337
051 26135
052 63393
053 08493
054 54527
055 81802
056 42283
057 63816
058 61082
059 72727
060 27379
061 18829
062 56743
063 17525
064 49377
065 91892
066 78902
067 92208
068 03751
069 64271
070 62744
071 06076
072 34158
073 67467
074 89383
075 09834
076 48831
077 54729
078 08228
079 00345
080 99896
081 82525
082 09783
083 82960
084 15414
085 16281
086 73670
087 81712
088 53593
089 89504
090 82146
091 20594
092 67301
093 31250
094 06537
095 54495
096 53728
097 59375
098 88101
099 95051
100 37476
101 08162
102 02354
103 48013
104 00632
105 30305
106 88475
107 94245
108 48505
109 38578
110 40382
111 52771
112 64762
113 73506
114 79212
115 14999
116 57693
117 09567
118 90886
119 79008
120 19044
