001 96454
002 88497
003 42173
004 47638
005 54810
006 89239
007 59593
008 22635
009 24516
010 82296
011 78554
012 99765
013 10071
014 51730
015 16666
016 77861
017 25632
018 25271
019 62863
020 67727
021 20527
022 51454
023 99480
024 12540
025 59819
026 52193
027 34717
028 44334
029 16884
030 31507
031 17744
032 64935
033 50615
034 73544
035 80718
036 15348
037 19110
038 21103
039 77507
040 72097
041 64368
042 27013
043 05710
044 64258
045 96282
046 23414
047 92432
048 65233
049 58845
050 23493
051 47059
052 05099
053 16687
054 12451
055 89064
056 16174
057 21156
058 18791
059 45460
060 37496
061 43015
062 55115
063 99269
064 92172
065 49035
066 67295
067 91757
068 94136
069 47504
070 94255
071 44734
072 09965
073 02279
074 22076
075 30072
076 76170
077 80334
078 79343
079 20250
080 82510
081 10759
082 83961
083 83268
084 62106
085 54225
086 39539
087 29626
088 99186
089 02769
090 15259
091 49670
092 07570
093 68682
094 75084
095 89928
096 93944
097 29871
098 24120
099 47188
100 07577
101 10194
102 04324
103 48080
104 36594
105 83485
106 39417
107 66903
108 52399
109 13020
110 33225
111 30442
112 11348
113 63991
114 41907
115 70836
116 86191
117 72483
118 96570
119 64711
120 00051

