001 70786
002 10224
003 42382
004 67347
005 89752
006 57100
007 39336
008 93239
009 09808
010 66978
011 26249
012 33390
013 30877
014 83110
015 15011
016 21195
017 89785
018 93357
019 53406
020 21883
021 30069
022 82602
023 29628
024 57857
025 59552
026 -
027 -
028 -
029 -
030 -
031 -
032 -
033 84928
034 22331
035 04879
036 78962
037 60750
038 46892
039 90618
040 53369
041 34446
042 11181
043 88918
044 47934
045 04180
046 67116
047 35688
048 11743
049 33769
050 94793
051 84398
052 25778
053 57088
054 33838
055 00722
056 39115
057 29777
058 05645
059 85028
060 70696
061 07656
062 55409
063 53720
064 86579
065 48405
066 82700
067 63127
068 11427
069 64550
070 00963
071 19354
072 38981
073 14141
074 19647
075 41309
076 53214
077 28500
078 29477
079 44885
080 77674
081 97370
082 67536
083 59721
084 04102
085 45752
086 75216
087 99490
088 30638
089 49530
090 78141
091 73768
092 21515
093 01890
094 77164
095 25125
096 81018
097 41310
098 99478
099 49620
100 29003
101 95876
102 74494
103 99042
104 51262
105 39687
106 77594
107 22673
108 51236
109 91908
110 64975
111 18628
112 42168
113 20248
114 11829
115 92276
116 34672
117 39523
118 62303
119 63208
120 68541

