001 36882
002 85211
003 15298
004 25455
005 02919
006 71259
007 56801
008 08223
009 24094
010 49049
011 06757
012 11867
013 82539
014 53544
015 90360
016 80519
017 79261
018 67779
019 88208
020 25499
021 79793
022 44077
023 40662
024 86093
025 11512
026 21229
027 72948
028 48582
029 80186
030 88536
031 93477
032 39526
033 34999
034 99801
035 26807
036 55154
037 94181
038 25707
039 02066
040 66351
041 62085
042 01575
043 77847
044 46622
045 50762
046 11643
047 80530
048 76943
049 06000
050 49895
051 95358
052 72194
053 36487
054 85061
055 80713
056 25022
057 93094
058 68584
059 97127
060 68940
061 07067
062 54061
063 73492
064 62379
065 00888
066 81455
067 13066
068 93959
069 68633
070 72570
071 26638
072 94097
073 53197
074 76124
075 88723
076 97714
077 03050
078 33528
079 78018
080 43365
081 73658
082 78224
083 21090
084 71114
085 69194
086 20708
087 27640
088 20154
089 85866
090 56496
091 41286
092 95737
093 72645
094 00162
095 19219
096 52168
097 24593
098 16834
099 16627
100 84590
101 36223
102 93888
103 17964
104 02054
105 08192
106 22649
107 21108
108 77449
109 39149
110 93144
111 81833
112 71617
113 12067
114 42402
115 30113
116 61083
117 73958
118 20064
119 74422
120 22995
