001 68116
002 91521
003 57674
004 02802
005 60234
006 99835
007 36399
008 38091
009 23325
010 88190
011 95175
012 47782
013 35692
014 32879
015 62702
016 79442
017 73852
018 30835
019 50798
020 99820
021 23944
022 21199
023 08443
024 60077
025 16151
026 10450
027 49791
028 93107
029 70635
030 27864
031 32033
032 89723
033 59406
034 94152
035 32991
036 11741
037 70654
038 35437
039 49916
040 82010
041 91812
042 09518
043 08547
044 47627
045 65086
046 46690
047 87812
048 90894
049 56156
050 43563
051 60492
052 77376
053 68324
054 06709
055 18516
056 85619
057 33930
058 14093
059 62758
060 27919
061 79665
062 23241
063 38800
064 73267
065 26264
066 01618
067 38177
068 33451
069 43163
070 58472
071 77060
072 08121
073 03533
074 30753
075 49843
076 86058
077 24918
078 88564
079 40448
080 66457
081 54616
082 93285
083 35818
084 50181
085 12968
086 68912
087 94104
088 92954
089 36115
090 62454
091 82987
092 65389
093 02851
094 29913
095 78781
096 16052
097 86613
098 22060
099 54393
100 10819
101 89052
102 88133
103 41195
104 35219
105 92051
106 58488
107 60334
108 32110
109 29302
110 78313
111 02951
112 42503
113 22935
114 07928
115 45086
116 71717
117 80549
118 66187
119 96645
120 47797
