001 26471
002 11232
003 64185
004 26522
005 07475
006 12053
007 95136
008 46619
009 30806
010 06006
011 11910
012 99425
013 67409
014 41415
015 25946
016 17209
017 78398
018 74273
019 72859
020 70085
021 79878
022 67809
023 32169
024 03159
025 57408
026 92171
027 15687
028 69304
029 05925
030 63380
031 93891
032 29370
033 60732
034 78544
035 68361
036 58026
037 62023
038 01002
039 33467
040 62203
041 91232
042 90207
043 54128
044 96411
045 61545
046 39582
047 61196
048 70429
049 00857
050 27473
051 28374
052 34671
053 13993
054 46274
055 92133
056 73957
057 43743
058 65011
059 77830
060 61487
061 49246
062 62601
063 32657
064 14627
065 36228
066 29749
067 78882
068 92886
069 97937
070 73221
071 15498
072 46293
073 81697
074 19488
075 51901
076 94723
077 99364
078 16198
079 95141
080 13720
081 05793
082 87224
083 93625
084 91415
085 17801
086 50100
087 43913
088 75869
089 50833
090 06820
091 95947
092 53063
093 59436
094 97075
095 69610
096 58972
097 02372
098 48657
099 92120
100 28176
101 55174
102 90802
103 99343
104 98147
105 50031
106 84101
107 62543
108 30469
109 48431
110 11543
111 04907
112 76790
113 38554
114 38255
115 28443
116 14593
117 03326
118 84776
119 85034
120 23508

