001 02660
002 73434
003 57743
004 35478
005 47191
006 48872
007 68504
008 32710
009 38208
010 65780
011 44504
012 24578
013 16754
014 67404
015 31631
016 96586
017 00044
018 14849
019 29687
020 67953
021 26700
022 19446
023 00643
024 15792
025 86416
026 01103
027 03579
028 16070
029 20612
030 14658
031 92169
032 72733
033 73728
034 85377
035 37456
036 63070
037 52955
038 72461
039 44079
040 34819
041 49497
042 58464
043 80154
044 46052
045 05217
046 82384
047 73143
048 03614
049 86920
050 43793
051 43197
052 10658
053 37898
054 02228
055 26792
056 30818
057 05376
058 94637
059 91466
060 57787
061 78382
062 24134
063 19839
064 08204
065 38307
066 05163
067 36580
068 60155
069 56985
070 41980
071 75180
072 49493
073 47794
074 79640
075 47556
076 57753
077 67379
078 74890
079 96551
080 22263
081 53092
082 88117
083 86858
084 45635
085 53860
086 47817
087 89870
088 64865
089 97613
090 66840
091 14135
092 17744
093 43284
094 98963
095 43767
096 93672
097 90039
098 58695
099 49243
100 67132
101 92871
102 86046
103 63657
104 59456
105 48864
106 31785
107 04342
108 41365
109 89176
110 82195
111 91553
112 87745
113 18842
114 50790
115 97833
116 28141
117 61565
118 30584
119 11699
120 64603
