001 15047
002 52849
003 87451
004 76841
005 57068
006 02103
007 63171
008 65874
009 58868
010 35938
011 92481
012 62151
013 05709
014 17031
015 74562
016 76327
017 56444
018 68428
019 75576
020 81164
021 27754
022 48787
023 62614
024 15303
025 37259
026 07117
027 69115
028 14720
029 16702
030 37139
031 54705
032 81717
033 13889
034 41949
035 08621
036 91095
037 77053
038 66046
039 88534
040 87987
041 55278
042 51142
043 21968
044 17611
045 43422
046 19394
047 52059
048 06793
049 22789
050 99595
051 16417
052 63146
053 58309
054 57008
055 92555
056 69982
057 93431
058 35260
059 43380
060 48755
061 62458
062 78185
063 25394
064 05557
065 13572
066 91684
067 43468
068 81904
069 19448
070 67261
071 92512
072 48244
073 23218
074 54854
075 82620
076 71469
077 70609
078 22645
079 32946
080 21862
081 37807
082 52542
083 34006
084 67509
085 64266
086 63614
087 73628
088 68887
089 84572
090 54393
091 25849
092 51851
093 84080
094 87953
095 42974
096 23104
097 46967
098 76847
099 24213
100 53716
101 23383
102 58896
103 61457
104 81798
105 90014
106 53716
107 12899
108 91045
109 09530
110 73596
111 12047
112 84859
113 00065
114 54803
115 42675
116 71141
117 32678
118 59657
119 30273
120 68753
