001 19125
002 19616
003 64154
004 81842
005 31530
006 39185
007 04708
008 75012
009 77492
010 55860
011 29434
012 32387
013 55618
014 11369
015 18309
016 95332
017 75994
018 57732
019 88674
020 93421
021 15578
022 67367
023 43315
024 23747
025 05960
026 55931
027 00492
028 51381
029 08555
030 69939
031 88602
032 61973
033 37348
034 71699
035 25447
036 51504
037 42346
038 95700
039 90120
040 50149
041 07422
042 43493
043 83747
044 69865
045 42300
046 65296
047 72063
048 16335
049 01518
050 31652
051 91477
052 16977
053 00330
054 28628
055 02738
056 10383
057 06041
058 94368
059 40295
060 13913
061 12895
062 44086
063 07219
064 15250
065 78380
066 73055
067 56283
068 24953
069 66482
070 20395
071 93663
072 45407
073 96101
074 72729
075 11954
076 81081
077 88331
078 86117
079 80825
080 67190
081 27755
082 69294
083 38150
084 98887
085 47360
086 13543
087 67308
088 11100
089 81352
090 19086
091 11284
092 73101
093 09095
094 33745
095 21496
096 77397
097 09417
098 52652
099 49340
100 61462
101 94193
102 85731
103 08271
104 77822
105 56246
106 19713
107 53644
108 67609
109 87514
110 53593
111 30445
112 73641
113 24636
114 41852
115 84182
116 36143
117 41009
118 56977
119 97533
120 68470

