001 08144
002 40948
003 12944
004 56349
005 14969
006 09075
007 29810
008 95888
009 01528
010 13620
011 95402
012 10818
013 78130
014 26849
015 41512
016 08252
017 31376
018 59289
019 84858
020 58883
021 07806
022 76827
023 47114
024 26962
025 55543
026 09059
027 32931
028 22132
029 78057
030 09956
031 57138
032 98127
033 58463
034 36753
035 16705
036 20222
037 65107
038 32326
039 67415
040 55325
041 46308
042 36164
043 07582
044 28832
045 09550
046 86671
047 59012
048 16010
049 85647
050 16089
051 69210
052 57472
053 71069
054 43033
055 68330
056 67519
057 35751
058 18859
059 26206
060 78064
061 42744
062 21913
063 25910
064 35129
065 22866
066 13976
067 16062
068 15604
069 20284
070 65573
071 78594
072 25975
073 10083
074 55118
075 97995
076 52467
077 58950
078 17337
079 21126
080 94944
081 88951
082 84288
083 33870
084 17498
085 07533
086 79870
087 33446
088 65396
089 61394
090 75863
091 13092
092 51445
093 45233
094 97889
095 33799
096 91002
097 78813
098 46825
099 39479
100 91716
101 47195
102 01313
103 86450
104 17970
105 44363
106 77870
107 11751
108 43927
109 36951
110 16305
111 66141
112 71337
113 95369
114 73225
115 45455
116 01107
117 20818
118 05389
119 41495
120 84545
