001 70555
002 01942
003 63141
004 68176
005 57152
006 57267
007 08001
008 24541
009 13357
010 53861
011 81956
012 61952
013 62321
014 95431
015 68898
016 35593
017 72034
018 52669
019 92588
020 38927
021 83887
022 69148
023 48906
024 25062
025 00036
026 40568
027 45161
028 03537
029 14002
030 22366
031 23624
032 63375
033 15287
034 93880
035 71116
036 24880
037 80853
038 58723
039 33641
040 01088
041 80534
042 57872
043 55038
044 16919
045 54299
046 89694
047 50684
048 95147
049 23292
050 11599
051 81293
052 57161
053 34902
054 26385
055 07022
056 95774
057 43789
058 91787
059 48768
060 91272
061 66434
062 47626
063 50781
064 03411
065 94562
066 33907
067 40643
068 37960
069 53636
070 65261
071 81006
072 80095
073 25961
074 93975
075 72525
076 36655
077 03664
078 69495
079 83163
080 18933
081 38426
082 16960
083 72526
084 08087
085 98694
086 94151
087 36382
088 44896
089 00460
090 08146
091 28979
092 99926
093 72063
094 75514
095 59997
096 71486
097 92626
098 36612
099 44078
100 76504
101 61555
102 48359
103 64817
104 42630
105 70180
106 96875
107 23030
108 04007
109 57832
110 22252
111 80227
112 94453
113 32417
114 03769
115 62685
116 37353
117 27232
118 28329
119 05594
120 34220
