001 90188
002 10469
003 14701
004 27618
005 12076
006 20966
007 19349
008 86563
009 99922
010 20706
011 94081
012 15509
013 80104
014 96365
015 47980
016 81294
017 94889
018 14123
019 36032
020 77690
021 28579
022 51737
023 30423
024 96711
025 19300
026 26482
027 75206
028 76279
029 30332
030 02952
031 26053
032 75138
033 53313
034 43029
035 85956
036 83911
037 18365
038 31635
039 45866
040 13231
041 37919
042 30262
043 49793
044 12126
045 85689
046 66798
047 87969
048 44559
049 43271
050 87201
051 25802
052 10303
053 33706
054 85141
055 87016
056 22911
057 37562
058 30939
059 08868
060 78733
061 23593
062 75195
063 55711
064 65508
065 91522
066 84147
067 23211
068 92934
069 15243
070 43728
071 79997
072 69409
073 47648
074 63796
075 43745
076 71114
077 14594
078 94913
079 38849
080 55218
081 00696
082 87350
083 99738
084 78442
085 18948
086 77653
087 52003
088 52972
089 54344
090 60754
091 32714
092 51812
093 88524
094 91383
095 48460
096 82357
097 71848
098 52496
099 48885
100 26662
101 53298
102 34028
103 87118
104 42172
105 19901
106 62144
107 20054
108 04889
109 99938
110 97119
111 26720
112 84805
113 54753
114 62117
115 73725
116 35086
117 03401
118 82239
119 44314
120 83331

