001 24889
002 05061
003 57397
004 43022
005 26084
006 11391
007 62117
008 16690
009 74876
010 46334
011 46017
012 57495
013 35638
014 34426
015 86527
016 05179
017 91661
018 89745
019 58330
020 39145
021 77098
022 98767
023 64649
024 68049
025 77931
026 38822
027 41685
028 53240
029 30878
030 27770
031 58337
032 92995
033 46069
034 70373
035 88383
036 03626
037 38043
038 51037
039 02615
040 92187
041 29073
042 14315
043 98421
044 08425
045 73779
046 28968
047 54992
048 83454
049 24012
050 14186
051 92726
052 37393
053 01398
054 88546
055 08261
056 91024
057 43017
058 44086
059 11395
060 62967
061 89311
062 44807
063 53571
064 78283
065 45543
066 14798
067 26492
068 50031
069 22122
070 77344
071 84532
072 42948
073 67798
074 60808
075 03326
076 75804
077 07966
078 40148
079 15719
080 91475
081 21668
082 92479
083 89501
084 27982
085 88318
086 00739
087 85413
088 19923
089 34724
090 86221
091 56020
092 23829
093 72994
094 72111
095 53531
096 98495
097 14419
098 44870
099 78242
100 54150
101 88002
102 64065
103 18110
104 30312
105 42153
106 05585
107 15737
108 04150
109 40062
110 27772
111 16696
112 30997
113 53806
114 43363
115 72150
116 38710
117 21997
118 10278
119 40842
120 30575
