001 79099
002 04686
003 08689
004 48762
005 06538
006 20522
007 35798
008 52455
009 88536
010 94052
011 73140
012 59848
013 15468
014 38412
015 22912
016 47948
017 44700
018 92020
019 74659
020 51169
021 85444
022 91069
023 64950
024 24781
025 05590
026 21438
027 74527
028 33654
029 40786
030 02952
031 02635
032 96258
033 72915
034 55278
035 86233
036 87413
037 31241
038 30116
039 98540
040 36994
041 14093
042 21241
043 65979
044 18022
045 14210
046 64189
047 21706
048 90346
049 60893
050 03269
051 65424
052 52143
053 49269
054 28580
055 39110
056 39310
057 92587
058 82746
059 27950
060 24627
061 94434
062 12359
063 83857
064 46293
065 66439
066 38301
067 47537
068 21703
069 95000
070 98635
071 99880
072 24159
073 84477
074 25107
075 94950
076 67857
077 10793
078 48629
079 03001
080 50942
081 06667
082 25150
083 00324
084 71440
085 23060
086 13275
087 20741
088 64869
089 98752
090 40779
091 62793
092 34576
093 06436
094 94701
095 39331
096 20197
097 47796
098 65993
099 10922
100 85470
101 65319
102 11528
103 87058
104 89806
105 74109
106 52734
107 67803
108 20341
109 29943
110 71456
111 43300
112 92026
113 29340
114 95118
115 92002
116 18087
117 77412
118 13624
119 82636
120 57761

