001 25695
002 73734
003 34618
004 72622
005 39983
006 10164
007 85575
008 52560
009 44491
010 96204
011 90040
012 21676
013 92043
014 79233
015 11337
016 41284
017 60633
018 12735
019 03563
020 92829
021 46609
022 36086
023 71670
024 31804
025 01912
026 17943
027 27204
028 26809
029 28465
030 91625
031 52347
032 68885
033 00533
034 43726
035 61423
036 74710
037 68767
038 16821
039 06225
040 32329
041 18771
042 61574
043 65615
044 08054
045 13936
046 21214
047 99811
048 85388
049 68995
050 25163
051 77664
052 72065
053 90154
054 51641
055 44771
056 08248
057 38854
058 31901
059 29958
060 65890
061 80625
062 73156
063 76243
064 25312
065 25696
066 12277
067 12466
068 14957
069 03350
070 31131
071 76078
072 37317
073 67978
074 94674
075 47677
076 36429
077 35420
078 49667
079 62675
080 50432
081 81325
082 74939
083 97698
084 83265
085 39415
086 35764
087 14691
088 74818
089 28955
090 59626
091 14503
092 56249
093 51558
094 18078
095 66631
096 29556
097 82990
098 53122
099 02611
100 75458
101 83072
102 48410
103 82852
104 24736
105 38323
106 15605
107 49153
108 49423
109 44803
110 36123
111 95377
112 60429
113 66311
114 42443
115 18913
116 87683
117 54315
118 21017
119 93895
120 28833
