001 46357
002 48024
003 09882
004 91474
005 28492
006 11211
007 69826
008 13844
009 37780
010 85395
011 56627
012 03322
013 77885
014 87739
015 91093
016 05844
017 73368
018 56967
019 92760
020 52649
021 80807
022 97797
023 96769
024 43631
025 48647
026 75755
027 94036
028 02961
029 04602
030 11849
031 95039
032 76834
033 98003
034 46276
035 52354
036 67852
037 68115
038 73118
039 88602
040 28097
041 31618
042 00559
043 06920
044 47157
045 48217
046 71242
047 77153
048 69471
049 53618
050 23697
051 63653
052 68595
053 65802
054 91435
055 14441
056 94802
057 06726
058 48812
059 68863
060 08779
061 62958
062 71312
063 82054
064 56515
065 56659
066 70695
067 24773
068 39797
069 76087
070 19987
071 41332
072 27798
073 69553
074 19103
075 31577
076 12666
077 69082
078 51884
079 20573
080 89082
081 40377
082 11646
083 87566
084 38798
085 98392
086 25795
087 09900
088 82173
089 69179
090 98058
091 02291
092 67904
093 25132
094 96607
095 12184
096 52433
097 31208
098 54745
099 59926
100 33457
101 61084
102 53765
103 14795
104 70201
105 00200
106 23737
107 28111
108 87341
109 22596
110 43089
111 63182
112 23341
113 60261
114 55782
115 55304
116 05233
117 48776
118 65864
119 73267
120 02933

