001 31656
002 41139
003 80713
004 09644
005 63285
006 21661
007 28622
008 44782
009 17787
010 65397
011 19918
012 45246
013 24680
014 11510
015 51677
016 69176
017 18340
018 93926
019 47834
020 45163
021 00084
022 80109
023 73415
024 65026
025 96851
026 21927
027 13705
028 88355
029 09896
030 65951
031 25721
032 61008
033 36613
034 62366
035 94087
036 03218
037 67907
038 53998
039 51883
040 98110
041 31104
042 91608
043 53861
044 22774
045 67528
046 41028
047 85687
048 35285
049 56201
050 17837
051 61096
052 05265
053 58077
054 95437
055 95281
056 00414
057 91461
058 57962
059 11118
060 42238
061 69887
062 12643
063 17750
064 26370
065 83677
066 47342
067 61063
068 10110
069 74872
070 79181
071 38666
072 23046
073 04236
074 59444
075 78037
076 15638
077 97092
078 27294
079 21548
080 87933
081 68763
082 30510
083 07828
084 57483
085 46912
086 59852
087 09348
088 98249
089 66797
090 67953
091 33271
092 55609
093 14359
094 50329
095 66276
096 66475
097 25487
098 09948
099 04748
100 15945
101 09907
102 64846
103 81481
104 98170
105 63040
106 66031
107 85871
108 98362
109 54196
110 83036
111 88765
112 66306
113 89950
114 74923
115 19034
116 04827
117 10533
118 38152
119 52736
120 54265
