001 42176
002 40629
003 02872
004 74533
005 03125
006 33306
007 81466
008 14017
009 08652
010 24756
011 47890
012 14488
013 97572
014 42721
015 39412
016 10796
017 82752
018 66404
019 95807
020 93926
021 78148
022 20042
023 45205
024 53451
025 59231
026 45311
027 64254
028 57239
029 69055
030 38905
031 02670
032 42776
033 17756
034 30240
035 95831
036 61811
037 92660
038 46045
039 33260
040 95022
041 81448
042 65880
043 54960
044 99653
045 47322
046 10700
047 82811
048 57666
049 84665
050 84342
051 04803
052 91585
053 79931
054 51300
055 29503
056 82456
057 57191
058 65366
059 84690
060 92875
061 23422
062 32850
063 99901
064 61961
065 05169
066 06375
067 86286
068 71049
069 71569
070 09369
071 08196
072 69626
073 10439
074 15375
075 99606
076 87279
077 84366
078 14172
079 86679
080 59105
081 74391
082 66938
083 82167
084 81654
085 30646
086 27530
087 46444
088 47184
089 83398
090 33525
091 54276
092 50137
093 38089
094 22772
095 70483
096 14038
097 37806
098 39479
099 33284
100 87801
101 76687
102 21813
103 16147
104 60634
105 66978
106 19463
107 67631
108 79192
109 47453
110 73995
111 98717
112 94311
113 01119
114 45315
115 20360
116 62358
117 21574
118 28665
119 55034
120 51249
