001 12316
002 70731
003 37954
004 89413
005 78680
006 59686
007 03035
008 82887
009 35948
010 00109
011 68333
012 79591
013 32204
014 40483
015 89538
016 74891
017 24056
018 34118
019 24964
020 69481
021 65219
022 07593
023 99817
024 25690
025 43757
026 86276
027 73535
028 15728
029 46121
030 17908
031 76217
032 22136
033 76026
034 73143
035 54737
036 29594
037 39097
038 43202
039 62281
040 40579
041 92957
042 07175
043 06805
044 31006
045 47942
046 42619
047 87514
048 78258
049 32266
050 83839
051 68823
052 36810
053 51270
054 85630
055 70201
056 78516
057 66691
058 38611
059 20033
060 23279
061 45877
062 46383
063 85908
064 05080
065 46313
066 73913
067 44211
068 07522
069 96395
070 68277
071 22309
072 67073
073 42544
074 15892
075 83850
076 27103
077 70072
078 83379
079 46052
080 26384
081 04504
082 97823
083 73315
084 52254
085 90700
086 26799
087 74366
088 91722
089 87328
090 75310
091 22091
092 54738
093 58168
094 80201
095 90788
096 03000
097 59709
098 72030
099 86315
100 25888
101 28402
102 36456
103 74837
104 94849
105 05561
106 21122
107 68832
108 83461
109 85200
110 27089
111 67154
112 81039
113 37158
114 48257
115 93199
116 40284
117 55528
118 35037
119 40689
120 32514

