001 49816
002 14990
003 40227
004 25753
005 26251
006 52268
007 -
008 -
009 -
010 -
011 96565
012 -
013 -
014 -
015 -
016 -
017 -
018 -
019 -
020 -
021 -
022 -
023 92419
024 81019
025 05466
026 74533
027 23359
028 41588
029 93277
030 06212
031 34286
032 73210
033 32496
034 04445
035 40927
036 49694
037 06528
038 93479
039 86405
040 60304
041 26504
042 55588
043 31238
044 41523
045 93114
046 58187
047 10034
048 64487
049 35879
050 85462
051 95799
052 75209
053 90687
054 15409
055 72929
056 24558
057 29829
058 65752
059 69018
060 79912
061 76923
062 95646
063 69845
064 11233
065 40457
066 69667
067 33174
068 27856
069 87996
070 90209
071 67769
072 46373
073 11244
074 90045
075 81299
076 71619
077 93379
078 09000
079 83647
080 94665
081 42925
082 99368
083 72025
084 67809
085 50496
086 43882
087 01906
088 60780
089 09700
090 47722
091 28463
092 66206
093 32564
094 07033
095 40367
096 31531
097 56231
098 37417
099 20497
100 51367
101 17068
102 29906
103 67412
104 98716
105 40221
106 44671
107 82240
108 11812
109 22891
110 82019
111 59865
112 59435
113 55705
114 26819
115 98903
116 88540
117 61233
118 25725
119 22442
120 75635

