001 23663
002 87801
003 09101
004 15561
005 74465
006 27666
007 70093
008 90260
009 10987
010 55518
011 64564
012 12007
013 08220
014 78554
015 60287
016 81636
017 58978
018 28597
019 33461
020 96782
021 24868
022 29660
023 78918
024 64008
025 75770
026 03552
027 50909
028 58944
029 72667
030 47594
031 43441
032 88360
033 95330
034 72297
035 48910
036 32032
037 47432
038 44935
039 72041
040 56815
041 33250
042 08278
043 83093
044 68388
045 63881
046 95299
047 93739
048 04112
049 10193
050 95649
051 75007
052 03102
053 22921
054 50080
055 24866
056 52359
057 17315
058 91184
059 31176
060 74867
061 32022
062 37672
063 26494
064 24352
065 86495
066 07434
067 10956
068 73854
069 96881
070 23725
071 01764
072 71098
073 59901
074 40333
075 69059
076 66367
077 35351
078 16194
079 37013
080 91893
081 00907
082 45663
083 25585
084 82998
085 82923
086 96264
087 24421
088 92472
089 88000
090 76272
091 43245
092 28802
093 48032
094 00347
095 22289
096 44513
097 54180
098 94008
099 71794
100 48212
101 34922
102 85471
103 82774
104 43479
105 37478
106 47461
107 42751
108 35993
109 20853
110 66135
111 17261
112 91328
113 42841
114 54929
115 09531
116 38446
117 06727
118 91523
119 11152
120 36739
