001 16996
002 03719
003 83570
004 04818
005 81723
006 96908
007 61670
008 78063
009 22654
010 76715
011 16264
012 12534
013 81018
014 85761
015 87200
016 22804
017 34819
018 88959
019 81204
020 97726
021 59919
022 62690
023 17407
024 05459
025 35478
026 94875
027 36649
028 47358
029 83617
030 71555
031 50675
032 47642
033 34847
034 38478
035 50198
036 52941
037 80237
038 21632
039 76133
040 66392
041 11297
042 90374
043 96109
044 37405
045 63396
046 79905
047 74662
048 49262
049 49960
050 58094
051 98210
052 80825
053 53528
054 00309
055 37067
056 88432
057 59444
058 77751
059 48087
060 31313
061 29081
062 46911
063 32191
064 02853
065 79828
066 79279
067 91047
068 10473
069 32659
070 37022
071 89971
072 82444
073 65975
074 06984
075 57963
076 62497
077 49310
078 71780
079 85058
080 06088
081 78871
082 33403
083 78559
084 04244
085 02051
086 44771
087 60473
088 06276
089 66179
090 26028
091 30827
092 48896
093 20979
094 15888
095 26225
096 48664
097 02737
098 83616
099 26070
100 90035
101 98571
102 34739
103 85275
104 39552
105 16328
106 59041
107 85576
108 17829
109 38513
110 03074
111 39642
112 20237
113 68396
114 76912
115 03907
116 96972
117 47867
118 23203
119 27338
120 59719

