001 12988
002 23293
003 70419
004 45945
005 70181
006 09168
007 04866
008 47522
009 96740
010 51479
011 79652
012 22172
013 54187
014 30945
015 83563
016 86530
017 27316
018 24566
019 48368
020 24510
021 26134
022 31164
023 55129
024 49276
025 93642
026 65274
027 22372
028 33195
029 70517
030 57893
031 01311
032 33735
033 58996
034 39644
035 19239
036 66354
037 42614
038 75550
039 12109
040 27201
041 10164
042 90001
043 55564
044 72313
045 97806
046 22130
047 57177
048 65614
049 42295
050 44469
051 41959
052 79453
053 93787
054 34656
055 00117
056 19847
057 92751
058 42268
059 31302
060 81924
061 15736
062 12730
063 40416
064 46935
065 08412
066 24840
067 96652
068 48449
069 68199
070 20847
071 87962
072 12295
073 16120
074 50937
075 01179
076 22155
077 79428
078 55269
079 45979
080 30574
081 21332
082 28441
083 60368
084 36118
085 05126
086 74181
087 75013
088 39676
089 63186
090 73238
091 94589
092 18802
093 10468
094 12104
095 74623
096 18857
097 02611
098 49179
099 79244
100 77054
101 74658
102 37996
103 91406
104 64189
105 97004
106 19175
107 62101
108 84021
109 25052
110 91597
111 90131
112 20552
113 28201
114 11844
115 58279
116 45467
117 09501
118 16771
119 25992
120 44500

