001 87658
002 93333
003 48717
004 18312
005 60186
006 33027
007 64213
008 56907
009 11531
010 17445
011 96280
012 02620
013 61055
014 67235
015 80655
016 70636
017 16339
018 93916
019 05001
020 06107
021 93382
022 37558
023 25387
024 80386
025 81455
026 40177
027 48873
028 37785
029 51199
030 73752
031 92904
032 76351
033 31329
034 86447
035 80684
036 30629
037 02434
038 14117
039 22438
040 10508
041 20815
042 28854
043 55053
044 06536
045 72591
046 41232
047 68423
048 46937
049 63898
050 72315
051 18906
052 28071
053 35733
054 59246
055 50853
056 17014
057 56642
058 45818
059 23302
060 27145
061 27267
062 01955
063 44878
064 12461
065 67913
066 81703
067 63764
068 35061
069 18553
070 74205
071 07685
072 31458
073 93203
074 63273
075 36841
076 51760
077 41239
078 95337
079 39838
080 20911
081 47352
082 03646
083 98468
084 62914
085 10283
086 51268
087 67564
088 72490
089 91211
090 07578
091 27653
092 49961
093 63076
094 94026
095 51144
096 36746
097 10165
098 09070
099 08043
100 68701
101 57673
102 05397
103 76811
104 03225
105 15015
106 02239
107 03454
108 23558
109 51570
110 80337
111 70091
112 68807
113 19391
114 69467
115 89445
116 04427
117 52728
118 43982
119 40334
120 94255

