001 32448
002 02089
003 16605
004 38142
005 89966
006 90991
007 18952
008 65457
009 02482
010 00347
011 37329
012 44093
013 70055
014 36897
015 58751
016 67674
017 90099
018 37364
019 35640
020 48818
021 28232
022 38811
023 86013
024 76188
025 37957
026 89083
027 25179
028 67883
029 88630
030 73847
031 37350
032 94946
033 54249
034 57889
035 16688
036 12269
037 08928
038 33829
039 21291
040 58434
041 17213
042 03371
043 48298
044 88366
045 88812
046 71686
047 97098
048 35417
049 99903
050 26238
051 73640
052 59676
053 67976
054 90948
055 67634
056 29255
057 24449
058 14836
059 78832
060 05899
061 80633
062 82806
063 86724
064 65390
065 66457
066 80459
067 42732
068 29678
069 15050
070 90271
071 48787
072 56439
073 35365
074 26844
075 29177
076 56387
077 20692
078 62543
079 56720
080 92096
081 84198
082 55069
083 13164
084 67246
085 96593
086 54561
087 36216
088 07485
089 27624
090 66200
091 97345
092 61930
093 12769
094 25695
095 64238
096 54531
097 03280
098 55366
099 55676
100 72541
101 69664
102 64766
103 63935
104 05485
105 27271
106 56482
107 12993
108 85073
109 03168
110 81377
111 00741
112 35158
113 21341
114 82400
115 79310
116 22998
117 13981
118 30282
119 69324
120 79367

