001 29943
002 28360
003 47034
004 97052
005 27844
006 43284
007 90606
008 78795
009 18324
010 59561
011 92099
012 11694
013 86453
014 03279
015 41509
016 45679
017 59758
018 54433
019 18249
020 69791
021 52035
022 49091
023 05379
024 37242
025 08002
026 28462
027 80026
028 58386
029 71216
030 48667
031 94313
032 01027
033 12244
034 95979
035 61321
036 93407
037 66577
038 33219
039 59469
040 20274
041 26021
042 49391
043 92049
044 35596
045 81754
046 13604
047 97176
048 72936
049 53824
050 87508
051 39131
052 60721
053 53550
054 02162
055 44075
056 74611
057 97881
058 97728
059 23791
060 05346
061 24684
062 85510
063 02641
064 54452
065 30349
066 35621
067 93537
068 25655
069 39371
070 72343
071 02663
072 88796
073 47443
074 55703
075 57681
076 41638
077 38248
078 49669
079 06805
080 94174
081 90869
082 91235
083 62749
084 88370
085 77169
086 38479
087 87448
088 15212
089 22097
090 13163
091 83756
092 22179
093 49668
094 95093
095 42860
096 43669
097 16119
098 69787
099 17223
100 33273
101 33080
102 56513
103 65632
104 36744
105 24916
106 51241
107 50565
108 73906
109 14026
110 51521
111 91873
112 85017
113 67238
114 14315
115 02885
116 19167
117 03069
118 33183
119 30916
120 59966

