001 52668
002 78427
003 40826
004 21616
005 94963
006 31453
007 95951
008 21368
009 48735
010 91512
011 23908
012 32036
013 41024
014 50133
015 95700
016 90479
017 68773
018 13730
019 70462
020 64286
021 00185
022 49902
023 42033
024 88524
025 11122
026 40442
027 00563
028 77830
029 19676
030 21066
031 88839
032 24816
033 48140
034 07199
035 48484
036 05658
037 28882
038 87500
039 73119
040 94045
041 70452
042 47552
043 44998
044 33431
045 52772
046 55946
047 82442
048 46374
049 50209
050 85385
051 18442
052 81303
053 93796
054 43972
055 89493
056 82677
057 19209
058 38965
059 12351
060 82694
061 60348
062 54308
063 76495
064 10304
065 07515
066 80370
067 55963
068 26882
069 38193
070 27117
071 82245
072 73530
073 88491
074 42442
075 05808
076 24639
077 35279
078 47488
079 32366
080 85697
081 37228
082 28777
083 84646
084 53614
085 22288
086 15170
087 89150
088 38586
089 56737
090 01035
091 47026
092 59166
093 95575
094 37988
095 08108
096 41867
097 37859
098 17288
099 58058
100 13938
101 87562
102 96681
103 88541
104 65084
105 41497
106 86823
107 81219
108 08489
109 82875
110 71025
111 08110
112 45860
113 55811
114 56854
115 95286
116 68678
117 90933
118 95593
119 43900
120 85989

