001 38840
002 82993
003 31737
004 93694
005 28798
006 20498
007 91824
008 79245
009 00960
010 74981
011 23434
012 10318
013 53509
014 48866
015 45082
016 19644
017 53742
018 35379
019 37177
020 59926
021 67017
022 51692
023 90128
024 56516
025 39034
026 69036
027 03732
028 20017
029 86086
030 13798
031 80435
032 50811
033 77964
034 97855
035 72120
036 23047
037 23881
038 01992
039 20298
040 80566
041 70005
042 19059
043 34650
044 36063
045 17317
046 14149
047 04514
048 69710
049 90800
050 91604
051 76189
052 08292
053 76306
054 71510
055 53480
056 41303
057 01722
058 51597
059 97578
060 03862
061 89504
062 97693
063 28260
064 31382
065 61286
066 06688
067 81232
068 61623
069 40255
070 01346
071 89239
072 91141
073 01352
074 73128
075 46479
076 48148
077 96136
078 43871
079 44160
080 25533
081 34556
082 46219
083 23888
084 06413
085 92171
086 00964
087 65291
088 24716
089 94372
090 06884
091 65756
092 80979
093 53175
094 45390
095 38659
096 97219
097 73412
098 06039
099 08453
100 99062
101 38765
102 52312
103 23423
104 75810
105 22162
106 14219
107 67415
108 02575
109 16074
110 19780
111 07595
112 27008
113 68309
114 45403
115 01923
116 59037
117 14836
118 06255
119 25404
120 03920

