001 38757
002 13267
003 24928
004 39423
005 52648
006 68018
007 36441
008 49088
009 71343
010 24099
011 81502
012 94212
013 27323
014 44722
015 57467
016 12236
017 96354
018 73049
019 64166
020 94811
021 50282
022 87983
023 48176
024 76653
025 34823
026 41543
027 30637
028 15975
029 09941
030 54110
031 14096
032 42453
033 52858
034 60975
035 35106
036 65958
037 28040
038 92938
039 75562
040 43494
041 13816
042 05490
043 23196
044 08525
045 22959
046 72796
047 20380
048 39856
049 11856
050 42439
051 71397
052 74407
053 74318
054 16559
055 92015
056 12790
057 84832
058 76881
059 92492
060 72805
061 22748
062 22968
063 12101
064 37430
065 42788
066 82047
067 29116
068 95799
069 70802
070 92270
071 66697
072 77054
073 21017
074 86085
075 72589
076 81046
077 90684
078 33750
079 54035
080 13958
081 35113
082 26926
083 97487
084 78159
085 03747
086 99741
087 04618
088 19430
089 51192
090 38444
091 59510
092 06929
093 64363
094 52693
095 87300
096 48321
097 44704
098 24204
099 72230
100 09058
101 65412
102 77912
103 57800
104 39315
105 80559
106 41813
107 52387
108 56204
109 94740
110 40737
111 78737
112 01557
113 19397
114 75732
115 54043
116 37203
117 01062
118 22550
119 97035
120 68069
