001 24133
002 70988
003 75081
004 06941
005 67813
006 12317
007 60899
008 13792
009 66220
010 14314
011 66587
012 30444
013 69231
014 29822
015 05885
016 16941
017 17807
018 94678
019 73574
020 41066
021 06773
022 31783
023 59337
024 30399
025 86415
026 25535
027 97769
028 39459
029 85200
030 76217
031 55145
032 32513
033 54042
034 55090
035 10656
036 64386
037 26549
038 18474
039 88947
040 42806
041 96294
042 72802
043 70859
044 92945
045 53438
046 46092
047 61308
048 22412
049 59396
050 32898
051 04071
052 31140
053 23113
054 90756
055 93379
056 52406
057 63453
058 10184
059 70562
060 51561
061 64143
062 77276
063 57891
064 13317
065 73806
066 28898
067 56087
068 06548
069 72190
070 48865
071 71752
072 99465
073 30620
074 15225
075 10352
076 09195
077 03495
078 42974
079 68770
080 99371
081 95592
082 69502
083 26528
084 00923
085 44475
086 22524
087 84227
088 67075
089 56073
090 53009
091 31147
092 67892
093 27029
094 56608
095 45072
096 86120
097 16332
098 20038
099 85758
100 42113
101 75829
102 09385
103 04053
104 19055
105 09521
106 56997
107 87863
108 24486
109 35319
110 53566
111 85734
112 91897
113 11974
114 61723
115 18720
116 15173
117 52855
118 50797
119 86721
120 78774
