001 18438
002 76077
003 88441
004 03483
005 95312
006 19992
007 85027
008 21152
009 40951
010 15356
011 13505
012 14503
013 99335
014 02548
015 88628
016 45135
017 74758
018 71889
019 26990
020 44561
021 07702
022 39652
023 69611
024 79732
025 04115
026 94458
027 14025
028 66603
029 35119
030 22957
031 18811
032 18171
033 93517
034 88963
035 54491
036 20079
037 11245
038 20833
039 93669
040 86478
041 44994
042 73745
043 00817
044 01325
045 61867
046 86684
047 52640
048 82480
049 65367
050 53611
051 69683
052 36049
053 90744
054 94130
055 08397
056 31235
057 20640
058 85613
059 68398
060 34170
061 69638
062 18377
063 92518
064 43130
065 89451
066 60589
067 86322
068 20482
069 63679
070 34303
071 35897
072 38450
073 42976
074 03097
075 21026
076 50345
077 14292
078 98722
079 20960
080 04405
081 03765
082 25671
083 67786
084 54392
085 14236
086 68553
087 73115
088 69857
089 81897
090 23868
091 13130
092 36745
093 97955
094 41661
095 07116
096 63767
097 66671
098 76246
099 74854
100 99260
101 53638
102 70953
103 71034
104 97135
105 96615
106 81319
107 99491
108 00192
109 91030
110 36092
111 74505
112 39608
113 81363
114 70504
115 23649
116 57458
117 11832
118 60985
119 16707
120 27738

