001 56455
002 17028
003 86232
004 28726
005 29581
006 25972
007 08220
008 69410
009 71296
010 21028
011 41397
012 52999
013 87801
014 83600
015 65304
016 81795
017 81218
018 57170
019 64005
020 16436
021 14299
022 14816
023 94239
024 18446
025 80851
026 61885
027 70038
028 34314
029 25666
030 59272
031 77221
032 27810
033 12123
034 07318
035 63160
036 23911
037 37129
038 72881
039 49702
040 92583
041 71040
042 89191
043 03070
044 63150
045 55943
046 93022
047 93723
048 88618
049 48020
050 28251
051 34763
052 74727
053 44559
054 79245
055 70790
056 68937
057 71798
058 42049
059 19937
060 09491
061 76333
062 30590
063 90958
064 43053
065 90573
066 19456
067 19585
068 45407
069 19405
070 81649
071 37046
072 58708
073 64273
074 02219
075 38146
076 95246
077 86107
078 48843
079 92781
080 03593
081 25050
082 48678
083 61800
084 71698
085 63080
086 37944
087 95842
088 68453
089 48824
090 24930
091 54365
092 14863
093 26434
094 66831
095 05529
096 87273
097 42251
098 44254
099 69034
100 25533
101 99310
102 93720
103 12849
104 48860
105 49566
106 66193
107 24153
108 50505
109 20432
110 60710
111 77222
112 49800
113 03329
114 47753
115 51190
116 81706
117 67632
118 69721
119 14443
120 86591
