001 63567
002 16593
003 97640
004 31795
005 33099
006 12801
007 69627
008 14087
009 08965
010 22057
011 72704
012 46902
013 25006
014 27274
015 83115
016 81822
017 60702
018 62403
019 14712
020 89064
021 47510
022 17794
023 19630
024 41314
025 91529
026 42714
027 63583
028 85954
029 93912
030 11666
031 75985
032 16973
033 36927
034 52230
035 86939
036 89552
037 61853
038 16189
039 56370
040 77171
041 00375
042 29380
043 48031
044 20926
045 36876
046 82809
047 36021
048 01707
049 43104
050 54974
051 05950
052 90946
053 55030
054 34874
055 97190
056 35708
057 49047
058 32411
059 92268
060 23132
061 13107
062 64065
063 30486
064 10448
065 39471
066 30661
067 01451
068 76169
069 65449
070 64825
071 31659
072 81995
073 62555
074 33884
075 21149
076 15880
077 15724
078 68563
079 40922
080 21456
081 05510
082 06332
083 83406
084 87454
085 52629
086 22056
087 51759
088 75955
089 97241
090 75201
091 67966
092 94077
093 47833
094 13531
095 13003
096 05400
097 19651
098 18705
099 58343
100 31441
101 82907
102 13734
103 29384
104 82185
105 64765
106 53491
107 83319
108 14805
109 50111
110 49984
111 19962
112 71975
113 68905
114 15147
115 23678
116 17810
117 11427
118 68764
119 69109
120 09566
