001 15989
002 53361
003 12173
004 77001
005 60586
006 13610
007 47527
008 54557
009 22108
010 04538
011 17142
012 80524
013 59359
014 96609
015 80802
016 05201
017 94901
018 40673
019 09709
020 86755
021 22440
022 78336
023 38846
024 01236
025 28950
026 76538
027 27824
028 55840
029 26955
030 71989
031 20241
032 82423
033 13680
034 78482
035 99131
036 00307
037 31724
038 04573
039 66566
040 61973
041 85998
042 69233
043 36958
044 90794
045 63418
046 92865
047 83506
048 63638
049 24700
050 83294
051 88554
052 24289
053 80838
054 06613
055 73424
056 33164
057 87678
058 24918
059 75449
060 80467
061 16952
062 38525
063 68807
064 90348
065 99113
066 94379
067 55669
068 55913
069 81559
070 20368
071 36705
072 62478
073 50488
074 28894
075 69494
076 87520
077 17665
078 41691
079 68670
080 72166
081 75373
082 37906
083 14291
084 54141
085 80254
086 69556
087 79653
088 02799
089 02265
090 58765
091 52463
092 59746
093 30256
094 49506
095 91327
096 75788
097 62478
098 47901
099 04942
100 21295
101 78799
102 54034
103 98659
104 84964
105 78690
106 01592
107 98391
108 78762
109 74993
110 82886
111 03685
112 34443
113 53695
114 98659
115 75876
116 39055
117 72169
118 97798
119 78116
120 55532
