001 52122
002 06390
003 92621
004 57270
005 60075
006 11547
007 76513
008 83432
009 18809
010 13856
011 29985
012 84415
013 29944
014 97814
015 98903
016 35842
017 15548
018 00979
019 35060
020 62478
021 17518
022 36581
023 14421
024 82700
025 62488
026 55289
027 51057
028 16381
029 35654
030 73449
031 75878
032 18764
033 69342
034 65438
035 64966
036 41729
037 90055
038 28689
039 70608
040 99629
041 72025
042 74688
043 47915
044 27232
045 69184
046 46724
047 96419
048 83636
049 74191
050 22382
051 42028
052 53959
053 95649
054 63506
055 74860
056 17243
057 67221
058 95252
059 56832
060 98518
061 39910
062 92482
063 13777
064 13369
065 57086
066 86749
067 53198
068 49509
069 20800
070 06341
071 77978
072 23212
073 30925
074 14638
075 69758
076 29269
077 03984
078 95751
079 18208
080 49038
081 49236
082 39062
083 96467
084 07786
085 43955
086 90687
087 14944
088 26754
089 99422
090 62503
091 76830
092 52242
093 08933
094 13593
095 10985
096 82506
097 19254
098 33112
099 55944
100 79435
101 70902
102 31775
103 59187
104 02633
105 44010
106 23170
107 78330
108 25422
109 86927
110 87873
111 15803
112 03166
113 83779
114 57403
115 01994
116 03078
117 06938
118 48323
119 11625
120 57110

