001 37663
002 88347
003 97400
004 45452
005 83950
006 88516
007 17372
008 95770
009 87394
010 84913
011 36589
012 29499
013 44960
014 55160
015 78996
016 10895
017 03297
018 01475
019 72329
020 72773
021 30208
022 48721
023 85915
024 41935
025 05332
026 47282
027 70591
028 53152
029 19619
030 36608
031 73243
032 94951
033 47878
034 51010
035 65561
036 44839
037 75598
038 23585
039 50582
040 15846
041 21625
042 00782
043 42194
044 43109
045 63346
046 86329
047 59930
048 89593
049 35391
050 33090
051 74071
052 70640
053 17712
054 10779
055 94015
056 96757
057 04160
058 12648
059 43077
060 40742
061 87005
062 69329
063 09473
064 59047
065 29874
066 68340
067 93178
068 79353
069 08869
070 48142
071 03266
072 45166
073 14273
074 74897
075 78797
076 13219
077 35208
078 16040
079 16299
080 76777
081 96212
082 57363
083 54306
084 95872
085 41537
086 58142
087 62388
088 24648
089 56681
090 45715
091 06445
092 44221
093 63895
094 05629
095 20075
096 79495
097 38370
098 29490
099 67810
100 83329
101 28828
102 17798
103 89644
104 23297
105 47729
106 06424
107 34954
108 88342
109 75998
110 98486
111 29256
112 94505
113 26156
114 19238
115 29930
116 69971
117 16071
118 16207
119 56745
120 44964
