001 -
002 -
003 -
004 -
005 -
006 -
007 37241
008 05445
009 23520
010 36253
011 81663
012 38118
013 40908
014 05085
015 75097
016 62340
017 36293
018 93964
019 75766
020 07406
021 49713
022 27581
023 52220
024 47507
025 96033
026 25846
027 26887
028 40077
029 33737
030 19209
031 54882
032 15275
033 85351
034 14059
035 73124
036 20519
037 84642
038 73807
039 25691
040 89741
041 58718
042 70424
043 75916
044 97810
045 43408
046 91352
047 56076
048 54798
049 31098
050 84909
051 47394
052 33592
053 40762
054 33570
055 86074
056 66168
057 98748
058 90128
059 74777
060 67205
061 16440
062 19297
063 94971
064 22468
065 95897
066 70356
067 53802
068 82550
069 87688
070 19234
071 43891
072 64017
073 09308
074 27601
075 38728
076 39675
077 03403
078 89530
079 17954
080 85748
081 28164
082 78401
083 93153
084 86100
085 14541
086 79964
087 87967
088 70587
089 89137
090 11628
091 09363
092 51108
093 98828
094 35630
095 12391
096 73620
097 16804
098 40347
099 32906
100 12306
101 92864
102 04975
103 51798
104 28580
105 61466
106 66601
107 92977
108 27845
109 35244
110 39759
111 66444
112 89582
113 24116
114 65185
115 22004
116 64136
117 11068
118 26749
119 16425
120 17336

