001 03329
002 55021
003 81961
004 05784
005 35746
006 87713
007 33550
008 62112
009 81716
010 86244
011 08423
012 42618
013 65197
014 55617
015 37065
016 45944
017 55717
018 50781
019 96785
020 34662
021 03420
022 90489
023 66029
024 76464
025 79874
026 49291
027 37438
028 94134
029 94140
030 77516
031 07725
032 10193
033 18975
034 85219
035 64619
036 00866
037 56782
038 45999
039 41264
040 66094
041 76385
042 78718
043 85504
044 56631
045 09013
046 39589
047 41145
048 78330
049 62926
050 33296
051 82032
052 23794
053 00582
054 31165
055 21980
056 83903
057 50459
058 47137
059 63356
060 44438
061 45994
062 93704
063 53817
064 10270
065 04956
066 36897
067 43470
068 71209
069 48511
070 69781
071 09373
072 52657
073 20261
074 86417
075 49097
076 56422
077 43654
078 44709
079 84974
080 02045
081 66227
082 02043
083 60776
084 87583
085 77745
086 68159
087 15653
088 39305
089 56940
090 39898
091 21753
092 06179
093 73231
094 79312
095 91357
096 71213
097 12566
098 79617
099 05663
100 07749
101 30763
102 10202
103 52031
104 04380
105 51153
106 96731
107 82038
108 28380
109 31137
110 36407
111 32586
112 12092
113 87130
114 34336
115 10108
116 67952
117 25047
118 34789
119 61816
120 00344

