001 79956
002 23515
003 45892
004 23726
005 00655
006 66350
007 29462
008 67453
009 74319
010 60586
011 48803
012 29270
013 86326
014 49274
015 94723
016 74040
017 11279
018 62124
019 35007
020 94974
021 14450
022 53005
023 91963
024 90259
025 22557
026 85329
027 32740
028 79907
029 65985
030 89719
031 06771
032 84402
033 81107
034 94318
035 75293
036 29736
037 92521
038 03400
039 84066
040 85969
041 43062
042 95596
043 37661
044 60854
045 44608
046 42343
047 01279
048 89452
049 70622
050 91215
051 43295
052 67178
053 71850
054 83827
055 86687
056 38296
057 70570
058 08226
059 88729
060 51881
061 50006
062 56823
063 73078
064 74790
065 85469
066 66109
067 17724
068 69452
069 59349
070 09221
071 54276
072 67263
073 66593
074 18698
075 97424
076 77896
077 02947
078 41042
079 19579
080 55064
081 72552
082 05875
083 80561
084 89415
085 23210
086 20355
087 74991
088 32809
089 32649
090 01666
091 87455
092 10223
093 60111
094 01097
095 80075
096 31944
097 97102
098 07267
099 55925
100 74615
101 78137
102 76687
103 24427
104 42449
105 05855
106 95033
107 47209
108 54692
109 06862
110 30854
111 97526
112 03698
113 64388
114 77603
115 67373
116 84547
117 40072
118 35254
119 59021
120 33508

