001 57159
002 12146
003 27163
004 18183
005 30953
006 84480
007 99985
008 89759
009 51934
010 72466
011 45542
012 42005
013 39264
014 86433
015 54066
016 31126
017 26388
018 27397
019 93735
020 13901
021 23026
022 73462
023 96071
024 15727
025 67637
026 85214
027 44109
028 33741
029 31732
030 23964
031 24001
032 83265
033 94440
034 83531
035 47241
036 79050
037 64709
038 45190
039 04112
040 79519
041 58952
042 35669
043 94949
044 00732
045 14292
046 25074
047 56029
048 61963
049 51094
050 58421
051 68921
052 79850
053 31389
054 96275
055 87253
056 80140
057 48122
058 25767
059 75372
060 60648
061 24359
062 87087
063 87404
064 84135
065 18137
066 09552
067 53588
068 56809
069 32602
070 62019
071 80401
072 46507
073 57069
074 62740
075 94211
076 31418
077 00694
078 69535
079 58861
080 22336
081 02830
082 51623
083 83404
084 29441
085 28796
086 41988
087 44179
088 26655
089 31406
090 46736
091 05312
092 99052
093 50430
094 08253
095 16142
096 07002
097 00303
098 07450
099 08146
100 35591
101 75100
102 86259
103 37927
104 26545
105 96475
106 41598
107 34224
108 21838
109 27146
110 03745
111 15125
112 60344
113 12155
114 50194
115 34099
116 87282
117 09723
118 63299
119 00699
120 72223
