001 78530
002 91366
003 45174
004 36416
005 22895
006 21406
007 59655
008 09128
009 50926
010 69767
011 29970
012 10310
013 86921
014 83518
015 27493
016 29330
017 47221
018 39542
019 22654
020 54185
021 09907
022 80491
023 58773
024 11549
025 38194
026 88150
027 82528
028 32489
029 84128
030 70006
031 15268
032 69998
033 95231
034 69852
035 59878
036 69423
037 35574
038 92029
039 17613
040 52657
041 51240
042 87138
043 04230
044 44118
045 02995
046 47316
047 59392
048 21617
049 14015
050 09172
051 71315
052 89463
053 22959
054 06034
055 09475
056 63200
057 89972
058 69491
059 74173
060 48936
061 31503
062 66859
063 67425
064 25151
065 11132
066 32956
067 68500
068 82949
069 38296
070 15596
071 21823
072 61499
073 88177
074 53710
075 40585
076 62673
077 94021
078 41126
079 72829
080 11957
081 77829
082 97091
083 43947
084 67741
085 60263
086 60611
087 96732
088 80115
089 87795
090 63833
091 56439
092 67330
093 64188
094 08940
095 24808
096 82535
097 00562
098 31916
099 36362
100 73497
101 40756
102 79063
103 61186
104 54718
105 50222
106 29276
107 95475
108 66667
109 06940
110 27183
111 71225
112 83800
113 05766
114 50493
115 93197
116 34320
117 71167
118 01231
119 16382
120 96494
