001 08691
002 67885
003 83371
004 25410
005 09818
006 72711
007 93345
008 38530
009 84951
010 90311
011 70864
012 27653
013 76403
014 22928
015 98081
016 78323
017 36453
018 27114
019 81207
020 95433
021 60465
022 25886
023 65917
024 56401
025 14323
026 20663
027 79364
028 45400
029 27412
030 24787
031 61677
032 84763
033 65376
034 74683
035 61312
036 06234
037 22998
038 57249
039 43673
040 64234
041 43572
042 32252
043 99323
044 53501
045 71983
046 60373
047 06113
048 36661
049 36751
050 32529
051 61641
052 48400
053 11299
054 14894
055 72580
056 17608
057 02228
058 56310
059 48215
060 30508
061 38454
062 05982
063 44660
064 59007
065 16130
066 50576
067 80580
068 58451
069 06035
070 06522
071 88193
072 65335
073 46570
074 65846
075 95279
076 19916
077 08252
078 57530
079 65652
080 15440
081 70272
082 97442
083 65127
084 09935
085 49748
086 06550
087 46708
088 72465
089 80988
090 17268
091 73576
092 41305
093 03985
094 05360
095 83604
096 61099
097 84687
098 94613
099 78601
100 46282
101 80117
102 41458
103 17263
104 86835
105 77428
106 39105
107 87678
108 86634
109 24632
110 82135
111 52837
112 98208
113 09735
114 82074
115 19348
116 84047
117 44292
118 03116
119 58416
120 26699

