001 18876
002 75805
003 71859
004 75830
005 26747
006 00207
007 07756
008 14026
009 03733
010 62191
011 91198
012 44610
013 60220
014 67297
015 80854
016 40847
017 63654
018 25555
019 58117
020 66913
021 89966
022 61360
023 53364
024 00123
025 37156
026 01311
027 15140
028 38737
029 10694
030 74284
031 89996
032 24091
033 77276
034 64914
035 57788
036 30597
037 26860
038 90431
039 88067
040 08921
041 85570
042 93254
043 56876
044 12003
045 77592
046 95015
047 54241
048 56205
049 03350
050 86336
051 78964
052 48836
053 09961
054 69383
055 34370
056 05090
057 33473
058 74377
059 00913
060 67906
061 10991
062 84344
063 96882
064 84493
065 75496
066 99574
067 33386
068 04188
069 48735
070 17931
071 30802
072 66465
073 20222
074 03434
075 35355
076 30958
077 08959
078 17918
079 78304
080 56801
081 74123
082 45275
083 41423
084 74935
085 26782
086 11151
087 25723
088 77849
089 13259
090 20786
091 87301
092 28650
093 94131
094 45277
095 93118
096 20287
097 66604
098 03221
099 87055
100 85479
101 93471
102 69269
103 26068
104 58572
105 15428
106 39459
107 12311
108 27257
109 64998
110 31639
111 14967
112 63915
113 56840
114 41657
115 14743
116 94716
117 31488
118 03841
119 60765
120 62202
