001 84898
002 36528
003 39111
004 71718
005 84606
006 78887
007 26946
008 51364
009 13524
010 07542
011 56685
012 64619
013 73417
014 36275
015 76124
016 31053
017 64099
018 28466
019 62188
020 28714
021 18993
022 02578
023 86130
024 49706
025 69654
026 44288
027 93368
028 19101
029 69711
030 96845
031 18776
032 51356
033 74021
034 11279
035 63873
036 05185
037 54519
038 28742
039 02127
040 48356
041 23470
042 17000
043 82065
044 52036
045 28154
046 18864
047 40130
048 69066
049 30250
050 99092
051 97299
052 03359
053 52036
054 92682
055 53967
056 07957
057 47180
058 13108
059 58143
060 54399
061 62123
062 14658
063 46516
064 04286
065 37198
066 63958
067 77837
068 11345
069 67228
070 87239
071 40240
072 44551
073 32682
074 06987
075 00798
076 60113
077 31446
078 80710
079 36877
080 89340
081 25564
082 77119
083 90592
084 47976
085 84003
086 19027
087 05659
088 76371
089 12908
090 29771
091 42924
092 10863
093 71330
094 94599
095 60933
096 02507
097 58494
098 57151
099 20514
100 65944
101 86096
102 62894
103 53468
104 51426
105 25196
106 42413
107 93572
108 13103
109 92122
110 06103
111 85422
112 70725
113 70071
114 87254
115 80737
116 22844
117 59660
118 47197
119 76865
120 12472
