001 04103
002 51752
003 37241
004 39486
005 44898
006 23894
007 24896
008 48382
009 44095
010 20664
011 66318
012 38499
013 14133
014 50161
015 72834
016 23670
017 08477
018 06001
019 96189
020 55871
021 84378
022 20560
023 90265
024 72629
025 90027
026 44046
027 78082
028 42037
029 32693
030 19936
031 11686
032 64031
033 85550
034 48373
035 38326
036 67591
037 67859
038 57042
039 41043
040 08017
041 43179
042 21806
043 80520
044 69825
045 16966
046 72972
047 57460
048 20639
049 83846
050 18097
051 81433
052 20993
053 85042
054 17179
055 02322
056 66594
057 95926
058 47546
059 78980
060 23215
061 16587
062 93655
063 82033
064 41760
065 09748
066 81048
067 57575
068 35130
069 85508
070 05537
071 26356
072 35844
073 73189
074 69786
075 75170
076 79440
077 77090
078 94490
079 13145
080 29684
081 20958
082 98075
083 56206
084 65608
085 28748
086 98232
087 07131
088 57385
089 84388
090 42424
091 39990
092 01673
093 41465
094 85512
095 43033
096 07358
097 04459
098 34485
099 65355
100 02928
101 82032
102 05820
103 00071
104 86030
105 62757
106 97984
107 92681
108 78053
109 14889
110 55217
111 19832
112 99559
113 83305
114 47846
115 32236
116 78183
117 30406
118 15838
119 08219
120 22399
