001 73722
002 67639
003 71196
004 33774
005 38352
006 99818
007 29964
008 36452
009 68372
010 12708
011 41462
012 17112
013 89716
014 99790
015 57844
016 34675
017 77059
018 77426
019 58033
020 57734
021 92515
022 67381
023 28942
024 06929
025 95762
026 80143
027 55950
028 53018
029 69545
030 14691
031 25023
032 05149
033 49684
034 17052
035 76672
036 86235
037 11412
038 72876
039 86704
040 85256
041 48271
042 00700
043 43744
044 17150
045 23042
046 62914
047 22512
048 34155
049 82277
050 97055
051 42788
052 83502
053 66129
054 93848
055 26608
056 14618
057 55073
058 63724
059 59160
060 85579
061 33669
062 64742
063 34344
064 38267
065 46195
066 28603
067 70329
068 90161
069 82999
070 18467
071 07873
072 66957
073 13201
074 11897
075 75524
076 73292
077 93981
078 94918
079 92422
080 78837
081 04364
082 83167
083 61012
084 10173
085 60374
086 27752
087 84510
088 86826
089 41641
090 70519
091 77740
092 36543
093 96057
094 52258
095 20690
096 27520
097 79097
098 44592
099 69668
100 13440
101 79934
102 50811
103 72982
104 09798
105 41544
106 26360
107 41936
108 78122
109 54851
110 93192
111 03670
112 06629
113 20900
114 24810
115 91463
116 18979
117 15760
118 63227
119 37090
120 44964

