001 86001
002 29225
003 42235
004 06314
005 92334
006 90534
007 08884
008 95389
009 42542
010 67700
011 65573
012 29943
013 10000
014 32993
015 42855
016 37773
017 66711
018 46652
019 74659
020 11411
021 97053
022 96016
023 15415
024 85750
025 20411
026 77813
027 52446
028 25672
029 08508
030 90489
031 55110
032 89325
033 78252
034 75518
035 08079
036 59136
037 18818
038 98442
039 12784
040 25361
041 37478
042 38862
043 16178
044 66088
045 38463
046 71259
047 08021
048 82552
049 41515
050 71269
051 53526
052 83278
053 12943
054 98319
055 14234
056 82835
057 63999
058 89293
059 26105
060 41008
061 89228
062 76304
063 45487
064 68056
065 14408
066 08921
067 17549
068 80009
069 22860
070 88582
071 27691
072 59836
073 14481
074 75567
075 17408
076 93251
077 16966
078 10582
079 75068
080 40083
081 19477
082 01032
083 89164
084 26135
085 43613
086 49151
087 68703
088 40790
089 04180
090 38438
091 89511
092 07258
093 93336
094 37210
095 42943
096 00005
097 84891
098 02851
099 69628
100 17440
101 63113
102 60228
103 54090
104 00341
105 13426
106 94818
107 87676
108 57608
109 37966
110 42342
111 23923
112 15365
113 86378
114 44489
115 41554
116 61974
117 01078
118 66756
119 54498
120 07360
