001 84389
002 03807
003 27039
004 33995
005 08880
006 59597
007 80037
008 44075
009 19439
010 69792
011 68337
012 17099
013 90312
014 55141
015 73718
016 90009
017 41132
018 09068
019 58569
020 00710
021 50760
022 33428
023 45835
024 38552
025 52412
026 17279
027 98017
028 72484
029 03783
030 08311
031 57428
032 51527
033 83839
034 44104
035 90075
036 98395
037 30050
038 26365
039 27403
040 50582
041 37603
042 86850
043 98714
044 76976
045 74688
046 70151
047 89161
048 33230
049 32405
050 08375
051 72329
052 10011
053 62621
054 77650
055 63916
056 17240
057 37841
058 91599
059 02551
060 57357
061 73261
062 94538
063 30413
064 02130
065 30779
066 47002
067 59276
068 22143
069 05117
070 49593
071 27485
072 89303
073 49708
074 08280
075 59617
076 08071
077 25413
078 19623
079 98843
080 66604
081 33807
082 43606
083 16982
084 51376
085 60032
086 09688
087 45710
088 39115
089 08487
090 76149
091 11252
092 98227
093 27377
094 38402
095 38219
096 13044
097 52896
098 23647
099 24891
100 23172
101 55304
102 64881
103 58975
104 88187
105 78489
106 05566
107 00488
108 89050
109 92849
110 49891
111 20832
112 14107
113 49199
114 82088
115 88170
116 93677
117 95371
118 64413
119 03842
120 06924
