001 12186
002 88529
003 33784
004 64894
005 99481
006 61366
007 99123
008 66829
009 83886
010 61438
011 80929
012 59375
013 58766
014 66097
015 43901
016 56266
017 56164
018 00051
019 10502
020 91534
021 88744
022 55311
023 17714
024 31332
025 08940
026 98045
027 54373
028 78354
029 83026
030 51900
031 92215
032 93224
033 95379
034 88391
035 14345
036 21311
037 81390
038 14763
039 22280
040 11224
041 54620
042 08027
043 22729
044 01025
045 91721
046 11282
047 93541
048 09780
049 15934
050 44719
051 60341
052 28108
053 42020
054 78894
055 81187
056 80945
057 02045
058 67841
059 45622
060 41624
061 34290
062 63258
063 30266
064 42083
065 53412
066 88422
067 17736
068 56234
069 69872
070 85910
071 13134
072 70468
073 34087
074 25431
075 81495
076 89220
077 61217
078 55840
079 35719
080 11439
081 08232
082 42626
083 73590
084 32617
085 98276
086 73859
087 23453
088 43453
089 39117
090 19614
091 81233
092 48021
093 74125
094 34594
095 16549
096 61544
097 78757
098 21336
099 53009
100 14202
101 73083
102 41847
103 51263
104 07763
105 34272
106 57246
107 04879
108 14835
109 56082
110 57154
111 61767
112 68276
113 19019
114 45734
115 08192
116 93734
117 51103
118 55122
119 61263
120 77553
