001 54371
002 94377
003 85380
004 03014
005 85577
006 05065
007 33250
008 97402
009 31360
010 14126
011 82456
012 56327
013 56220
014 37438
015 14600
016 11400
017 05008
018 26844
019 67712
020 19804
021 47500
022 60083
023 32336
024 66629
025 87905
026 99784
027 20675
028 48209
029 82276
030 20054
031 63718
032 38019
033 56345
034 47267
035 32404
036 05614
037 66525
038 65148
039 54691
040 18609
041 49715
042 22002
043 62463
044 00468
045 39511
046 75543
047 76118
048 79335
049 33761
050 79736
051 06676
052 91511
053 30427
054 58886
055 79502
056 26800
057 82871
058 94688
059 21435
060 25318
061 96941
062 97641
063 54120
064 35174
065 10825
066 16308
067 14427
068 71386
069 32378
070 71264
071 69280
072 00337
073 92375
074 75911
075 81027
076 65305
077 20931
078 18201
079 56410
080 43753
081 77880
082 15138
083 21942
084 83942
085 88696
086 41094
087 40675
088 07287
089 77477
090 22943
091 87534
092 10157
093 73674
094 36057
095 06679
096 84650
097 53167
098 06362
099 25363
100 01936
101 43947
102 77025
103 29055
104 03354
105 10486
106 96372
107 12831
108 40805
109 73888
110 06238
111 37693
112 35713
113 83453
114 79046
115 72393
116 45682
117 03740
118 75206
119 02776
120 26336
