001 12333
002 73190
003 95094
004 60873
005 55085
006 73541
007 23289
008 31988
009 72705
010 99276
011 63518
012 39826
013 40406
014 43936
015 28332
016 15613
017 90654
018 85872
019 07617
020 92081
021 04215
022 91579
023 63929
024 05440
025 05116
026 89421
027 15974
028 53828
029 91685
030 90803
031 07134
032 19953
033 89836
034 49849
035 15009
036 01707
037 34397
038 47367
039 84777
040 97357
041 58870
042 47263
043 24884
044 59768
045 10004
046 86940
047 99631
048 86986
049 96257
050 54203
051 86948
052 56791
053 26926
054 51242
055 79473
056 25600
057 56682
058 46076
059 57520
060 84348
061 61970
062 57020
063 90784
064 07878
065 03085
066 60546
067 32308
068 17342
069 90463
070 02730
071 88726
072 28954
073 69220
074 61064
075 70600
076 84744
077 54967
078 64099
079 95499
080 06523
081 31856
082 60873
083 61622
084 05624
085 02343
086 63034
087 68049
088 22120
089 32590
090 21417
091 51131
092 29712
093 56932
094 28676
095 33731
096 98791
097 11590
098 67857
099 09188
100 72949
101 45601
102 11582
103 01433
104 34486
105 52090
106 30798
107 93693
108 51979
109 11856
110 61528
111 27951
112 99435
113 02453
114 90899
115 19983
116 79100
117 45427
118 17481
119 01672
120 00645

