001 47582
002 12210
003 30977
004 10073
005 90797
006 07606
007 49810
008 79220
009 65471
010 92757
011 57870
012 64733
013 12446
014 30844
015 76151
016 06127
017 13507
018 38969
019 49470
020 10669
021 25711
022 32989
023 49659
024 92666
025 73954
026 88520
027 64228
028 60450
029 92963
030 07226
031 73112
032 14082
033 06589
034 43457
035 76582
036 44667
037 94679
038 33318
039 96888
040 14507
041 08253
042 10783
043 99996
044 10424
045 30976
046 02384
047 26292
048 63866
049 75591
050 06872
051 39048
052 55334
053 69804
054 08553
055 31773
056 75505
057 71632
058 55650
059 10292
060 48250
061 58710
062 67009
063 40151
064 40769
065 05228
066 96918
067 39609
068 25168
069 12215
070 37488
071 79234
072 16131
073 41732
074 56618
075 38651
076 99398
077 60417
078 77120
079 33117
080 64776
081 28192
082 31661
083 06747
084 73761
085 42157
086 76855
087 40376
088 59272
089 75388
090 64928
091 88639
092 11646
093 84385
094 22786
095 00866
096 39012
097 60168
098 79633
099 29461
100 01388
101 14863
102 92666
103 10513
104 37897
105 40503
106 62679
107 43102
108 49760
109 43202
110 66317
111 91388
112 18054
113 15916
114 86812
115 03867
116 33716
117 78470
118 25173
119 21487
120 33544

