001 33171
002 58476
003 74942
004 58710
005 05317
006 74153
007 38822
008 47396
009 82191
010 31370
011 29275
012 42554
013 68764
014 53279
015 63658
016 69600
017 29614
018 23940
019 36696
020 77748
021 88150
022 45989
023 30974
024 14400
025 35206
026 16019
027 67276
028 82804
029 05496
030 62006
031 97615
032 05113
033 99269
034 52184
035 02477
036 88996
037 48592
038 13988
039 59522
040 59412
041 87432
042 76810
043 09278
044 96364
045 42746
046 56039
047 37763
048 85462
049 75334
050 60843
051 57673
052 25184
053 12221
054 90486
055 14511
056 76601
057 66775
058 33809
059 84765
060 47910
061 45947
062 60112
063 53668
064 84571
065 96818
066 19211
067 97925
068 77450
069 12552
070 58790
071 11042
072 68259
073 63195
074 06881
075 52708
076 88060
077 64245
078 71630
079 67648
080 65612
081 76627
082 12746
083 21413
084 08986
085 63559
086 99486
087 46243
088 75147
089 07297
090 52399
091 46110
092 32768
093 68014
094 29352
095 04269
096 29491
097 61814
098 21236
099 50595
100 79090
101 02354
102 87195
103 09705
104 48331
105 92426
106 13482
107 31304
108 87491
109 91702
110 73376
111 48950
112 37820
113 52711
114 73396
115 75696
116 04674
117 39625
118 81654
119 23073
120 81190

