001 14609
002 26540
003 06223
004 59182
005 60894
006 39558
007 23458
008 22334
009 84531
010 47707
011 09054
012 44370
013 17125
014 32054
015 23914
016 46068
017 67380
018 70224
019 47315
020 84143
021 71622
022 57533
023 23791
024 75169
025 50879
026 26810
027 95249
028 02307
029 52261
030 35223
031 16487
032 22503
033 15360
034 48284
035 24208
036 26644
037 58901
038 89941
039 31174
040 79777
041 25418
042 23837
043 61757
044 47529
045 41759
046 85918
047 01225
048 76934
049 49890
050 62376
051 30796
052 49417
053 14541
054 82014
055 85995
056 25678
057 00729
058 53493
059 01419
060 15424
061 20845
062 44019
063 88733
064 99041
065 84721
066 37578
067 21033
068 93098
069 25538
070 94481
071 63384
072 54523
073 30417
074 12207
075 38782
076 26706
077 70348
078 31037
079 49423
080 57257
081 81169
082 12256
083 73559
084 30067
085 11282
086 99699
087 44038
088 91316
089 42651
090 45965
091 40047
092 25264
093 99772
094 85174
095 28823
096 51330
097 34048
098 27562
099 87384
100 01404
101 70561
102 41188
103 18839
104 22716
105 92830
106 89753
107 67531
108 76911
109 83622
110 06860
111 08998
112 93841
113 16904
114 33685
115 46318
116 05303
117 59975
118 59241
119 13539
120 39379

