001 92310
002 46639
003 60459
004 29183
005 15936
006 92150
007 83287
008 56651
009 -
010 46184
011 30197
012 59890
013 67722
014 83689
015 57563
016 45442
017 25988
018 42921
019 44353
020 92773
021 39068
022 53103
023 06333
024 14009
025 67168
026 29317
027 05703
028 67183
029 94090
030 01789
031 02964
032 58250
033 09823
034 44709
035 40985
036 26616
037 66812
038 27292
039 17861
040 50532
041 06222
042 87962
043 25481
044 50861
045 00338
046 38162
047 34199
048 26687
049 35884
050 65715
051 27368
052 77422
053 75118
054 22667
055 46420
056 26019
057 74051
058 15014
059 67806
060 13548
061 79208
062 70006
063 35297
064 64494
065 90401
066 98986
067 71652
068 44645
069 79161
070 46402
071 60925
072 18311
073 89325
074 73631
075 82845
076 43474
077 18165
078 56016
079 81543
080 62461
081 22380
082 06131
083 24733
084 26323
085 75676
086 03616
087 71923
088 47864
089 49701
090 08457
091 01775
092 45104
093 91060
094 24920
095 40313
096 64160
097 53896
098 96267
099 72584
100 38323
101 73037
102 19323
103 36890
104 46026
105 14267
106 01700
107 63485
108 56121
109 41425
110 73351
111 46712
112 10345
113 94146
114 94106
115 62139
116 92668
117 34838
118 76152
119 72312
120 70544
