001 26177
002 79110
003 - -
004 32171
005 - -
006 - -
007 66782
008 84819
009 54614
010 10314
011 07233
012 39216
013 16255
014 - -
015 84806
016 - -
017 - -
018 - -
019 95525
020 07287
021 03618
022 80263
023 20910
024 79528
025 84428
026 72932
027 00638
028 26799
029 99568
030 93309
031 77300
032 71028
033 12908
034 65072
035 17413
036 49549
037 10593
038 69419
039 53212
040 32818
041 78235
042 85716
043 12013
044 53134
045 54325
046 90188
047 21208
048 25797
049 99397
050 70748
051 68097
052 82826
053 86607
054 72892
055 32465
056 61701
057 45150
058 86574
059 56866
060 71319
061 34887
062 33060
063 96373
064 85373
065 18119
066 83487
067 29100
068 33041
069 56255
070 64271
071 39963
072 97967
073 11489
074 44508
075 12229
076 68479
077 39609
078 68354
079 72539
080 99088
081 04549
082 94512
083 54372
084 24248
085 83880
086 59207
087 41110
088 69492
089 39080
090 02469
091 66035
092 06185
093 54881
094 76648
095 59323
096 67392
097 34109
098 16909
099 20194
100 01365
101 - -
102 - -
103 44033
104 39014
105 81075
106 12875
107 60812
108 46458
109 33950
110 09705
111 98593
112 58730
113 - -
114 49413
115 92872
116 40767
117 87629
118 39327
119 34979
120 94240

