001 73499
002 03416
003 75843
004 72110
005 24806
006 84871
007 60555
008 99826
009 65487
010 48850
011 17348
012 36919
013 98410
014 91748
015 69237
016 94530
017 14207
018 62435
019 34645
020 10486
021 85493
022 00176
023 12838
024 03332
025 39960
026 19072
027 76345
028 80445
029 71020
030 75916
031 93159
032 95443
033 80712
034 64200
035 67714
036 80338
037 95632
038 40813
039 79326
040 35535
041 73956
042 00155
043 58624
044 80686
045 79121
046 72063
047 05623
048 77064
049 40107
050 40604
051 94888
052 53398
053 64516
054 51518
055 14690
056 38549
057 49519
058 92225
059 65636
060 07484
061 65804
062 59063
063 63633
064 88101
065 01189
066 34934
067 02917
068 96007
069 02178
070 95577
071 60962
072 23598
073 55605
074 54896
075 44531
076 76461
077 70565
078 57903
079 68828
080 01724
081 06941
082 65858
083 27038
084 86316
085 76603
086 25819
087 13907
088 24401
089 15038
090 10451
091 36772
092 71252
093 16303
094 95905
095 10309
096 92506
097 88164
098 58931
099 31635
100 55871
101 18012
102 92490
103 74486
104 52174
105 68764
106 26146
107 86077
108 78592
109 24574
110 30388
111 12988
112 45848
113 40876
114 78640
115 76144
116 18263
117 45211
118 53088
119 38825
120 63605
