001 63069
002 22393
003 65510
004 05590
005 00860
006 53775
007 02775
008 59110
009 55879
010 39941
011 67004
012 47819
013 66666
014 53765
015 66391
016 29251
017 62907
018 44816
019 74683
020 68470
021 39297
022 54010
023 07399
024 59621
025 82071
026 51688
027 45333
028 33601
029 37267
030 83195
031 34359
032 10079
033 09323
034 42887
035 38980
036 37785
037 80643
038 21412
039 48696
040 09952
041 73324
042 74444
043 70639
044 51570
045 28659
046 13225
047 04817
048 58299
049 58704
050 34403
051 98956
052 40103
053 51074
054 65109
055 88950
056 08286
057 35196
058 96630
059 10095
060 01917
061 96003
062 37707
063 66022
064 23621
065 04866
066 97073
067 66133
068 16789
069 50696
070 90345
071 98373
072 93664
073 34592
074 60626
075 22641
076 47506
077 95793
078 17768
079 03894
080 23822
081 56573
082 97545
083 57311
084 10227
085 09768
086 93267
087 96634
088 24533
089 82164
090 23692
091 26527
092 60619
093 55537
094 91631
095 25973
096 10910
097 31956
098 81871
099 72759
100 26887
101 77687
102 23313
103 79134
104 44346
105 26500
106 53445
107 96957
108 93718
109 30544
110 48524
111 96620
112 50954
113 72163
114 19157
115 28590
116 70330
117 20629
118 94595
119 34618
120 55229
