001 46780
002 27844
003 92301
004 14056
005 82486
006 41230
007 97926
008 39134
009 86715
010 97284
011 55464
012 51509
013 99659
014 27741
015 25369
016 21002
017 02065
018 50013
019 60694
020 28679
021 97253
022 16471
023 75676
024 82247
025 96825
026 04562
027 02561
028 53188
029 28974
030 91842
031 27991
032 96544
033 60370
034 27478
035 69339
036 13660
037 56850
038 00038
039 06416
040 03380
041 83496
042 79110
043 53739
044 44992
045 90317
046 72617
047 70560
048 70649
049 92716
050 37378
051 51665
052 22105
053 57311
054 64939
055 87656
056 71789
057 04665
058 46966
059 17346
060 10769
061 33128
062 43112
063 58583
064 69407
065 22933
066 59374
067 00371
068 67239
069 00974
070 93690
071 60785
072 16882
073 85930
074 70143
075 45392
076 60591
077 76731
078 04948
079 53050
080 44597
081 81326
082 93449
083 61190
084 37084
085 22951
086 19289
087 86409
088 65210
089 15810
090 26777
091 28809
092 54656
093 92136
094 88680
095 71989
096 53583
097 54990
098 00823
099 52110
100 46972
101 71544
102 21144
103 71242
104 57787
105 24993
106 77819
107 97088
108 89502
109 76221
110 32552
111 73366
112 89407
113 41676
114 47488
115 54824
116 50331
117 03614
118 83628
119 32871
120 14930
