001 59241
002 59075
003 64092
004 82374
005 24666
006 07237
007 54541
008 95081
009 16952
010 11248
011 24459
012 19280
013 72553
014 18103
015 22062
016 51149
017 80628
018 27015
019 15791
020 73691
021 -
022 26679
023 18481
024 82167
025 99146
026 10213
027 82871
028 85562
029 43064
030 35815
031 98021
032 32834
033 68492
034 39715
035 80329
036 72085
037 10619
038 67033
039 72203
040 47223
041 86960
042 90980
043 42063
044 56767
045 07628
046 83431
047 17164
048 72738
049 41339
050 03307
051 35295
052 93598
053 66285
054 75402
055 58147
056 59020
057 47247
058 35880
059 64664
060 08247
061 29385
062 24273
063 37043
064 74244
065 17995
066 87021
067 88565
068 02801
069 34597
070 22842
071 88330
072 23990
073 85892
074 42074
075 35761
076 57657
077 82497
078 77845
079 31505
080 16100
081 68157
082 21881
083 96926
084 88089
085 91204
086 05640
087 23724
088 77396
089 22749
090 25525
091 45123
092 93908
093 09520
094 16410
095 40135
096 08135
097 48818
098 82712
099 44559
100 31163
101 35113
102 29543
103 55390
104 74072
105 70034
106 24825
107 54438
108 60498
109 06497
110 44624
111 -
112 40729
113 -
114 83966
115 15856
116 25624
117 73279
118 62810
119 00238
120 77636

