001 21061
002 98005
003 60099
004 60868
005 82122
006 11839
007 61960
008 08528
009 10149
010 28806
011 84322
012 98938
013 90669
014 62328
015 42010
016 70282
017 22379
018 41048
019 98247
020 25755
021 49757
022 64800
023 01940
024 31119
025 - -
026 03225
027 86088
028 28029
029 10773
030 01670
031 83085
032 01974
033 32943
034 72154
035 66878
036 08386
037 32410
038 10568
039 62181
040 28379
041 86055
042 15925
043 41797
044 12523
045 61060
046 02356
047 77200
048 98832
049 24681
050 17285
051 70180
052 40501
053 06177
054 12364
055 30900
056 09231
057 38279
058 00919
059 98225
060 90324
061 40929
062 44564
063 65056
064 15409
065 26915
066 47727
067 79007
068 39039
069 24414
070 32151
071 21054
072 08134
073 69568
074 56568
075 49045
076 88519
077 18336
078 79014
079 60547
080 86144
081 35488
082 67828
083 54064
084 59689
085 70328
086 72599
087 26386
088 58262
089 18623
090 66512
091 03571
092 65953
093 19789
094 87790
095 24526
096 77581
097 86308
098 87509
099 53703
100 17725
101 94849
102 92347
103 58613
104 74136
105 29002
106 10612
107 59083
108 25296
109 81448
110 87674
111 13941
112 44049
113 32239
114 58923
115 24533
116 06879
117 94254
118 56197
119 45970
120 17259

