001 67010
002 86036
003 42545
004 33612
005 91155
006 54115
007 80164
008 67310
009 48647
010 59362
011 56844
012 12591
013 79469
014 56502
015 81948
016 22807
017 27302
018 65445
019 50512
020 19284
021 92530
022 46305
023 05012
024 81513
025 03031
026 45465
027 44354
028 13541
029 99566
030 60709
031 97469
032 47436
033 06062
034 87367
035 61376
036 31006
037 71772
038 21302
039 25036
040 78209
041 92742
042 90360
043 98697
044 90128
045 19494
046 31974
047 51213
048 52883
049 50839
050 41712
051 28098
052 25840
053 24027
054 34048
055 16545
056 01814
057 62349
058 12884
059 42332
060 41032
061 20203
062 72054
063 95591
064 25380
065 04383
066 56041
067 94272
068 90078
069 17201
070 63025
071 47401
072 52763
073 29832
074 37733
075 47914
076 35118
077 57383
078 04901
079 39051
080 47547
081 50850
082 33243
083 71424
084 71190
085 09927
086 12771
087 21507
088 87554
089 22876
090 04758
091 28221
092 36457
093 57889
094 86233
095 59113
096 57901
097 79681
098 95180
099 54331
100 80376
101 85779
102 62084
103 03908
104 48973
105 95899
106 18005
107 79055
108 56026
109 42479
110 25344
111 95797
112 36434
113 07750
114 01365
115 70818
116 60180
117 71338
118 98017
119 67045
120 30887
