001 23638
002 57675
003 38971
004 99017
005 99568
006 79573
007 10909
008 20065
009 41523
010 06698
011 37882
012 12230
013 68272
014 85821
015 15979
016 77869
017 90458
018 31762
019 06542
020 04315
021 87581
022 34212
023 59465
024 29818
025 48904
026 77004
027 81377
028 16221
029 81923
030 61333
031 51708
032 53360
033 41092
034 21131
035 62687
036 93848
037 95418
038 25907
039 56539
040 56675
041 56835
042 03841
043 32120
044 00402
045 54830
046 57946
047 31921
048 54143
049 69868
050 93651
051 28266
052 94139
053 49413
054 35495
055 03519
056 61022
057 60987
058 29492
059 92218
060 58101
061 21102
062 48950
063 20133
064 67260
065 90917
066 89116
067 19534
068 11717
069 58258
070 85938
071 15556
072 25996
073 24597
074 07585
075 31598
076 18297
077 56579
078 45293
079 77691
080 10698
081 98246
082 31686
083 43376
084 35389
085 53215
086 78018
087 30660
088 28276
089 44668
090 77833
091 07060
092 54803
093 58207
094 19144
095 18831
096 53329
097 69834
098 31754
099 26286
100 38761
101 63128
102 04142
103 76872
104 18410
105 05642
106 18183
107 72560
108 09767
109 61003
110 16295
111 96855
112 13453
113 38701
114 98604
115 47797
116 77170
117 84467
118 65002
119 46403
120 82218
