001 14889
002 44066
003 68052
004 54381
005 19023
006 48729
007 02430
008 58454
009 72339
010 35972
011 28488
012 40431
013 92819
014 72768
015 84202
016 81177
017 30863
018 62015
019 54503
020 57088
021 94207
022 88642
023 70606
024 69627
025 48241
026 91175
027 58053
028 48039
029 72754
030 12046
031 07114
032 50667
033 57920
034 60411
035 56398
036 98971
037 95249
038 89651
039 12050
040 93580
041 66809
042 53142
043 50891
044 57738
045 34429
046 51207
047 05879
048 21825
049 15883
050 12295
051 35681
052 82576
053 36568
054 21888
055 07618
056 69900
057 95091
058 21915
059 21275
060 48447
061 56329
062 31475
063 59331
064 39310
065 46973
066 74625
067 95315
068 88180
069 45071
070 69174
071 46581
072 11757
073 63264
074 29118
075 99514
076 67819
077 69692
078 57945
079 84630
080 72981
081 47269
082 15494
083 40920
084 64582
085 97003
086 07631
087 50904
088 47659
089 39901
090 48020
091 43678
092 99339
093 54498
094 19699
095 32426
096 -
097 12386
098 46645
099 04521
100 80111
101 43416
102 52998
103 29217
104 12584
105 19809
106 22352
107 48442
108 19247
109 40034
110 31897
111 93887
112 18345
113 93791
114 69494
115 73716
116 15097
117 43948
118 82250
119 16735
120 43730
