001 32100
002 95171
003 85411
004 -
005 -
006 -
007 -
008 -
009 -
010 -
011 -
012 -
013 -
014 -
015 -
016 -
017 -
018 70776
019 92719
020 84164
021 98336
022 18603
023 38197
024 79244
025 15822
026 56220
027 48484
028 33022
029 53210
030 28076
031 60417
032 84435
033 84015
034 42703
035 24879
036 49804
037 84095
038 38944
039 42758
040 49904
041 37899
042 41872
043 63336
044 41064
045 42326
046 86579
047 01371
048 36776
049 41990
050 94107
051 07222
052 51618
053 25698
054 48712
055 99758
056 12721
057 99947
058 56876
059 52016
060 08603
061 84118
062 31811
063 99979
064 59453
065 16725
066 67653
067 79864
068 13945
069 16804
070 75908
071 81035
072 49538
073 54174
074 25663
075 77412
076 43652
077 56985
078 93842
079 10369
080 65293
081 89303
082 95890
083 97450
084 40196
085 01139
086 71211
087 80960
088 61680
089 17104
090 98601
091 01703
092 20668
093 66508
094 89049
095 11450
096 86638
097 17964
098 66796
099 22657
100 69269
101 24585
102 75215
103 79710
104 24713
105 39029
106 84375
107 54471
108 27041
109 54913
110 63457
111 52255
112 65674
113 65759
114 31755
115 34741
116 68584
117 24243
118 06350
119 76856
120 89969
