001 75586
002 61806
003 08200
004 51468
005 20309
006 20439
007 29164
008 90856
009 69989
010 93603
011 61468
012 30747
013 77022
014 02460
015 46155
016 50916
017 68428
018 92611
019 89789
020 84349
021 46190
022 34863
023 43055
024 86067
025 19061
026 91661
027 99861
028 76115
029 38199
030 98056
031 22588
032 87391
033 43788
034 94935
035 54776
036 26613
037 46541
038 67044
039 42094
040 66442
041 90954
042 96587
043 10716
044 77479
045 52315
046 62366
047 25251
048 83280
049 50588
050 20742
051 27420
052 77038
053 07577
054 76964
055 32858
056 59485
057 03824
058 34203
059 93060
060 45527
061 48382
062 63007
063 58305
064 70917
065 88428
066 93851
067 23317
068 22654
069 14360
070 25790
071 17146
072 30640
073 27291
074 22771
075 15883
076 19298
077 91036
078 34304
079 88790
080 30144
081 22779
082 63646
083 16868
084 10400
085 17734
086 80020
087 77310
088 97856
089 43899
090 09480
091 35585
092 37150
093 47319
094 07221
095 66722
096 74851
097 41857
098 86018
099 90190
100 46676
101 16164
102 27327
103 71754
104 28628
105 92686
106 41399
107 79218
108 79164
109 98600
110 43397
111 07335
112 95133
113 17494
114 16197
115 27893
116 62767
117 00282
118 68990
119 53345
120 38154

