001 50453
002 70189
003 89667
004 14409
005 65478
006 72280
007 55085
008 77335
009 65245
010 84169
011 93658
012 55461
013 79523
014 52265
015 10367
016 85733
017 97163
018 17296
019 18442
020 43370
021 33609
022 42131
023 33234
024 96047
025 05824
026 67220
027 96644
028 86549
029 36427
030 43342
031 58137
032 59283
033 84454
034 92029
035 73052
036 99766
037 63886
038 57380
039 88474
040 67515
041 88892
042 38928
043 44493
044 19298
045 24965
046 11950
047 62385
048 07981
049 62564
050 98916
051 86564
052 06881
053 01697
054 67993
055 06357
056 80859
057 14586
058 19877
059 49734
060 15786
061 78605
062 58142
063 94597
064 90384
065 79951
066 51839
067 01667
068 44330
069 97053
070 33393
071 53283
072 58399
073 96354
074 21119
075 12642
076 49630
077 26509
078 58508
079 76569
080 94582
081 34352
082 05028
083 61063
084 58563
085 44991
086 10931
087 01983
088 86400
089 07289
090 76667
091 53003
092 32297
093 64897
094 84522
095 17022
096 06961
097 69630
098 20936
099 62858
100 97772
101 10281
102 77213
103 80371
104 31502
105 77245
106 23705
107 40246
108 36655
109 56221
110 77041
111 91415
112 64407
113 70070
114 42746
115 27947
116 24616
117 87117
118 21362
119 66974
120 10434
