001 60311
002 76370
003 19346
004 93701
005 65604
006 06819
007 21277
008 55372
009 59147
010 20131
011 39245
012 93072
013 11585
014 14850
015 48458
016 59707
017 77778
018 35404
019 11825
020 39730
021 01101
022 34447
023 94439
024 19059
025 74752
026 93495
027 78577
028 14626
029 77983
030 28256
031 20693
032 81406
033 04226
034 22162
035 81414
036 46808
037 97701
038 87896
039 84721
040 34854
041 20949
042 46677
043 86471
044 17451
045 14095
046 95793
047 92848
048 44273
049 14019
050 49237
051 48141
052 11766
053 57735
054 81480
055 58997
056 14104
057 52376
058 33066
059 31840
060 66450
061 01493
062 81053
063 92106
064 02462
065 66254
066 14102
067 41113
068 89028
069 90072
070 97259
071 34722
072 26131
073 48676
074 44956
075 94662
076 39040
077 90093
078 71356
079 76091
080 15396
081 93967
082 60018
083 01324
084 23576
085 66269
086 63509
087 62893
088 54690
089 61805
090 92247
091 09712
092 05997
093 98709
094 18383
095 96784
096 20851
097 97639
098 16547
099 44289
100 27162
101 71154
102 07384
103 04781
104 60344
105 47136
106 78328
107 47845
108 64573
109 93787
110 84452
111 16127
112 43369
113 75643
114 03381
115 20462
116 12051
117 35344
118 19577
119 69764
120 45840

