001 63204
002 28885
003 23403
004 78598
005 74073
006 77512
007 94032
008 83113
009 55171
010 23630
011 10770
012 35052
013 04332
014 78937
015 59205
016 67676
017 15672
018 74536
019 00665
020 18759
021 23826
022 18801
023 76756
024 38305
025 43948
026 61497
027 48731
028 83221
029 02842
030 53863
031 96380
032 43019
033 70011
034 56564
035 47775
036 86452
037 52992
038 18417
039 44258
040 18864
041 60551
042 79440
043 82549
044 14717
045 27220
046 68360
047 86845
048 62693
049 20410
050 58124
051 91953
052 60015
053 75321
054 69513
055 95216
056 24584
057 36386
058 01088
059 89703
060 56877
061 09132
062 95143
063 21016
064 22268
065 33737
066 06105
067 61481
068 37744
069 05700
070 40091
071 53834
072 98094
073 28990
074 06248
075 29302
076 81900
077 38986
078 13495
079 02035
080 44098
081 80287
082 40203
083 57076
084 94378
085 36431
086 14243
087 12888
088 86576
089 03388
090 75941
091 50867
092 36111
093 83482
094 70692
095 59715
096 35705
097 52005
098 99058
099 99387
100 61065
101 94106
102 40428
103 00331
104 46931
105 47690
106 28911
107 52794
108 13848
109 62183
110 04170
111 51182
112 06307
113 15579
114 83376
115 90502
116 93259
117 59738
118 77980
119 46789
120 94224

