001 93450
002 68166
003 62303
004 29529
005 45299
006 41422
007 21305
008 19736
009 - -
010 - -
011 24534
012 81409
013 23704
014 83732
015 86251
016 54569
017 54709
018 05346
019 54910
020 63244
021 30269
022 44873
023 49750
024 15038
025 70647
026 81784
027 92262
028 90018
029 25197
030 87269
031 83356
032 72729
033 92890
034 38013
035 74630
036 31129
037 11546
038 80737
039 73574
040 25273
041 17413
042 00612
043 06855
044 67551
045 95230
046 30497
047 80618
048 02270
049 37357
050 92407
051 56619
052 56964
053 28344
054 37876
055 00513
056 40602
057 17624
058 84763
059 47738
060 58356
061 74278
062 10495
063 44548
064 81363
065 46883
066 12043
067 00628
068 06505
069 61166
070 66270
071 13022
072 35409
073 67519
074 09208
075 95339
076 36955
077 10676
078 75204
079 55546
080 42909
081 70066
082 59326
083 41652
084 71070
085 10817
086 81181
087 55869
088 69764
089 79709
090 61484
091 19077
092 33786
093 34984
094 30965
095 76388
096 16310
097 55075
098 37615
099 52503
100 79474
101 11195
102 62775
103 47218
104 47844
105 29542
106 21624
107 34096
108 64682
109 90493
110 60623
111 69196
112 78312
113 41319
114 71191
115 16776
116 96688
117 91057
118 30707
119 09740
120 83255

