001 95765
002 60579
003 34282
004 60248
005 28610
006 10095
007 00007
008 06440
009 80891
010 75236
011 50993
012 34336
013 51049
014 05962
015 80901
016 06021
017 21959
018 83054
019 41629
020 24171
021 94574
022 67495
023 59278
024 85664
025 95689
026 39998
027 13563
028 40689
029 41267
030 02615
031 21274
032 67257
033 46758
034 09690
035 55697
036 93257
037 47980
038 43741
039 55994
040 21467
041 13597
042 45058
043 71497
044 45335
045 74246
046 28054
047 26508
048 11921
049 79434
050 11203
051 64592
052 90203
053 14992
054 66092
055 43376
056 37554
057 05496
058 14730
059 14058
060 50725
061 14090
062 18090
063 52631
064 27536
065 88289
066 69354
067 56899
068 01856
069 85212
070 83349
071 81325
072 00962
073 65214
074 27494
075 20959
076 28532
077 72261
078 21915
079 91378
080 77877
081 44346
082 49209
083 76387
084 79080
085 69419
086 34025
087 84345
088 86140
089 71214
090 42308
091 92781
092 64677
093 48197
094 14861
095 81369
096 15074
097 43138
098 58802
099 13166
100 02341
101 35018
102 45626
103 31987
104 55370
105 55563
106 15655
107 65991
108 35484
109 68005
110 23896
111 61868
112 38874
113 00796
114 03389
115 02481
116 87814
117 17387
118 01787
119 72681
120 35651

