001 74999
002 38196
003 32336
004 59562
005 47205
006 30836
007 01671
008 95367
009 09776
010 26490
011 08114
012 35285
013 53020
014 63492
015 95543
016 32919
017 28540
018 48082
019 77889
020 38891
021 95566
022 45112
023 46635
024 33241
025 40193
026 41662
027 62028
028 29749
029 49709
030 07414
031 83253
032 38423
033 81649
034 24149
035 06565
036 39922
037 71499
038 97572
039 43917
040 75045
041 38997
042 15433
043 01418
044 75364
045 58388
046 82812
047 47954
048 87938
049 77783
050 32393
051 49001
052 88357
053 36774
054 82792
055 26941
056 21701
057 18738
058 01974
059 10701
060 61033
061 64074
062 03543
063 32636
064 45828
065 24963
066 04860
067 96989
068 85107
069 28070
070 24672
071 76382
072 45728
073 14789
074 07038
075 30724
076 66501
077 87353
078 75030
079 62017
080 17047
081 31170
082 62337
083 05432
084 22840
085 74570
086 48092
087 74834
088 36606
089 65757
090 30068
091 86546
092 84157
093 60470
094 50963
095 44460
096 94170
097 76769
098 78690
099 14068
100 17679
101 11408
102 40984
103 03944
104 49321
105 94867
106 32557
107 79602
108 75867
109 28162
110 88274
111 50490
112 37807
113 95437
114 74523
115 89221
116 15677
117 27743
118 86251
119 34917
120 69022
