001 47400
002 90385
003 46179
004 89354
005 19162
006 89799
007 04820
008 88277
009 61212
010 32565
011 30080
012 71867
013 13309
014 76378
015 40721
016 17551
017 14191
018 45542
019 77569
020 20748
021 58956
022 44978
023 08657
024 91657
025 88547
026 09381
027 36973
028 22995
029 84378
030 28006
031 93116
032 56221
033 58643
034 35172
035 60562
036 04820
037 75798
038 48434
039 49901
040 53426
041 09974
042 04872
043 34656
044 77885
045 40413
046 97167
047 19578
048 14033
049 00073
050 32293
051 02136
052 76191
053 77761
054 42926
055 51945
056 82795
057 75492
058 29153
059 59485
060 55689
061 96106
062 36752
063 82049
064 48453
065 73300
066 99264
067 28704
068 00281
069 44554
070 74928
071 45592
072 78423
073 02846
074 85513
075 57530
076 90136
077 94855
078 44596
079 37236
080 95837
081 93317
082 69339
083 35414
084 68047
085 98603
086 41414
087 03648
088 90065
089 22515
090 83754
091 48066
092 56897
093 15851
094 42617
095 24986
096 33630
097 69175
098 26968
099 96001
100 96332
101 84765
102 95691
103 68887
104 78610
105 21158
106 70235
107 60963
108 75062
109 51321
110 37613
111 -
112 -
113 -
114 -
115 -
116 -
117 -
118 -
119 -
120 75530
