001 61700
002 58215
003 01644
004 31920
005 84890
006 64984
007 65102
008 15976
009 17241
010 86938
011 21536
012 04595
013 68666
014 54908
015 20304
016 15118
017 46331
018 88235
019 21556
020 92496
021 12576
022 24555
023 55813
024 02113
025 19075
026 97942
027 62312
028 88995
029 68211
030 76448
031 86941
032 66290
033 21235
034 69459
035 04782
036 48279
037 50045
038 97706
039 42310
040 87334
041 33808
042 12144
043 16044
044 73081
045 58819
046 19072
047 03346
048 63991
049 72901
050 55759
051 27933
052 84614
053 29962
054 57770
055 54841
056 51488
057 75257
058 77184
059 84913
060 98945
061 57548
062 66132
063 46952
064 30238
065 52549
066 51357
067 32612
068 25803
069 17251
070 63306
071 89834
072 24879
073 92671
074 57619
075 90591
076 73672
077 30152
078 48198
079 10706
080 59040
081 87237
082 08033
083 26349
084 49562
085 58453
086 62752
087 58876
088 11065
089 61067
090 24810
091 63969
092 44579
093 46931
094 18066
095 10875
096 53926
097 -
098 82531
099 98886
100 35060
101 03528
102 11041
103 97612
104 65038
105 09792
106 70104
107 46441
108 96124
109 72186
110 55915
111 10710
112 21119
113 56804
114 42234
115 43959
116 88807
117 68194
118 14269
119 69649
120 38821

