001 74110
002 58312
003 07255
004 75911
005 98412
006 54673
007 25997
008 19899
009 23742
010 20691
011 90007
012 32011
013 88822
014 68011
015 34990
016 16209
017 21900
018 17539
019 27514
020 96130
021 83896
022 50955
023 72719
024 77016
025 17671
026 31931
027 23138
028 78934
029 44356
030 15722
031 74665
032 20664
033 72572
034 67136
035 88754
036 75060
037 46258
038 69506
039 08808
040 23544
041 52078
042 52886
043 65376
044 76551
045 74237
046 67074
047 00192
048 01184
049 36133
050 16151
051 65742
052 26815
053 56048
054 87739
055 54572
056 17999
057 68874
058 35188
059 84919
060 81371
061 22860
062 61866
063 88549
064 95791
065 65457
066 61214
067 60548
068 97834
069 73664
070 17883
071 10261
072 16403
073 06582
074 83328
075 45164
076 32702
077 65306
078 18551
079 91181
080 10425
081 70799
082 13444
083 35826
084 88883
085 08288
086 35994
087 16102
088 48231
089 49704
090 00003
091 12309
092 92492
093 51997
094 92577
095 05190
096 40547
097 62108
098 75540
099 93843
100 33792
101 67087
102 79083
103 24223
104 53629
105 62270
106 35846
107 61687
108 08866
109 99107
110 26457
111 49160
112 97255
113 04115
114 25429
115 95037
116 63253
117 64401
118 71747
119 76440
120 02050
