001 42232
002 04513
003 32886
004 25284
005 40312
006 81072
007 57596
008 67095
009 40847
010 91497
011 40794
012 82805
013 48793
014 34490
015 39337
016 81659
017 28110
018 71091
019 58284
020 13136
021 72481
022 68968
023 81143
024 15563
025 19371
026 50065
027 57591
028 40821
029 80485
030 35261
031 29796
032 21458
033 91999
034 11742
035 63726
036 66794
037 05571
038 96823
039 15552
040 58141
041 07558
042 73524
043 81763
044 09108
045 01019
046 25931
047 06929
048 57301
049 39595
050 66517
051 51791
052 25190
053 13755
054 82049
055 16337
056 81564
057 82945
058 93910
059 49844
060 61283
061 20401
062 63123
063 25676
064 55194
065 52860
066 65249
067 78776
068 08504
069 31095
070 46466
071 30944
072 18228
073 43763
074 06358
075 59425
076 40142
077 38192
078 35385
079 46631
080 96065
081 77628
082 70824
083 87151
084 37693
085 11816
086 61635
087 79665
088 71524
089 96595
090 89708
091 60137
092 61170
093 11265
094 00969
095 41242
096 42226
097 83804
098 76397
099 93275
100 96159
101 60727
102 18304
103 95500
104 59066
105 15533
106 60607
107 33237
108 66672
109 67286
110 43955
111 35933
112 45091
113 75231
114 47285
115 38754
116 61849
117 33420
118 59079
119 52710
120 72603
