001 99919
002 83308
003 58051
004 72423
005 85933
006 54124
007 30374
008 57698
009 44717
010 78215
011 26337
012 16886
013 96505
014 40514
015 02138
016 29688
017 07202
018 80619
019 43879
020 95978
021 57825
022 83489
023 45002
024 49345
025 48610
026 50316
027 87443
028 95807
029 59107
030 62190
031 85830
032 15153
033 11892
034 72623
035 01980
036 94340
037 87895
038 54277
039 87936
040 10538
041 87297
042 61165
043 20907
044 27834
045 23147
046 85979
047 67675
048 54353
049 07402
050 17773
051 64686
052 70301
053 06512
054 69776
055 20108
056 94553
057 74510
058 51717
059 02286
060 26779
061 17374
062 53131
063 86348
064 92056
065 60752
066 87731
067 34183
068 75125
069 59264
070 86791
071 97057
072 81787
073 87923
074 74336
075 85396
076 28842
077 26177
078 93724
079 33345
080 91295
081 56186
082 91584
083 91811
084 35791
085 25667
086 53720
087 85189
088 37180
089 21192
090 74991
091 43747
092 14869
093 47443
094 23653
095 27898
096 16127
097 33429
098 03359
099 09583
100 96465
101 13431
102 99817
103 10147
104 29799
105 07995
106 60874
107 79885
108 90538
109 81728
110 29057
111 69371
112 52233
113 92992
114 46817
115 59348
116 18233
117 89760
118 06170
119 61126
120 27419
