001 02475
002 26304
003 55684
004 20037
005 91438
006 91197
007 57858
008 90930
009 53314
010 54685
011 43980
012 17353
013 35734
014 90134
015 80412
016 39207
017 09800
018 17726
019 09489
020 00272
021 02834
022 02067
023 13415
024 72533
025 58780
026 64453
027 23089
028 76944
029 44622
030 58177
031 48166
032 70669
033 58265
034 35025
035 43805
036 87508
037 15488
038 77594
039 27373
040 41211
041 41024
042 19749
043 26695
044 67584
045 49957
046 92979
047 99226
048 73046
049 11800
050 14371
051 70521
052 39307
053 41696
054 53959
055 81625
056 79862
057 78988
058 76556
059 28146
060 57841
061 03783
062 50527
063 91943
064 41724
065 13200
066 56527
067 29300
068 04382
069 60080
070 83365
071 55265
072 47080
073 72507
074 95479
075 76788
076 61427
077 63733
078 98775
079 58058
080 54718
081 98326
082 53696
083 28190
084 57900
085 65564
086 53482
087 04141
088 21061
089 66154
090 81849
091 91625
092 16865
093 59832
094 89166
095 32786
096 27407
097 30005
098 09121
099 13421
100 00005
101 30621
102 01259
103 38872
104 49518
105 15052
106 74403
107 10360
108 32191
109 24638
110 78541
111 20438
112 77113
113 48490
114 32841
115 37520
116 99660
117 07113
118 17102
119 99573
120 01880

