001 87202
002 78878
003 10656
004 86032
005 13304
006 05378
007 43264
008 20658
009 98967
010 73359
011 30163
012 10539
013 55908
014 04635
015 73668
016 25796
017 50634
018 77138
019 19678
020 79870
021 38167
022 63626
023 30357
024 06907
025 53920
026 35686
027 00896
028 27977
029 22153
030 43204
031 74515
032 03864
033 59216
034 80670
035 76806
036 93362
037 25012
038 86238
039 32958
040 50521
041 28936
042 91284
043 35468
044 91636
045 41867
046 41339
047 15752
048 16351
049 70542
050 09583
051 08115
052 91226
053 64878
054 95674
055 55290
056 23289
057 12203
058 96735
059 10781
060 35475
061 99488
062 51826
063 18260
064 64570
065 95985
066 79404
067 26381
068 55998
069 69441
070 01493
071 18275
072 56851
073 49258
074 93120
075 69883
076 85164
077 68978
078 23515
079 78934
080 35944
081 32930
082 21255
083 15438
084 32893
085 90635
086 08870
087 04675
088 31852
089 51095
090 09000
091 51947
092 83895
093 21194
094 91894
095 59011
096 95932
097 50750
098 81636
099 13674
100 47237
101 59244
102 39696
103 68716
104 62177
105 16327
106 90249
107 97756
108 52662
109 31673
110 84970
111 60850
112 35262
113 09987
114 33763
115 38415
116 31053
117 71003
118 71457
119 61538
120 38975
