001 16289
002 89421
003 82045
004 57381
005 76702
006 34506
007 11464
008 91467
009 53908
010 80520
011 86259
012 40658
013 41428
014 87886
015 15400
016 09003
017 21076
018 12975
019 81960
020 90645
021 32289
022 08730
023 43862
024 41037
025 22006
026 46548
027 23374
028 21197
029 03847
030 49596
031 97172
032 35481
033 03536
034 16889
035 82430
036 10189
037 49683
038 08603
039 01898
040 90798
041 28210
042 50744
043 56581
044 56818
045 61120
046 42290
047 76307
048 34525
049 72221
050 53829
051 04475
052 18754
053 75014
054 09700
055 81997
056 94257
057 34998
058 09117
059 72694
060 23809
061 15988
062 63155
063 62085
064 67571
065 12764
066 91672
067 65370
068 68878
069 14955
070 76296
071 59369
072 89613
073 35363
074 33796
075 93260
076 40031
077 14388
078 26902
079 45057
080 48465
081 64106
082 68574
083 70989
084 77932
085 50111
086 82017
087 48283
088 30510
089 95751
090 90714
091 20838
092 24574
093 62980
094 95607
095 03391
096 52452
097 01217
098 03975
099 45762
100 48016
101 67555
102 81684
103 25322
104 35833
105 92718
106 87470
107 58684
108 54707
109 10037
110 30220
111 91571
112 84201
113 05900
114 30183
115 84569
116 27308
117 87663
118 59935
119 92746
120 74137

