001 10363
002 92855
003 46122
004 79298
005 57150
006 08521
007 64768
008 30208
009 -
010 53806
011 72928
012 34447
013 74049
014 85065
015 88279
016 51863
017 50402
018 38234
019 96697
020 -
021 47882
022 03876
023 39138
024 47757
025 74034
026 67060
027 72561
028 50351
029 23863
030 57866
031 10757
032 15223
033 21146
034 58748
035 80655
036 61037
037 47434
038 05875
039 96686
040 81765
041 57279
042 51945
043 12446
044 08942
045 30677
046 30244
047 00586
048 79454
049 68251
050 88185
051 55061
052 30485
053 11002
054 43489
055 82709
056 79760
057 07793
058 28137
059 13938
060 57912
061 65289
062 95528
063 45138
064 31182
065 89606
066 70614
067 16813
068 09440
069 36129
070 80381
071 24834
072 89436
073 36066
074 04103
075 15227
076 22202
077 18255
078 92693
079 43515
080 27740
081 26991
082 00713
083 84507
084 71806
085 17812
086 62684
087 76617
088 41082
089 22317
090 50665
091 81763
092 72641
093 68440
094 10710
095 13835
096 23299
097 31104
098 75543
099 11050
100 01547
101 09576
102 33823
103 39072
104 82544
105 32718
106 63047
107 28649
108 93205
109 71570
110 80615
111 58697
112 42382
113 37124
114 96811
115 86934
116 31650
117 83102
118 75909
119 84273
120 06787

