001 00675
002 13382
003 75543
004 48234
005 18900
006 83436
007 77198
008 39487
009 48092
010 52957
011 02016
012 14644
013 20660
014 60536
015 95109
016 52059
017 92640
018 14834
019 36450
020 30117
021 29632
022 96568
023 63608
024 40507
025 31149
026 79836
027 53034
028 47920
029 13579
030 69636
031 85029
032 62542
033 36135
034 27837
035 02416
036 69087
037 57470
038 66038
039 71702
040 50849
041 75289
042 25131
043 73554
044 82620
045 74074
046 62461
047 74196
048 71564
049 86570
050 41096
051 07574
052 08203
053 78004
054 77360
055 79901
056 74348
057 64616
058 46273
059 52102
060 36774
061 05260
062 87122
063 45233
064 31887
065 63349
066 26800
067 01581
068 00194
069 73229
070 23113
071 53813
072 06190
073 83375
074 18555
075 04058
076 35380
077 91395
078 05418
079 29116
080 41097
081 66758
082 03980
083 37062
084 19450
085 24413
086 34236
087 50946
088 51821
089 01028
090 35578
091 62994
092 95386
093 83239
094 46106
095 34848
096 30810
097 12513
098 98588
099 24200
100 28835
101 03446
102 65051
103 87777
104 11866
105 83556
106 52318
107 45812
108 96755
109 11897
110 26661
111 93835
112 51138
113 41005
114 81650
115 57148
116 34192
117 19023
118 30058
119 94313
120 68891
