001 56748
002 75843
003 58321
004 08189
005 42628
006 72371
007 81631
008 93260
009 93784
010 38760
011 97198
012 25604
013 47457
014 61591
015 41843
016 95319
017 04711
018 56169
019 28116
020 88649
021 24210
022 84745
023 69032
024 53893
025 02104
026 61367
027 12812
028 41215
029 26574
030 24671
031 83499
032 86897
033 71477
034 02106
035 70305
036 48389
037 20470
038 62237
039 91696
040 79019
041 73739
042 34287
043 63383
044 59213
045 00682
046 78499
047 38730
048 34376
049 03676
050 24900
051 92579
052 33191
053 23260
054 67050
055 25850
056 12586
057 84686
058 65766
059 47491
060 07969
061 91119
062 90112
063 02050
064 08521
065 44598
066 44048
067 05724
068 09514
069 35463
070 38550
071 79919
072 92320
073 15852
074 63355
075 32038
076 31585
077 34977
078 56809
079 66202
080 07932
081 57640
082 03084
083 34646
084 33116
085 80295
086 67932
087 53332
088 55314
089 08525
090 12945
091 48369
092 23097
093 60529
094 09065
095 23525
096 18628
097 75550
098 81488
099 84577
100 39384
101 81109
102 42462
103 17274
104 53243
105 99139
106 18848
107 70905
108 24810
109 84080
110 88860
111 34511
112 47308
113 80541
114 82778
115 61741
116 46798
117 70936
118 44415
119 45995
120 96324

