001 97125
002 90341
003 34877
004 88677
005 62855
006 09980
007 15897
008 74942
009 11443
010 78108
011 98575
012 44373
013 41496
014 60479
015 87015
016 53791
017 53984
018 37280
019 55228
020 48192
021 51009
022 23404
023 84370
024 58390
025 47559
026 36364
027 51823
028 44046
029 56820
030 54108
031 33297
032 17756
033 53959
034 73935
035 84382
036 93460
037 10453
038 02519
039 54340
040 45837
041 63594
042 18002
043 87938
044 38323
045 59466
046 55997
047 70448
048 25287
049 06159
050 28209
051 18479
052 05050
053 20362
054 79279
055 20455
056 34240
057 65281
058 71244
059 80121
060 31208
061 48795
062 37637
063 64508
064 59639
065 55239
066 33776
067 46671
068 72735
069 67665
070 21656
071 70808
072 28747
073 35838
074 24486
075 88004
076 78144
077 51415
078 76705
079 26130
080 23149
081 38621
082 36777
083 78293
084 63674
085 95420
086 25127
087 25035
088 63438
089 65994
090 41616
091 01367
092 11952
093 31675
094 63427
095 92432
096 30143
097 36889
098 86684
099 88462
100 46798
101 80214
102 64531
103 80353
104 36892
105 23623
106 36626
107 87462
108 79295
109 12084
110 47414
111 91865
112 23608
113 95717
114 18073
115 80817
116 29149
117 37796
118 83962
119 67834
120 73259
