001 30989
002 08595
003 07772
004 13624
005 45129
006 06648
007 11358
008 54264
009 26301
010 72744
011 73395
012 74879
013 23410
014 43567
015 48704
016 68748
017 78592
018 46410
019 03064
020 40889
021 96403
022 43211
023 85130
024 60161
025 44772
026 21905
027 95690
028 51628
029 92116
030 12549
031 21702
032 21808
033 60506
034 92853
035 02056
036 48311
037 33302
038 91041
039 31751
040 83661
041 27883
042 19504
043 52951
044 74303
045 10907
046 04887
047 27857
048 85535
049 72029
050 05847
051 50363
052 15317
053 35390
054 21721
055 62768
056 14234
057 09782
058 71783
059 27964
060 06430
061 85204
062 15797
063 77127
064 57890
065 12330
066 84915
067 65735
068 86046
069 29774
070 35020
071 37489
072 88047
073 55570
074 61986
075 81422
076 26401
077 67681
078 69879
079 28585
080 47612
081 27981
082 49491
083 34103
084 92635
085 00495
086 66785
087 65728
088 59215
089 08549
090 05495
091 40658
092 74406
093 92045
094 72974
095 12805
096 03416
097 95271
098 20838
099 86823
100 11348
101 68923
102 10668
103 59502
104 62835
105 35642
106 53184
107 78739
108 63092
109 44262
110 42494
111 97228
112 72380
113 71775
114 71489
115 25158
116 85565
117 94951
118 55168
119 63860
120 48025
