001 85125
002 84934
003 46380
004 84823
005 85370
006 76373
007 84887
008 68233
009 70720
010 02287
011 02163
012 84467
013 33184
014 87800
015 50906
016 69876
017 87541
018 11042
019 28889
020 46461
021 82759
022 05621
023 59673
024 48528
025 72876
026 05476
027 24637
028 70187
029 01233
030 76680
031 14194
032 61062
033 03192
034 60979
035 12777
036 58681
037 99128
038 86930
039 13937
040 93389
041 19604
042 88997
043 89376
044 27306
045 55927
046 03498
047 20536
048 95722
049 28709
050 22252
051 63003
052 41929
053 06797
054 60607
055 40005
056 71402
057 33940
058 60867
059 95970
060 22008
061 40854
062 97093
063 91011
064 01225
065 39588
066 25623
067 69230
068 71032
069 51611
070 06027
071 03515
072 64565
073 52791
074 95549
075 30017
076 77281
077 01338
078 48865
079 01489
080 98587
081 77932
082 41345
083 44212
084 26425
085 37572
086 55131
087 36295
088 66444
089 72959
090 95328
091 12439
092 02416
093 80536
094 10036
095 32962
096 34529
097 15892
098 87459
099 67321
100 89984
101 04110
102 81692
103 98357
104 42049
105 63986
106 91227
107 51235
108 82991
109 67602
110 90588
111 07276
112 80959
113 84715
114 80908
115 71754
116 89885
117 09622
118 22280
119 80697
120 27137
