001 05435
002 44258
003 31698
004 81460
005 89079
006 61900
007 19481
008 56638
009 18145
010 08465
011 48118
012 24417
013 26933
014 99181
015 22687
016 62176
017 60981
018 14791
019 23561
020 59579
021 35673
022 28477
023 05303
024 60825
025 36081
026 20887
027 41305
028 59579
029 18460
030 01954
031 79559
032 08817
033 90699
034 51649
035 49418
036 94951
037 55453
038 90927
039 85708
040 23893
041 15060
042 39514
043 03780
044 66476
045 98447
046 52313
047 69231
048 36080
049 17087
050 84342
051 53111
052 84681
053 95966
054 50823
055 22540
056 58411
057 68170
058 17909
059 12281
060 91308
061 86841
062 08653
063 98964
064 08227
065 11279
066 78016
067 01966
068 83680
069 92243
070 82994
071 76118
072 50409
073 77824
074 10469
075 39558
076 75273
077 08783
078 54315
079 65604
080 23026
081 23935
082 26775
083 28632
084 60196
085 92607
086 58715
087 30593
088 44680
089 20968
090 52360
091 47242
092 46942
093 10791
094 58031
095 30424
096 69432
097 22662
098 38581
099 10273
100 12041
101 49781
102 08960
103 89434
104 42302
105 18798
106 78468
107 29934
108 66119
109 97283
110 15216
111 -
112 15928
113 -
114 -
115 -
116 -
117 -
118 -
119 -
120 -

