001 79188
002 15699
003 67150
004 11991
005 -
006 70624
007 79668
008 82172
009 74346
010 49469
011 09006
012 32672
013 01875
014 60586
015 57756
016 38033
017 57518
018 85807
019 85932
020 84985
021 05090
022 90741
023 20643
024 62638
025 56905
026 70724
027 97041
028 46577
029 02431
030 12427
031 51414
032 54809
033 46077
034 69676
035 86056
036 44190
037 28512
038 30220
039 68388
040 87590
041 23073
042 57151
043 16457
044 04359
045 98136
046 93503
047 95901
048 76993
049 75105
050 05298
051 08246
052 25178
053 85188
054 05391
055 35657
056 12510
057 45693
058 61799
059 97456
060 41362
061 71099
062 65294
063 57270
064 81223
065 12000
066 12995
067 94411
068 19560
069 31071
070 76247
071 87085
072 37589
073 82971
074 66920
075 80019
076 62258
077 47567
078 66021
079 90248
080 72385
081 90542
082 33916
083 37768
084 65456
085 11793
086 59730
087 93032
088 38287
089 58130
090 49261
091 36281
092 60275
093 10626
094 37649
095 28711
096 76726
097 97020
098 40713
099 49253
100 64056
101 57638
102 87762
103 71326
104 26666
105 41035
106 77055
107 64260
108 43593
109 21856
110 01945
111 87195
112 99515
113 27397
114 95689
115 43712
116 24676
117 -
118 48236
119 67718
120 09477

