001 89142
002 46069
003 70552
004 32852
005 25336
006 08991
007 08084
008 56117
009 62712
010 83657
011 91397
012 73518
013 68868
014 26268
015 14052
016 30491
017 49670
018 13473
019 34306
020 69984
021 69176
022 29963
023 90990
024 12345
025 01558
026 13241
027 33443
028 17339
029 45873
030 13908
031 65610
032 09169
033 92676
034 93496
035 79771
036 18285
037 49292
038 06278
039 92529
040 25805
041 41897
042 79148
043 06011
044 77668
045 22378
046 37205
047 60867
048 91420
049 29573
050 75669
051 40253
052 86308
053 32467
054 36899
055 89407
056 58509
057 39166
058 81828
059 94937
060 72171
061 69709
062 47524
063 11596
064 28405
065 91274
066 40798
067 71068
068 74973
069 91141
070 10435
071 32131
072 32390
073 97980
074 63430
075 65667
076 41180
077 50113
078 82029
079 79310
080 19048
081 10744
082 97115
083 35075
084 19954
085 91415
086 83438
087 62392
088 85456
089 30054
090 72075
091 75799
092 54428
093 22645
094 90364
095 99078
096 94295
097 32317
098 51267
099 86925
100 33627
101 35550
102 61189
103 64125
104 22201
105 85915
106 31473
107 05781
108 75826
109 38000
110 40350
111 41279
112 07443
113 -
114 -
115 -
116 -
117 -
118 -
119 -
120 20838
