001 19639
002 50861
003 64644
004 63588
005 55555
006 84025
007 70119
008 50628
009 60290
010 73571
011 21908
012 84524
013 99033
014 50313
015 33489
016 28850
017 04819
018 47105
019 73302
020 93936
021 60029
022 87041
023 10522
024 23486
025 17070
026 84007
027 71174
028 48102
029 65533
030 37207
031 56099
032 85897
033 55636
034 35794
035 20998
036 72355
037 98279
038 84242
039 38754
040 71524
041 67745
042 48644
043 00795
044 19677
045 83737
046 89361
047 97619
048 60245
049 70049
050 49207
051 38155
052 81482
053 61365
054 06442
055 54063
056 53724
057 68428
058 74479
059 15683
060 93847
061 53158
062 46020
063 40497
064 10888
065 28768
066 30425
067 35343
068 16320
069 13063
070 64495
071 54832
072 74404
073 00710
074 50068
075 88475
076 64283
077 15977
078 84326
079 92180
080 87749
081 48230
082 50973
083 15933
084 67838
085 96373
086 56456
087 31507
088 06538
089 24044
090 56409
091 45010
092 71688
093 45790
094 73698
095 19204
096 88854
097 31913
098 18503
099 61957
100 23591
101 88919
102 11217
103 25801
104 08636
105 84878
106 38425
107 19504
108 59976
109 18818
110 13880
111 39453
112 46381
113 15334
114 33454
115 13504
116 98741
117 85651
118 53632
119 74489
120 82810
