001 83423
002 94760
003 53276
004 87174
005 36019
006 97482
007 89686
008 01427
009 08709
010 10737
011 84522
012 09120
013 33242
014 04197
015 01212
016 30806
017 17526
018 31013
019 35242
020 76174
021 16982
022 83738
023 07601
024 13470
025 40116
026 66993
027 26303
028 68765
029 38072
030 54072
031 90107
032 01746
033 43331
034 07749
035 15360
036 97410
037 03717
038 07421
039 56182
040 01258
041 00206
042 27696
043 16670
044 58274
045 11619
046 08308
047 42367
048 62135
049 28919
050 03520
051 25064
052 92171
053 70440
054 33785
055 67606
056 42661
057 61814
058 88478
059 75051
060 24832
061 43197
062 77891
063 24344
064 83861
065 28862
066 62923
067 25154
068 58326
069 79948
070 74276
071 82583
072 36899
073 98228
074 63633
075 11542
076 21531
077 27335
078 88341
079 53425
080 50423
081 43720
082 11408
083 79380
084 14906
085 76437
086 03003
087 50105
088 43474
089 70745
090 61845
091 60583
092 30371
093 71393
094 40415
095 49986
096 55191
097 35250
098 54741
099 85818
100 69926
101 73668
102 23930
103 94678
104 63408
105 85576
106 78092
107 64743
108 92760
109 13924
110 82219
111 60817
112 39477
113 93135
114 03857
115 38835
116 31426
117 99136
118 83751
119 47669
120 38276

