001 37360
002 25072
003 05248
004 32829
005 56105
006 48162
007 41911
008 48564
009 17128
010 46991
011 54269
012 56582
013 11560
014 57078
015 23765
016 42108
017 13683
018 38786
019 50174
020 50503
021 56220
022 71298
023 34368
024 96609
025 16222
026 65587
027 93605
028 79870
029 99020
030 54505
031 39991
032 31600
033 57249
034 40133
035 38010
036 72833
037 75177
038 99360
039 49225
040 71038
041 93608
042 85674
043 45407
044 56814
045 73298
046 90726
047 32433
048 54997
049 89193
050 08210
051 17152
052 83644
053 99468
054 38021
055 18180
056 35888
057 65014
058 00268
059 76973
060 80383
061 87103
062 94250
063 76437
064 65611
065 60626
066 56206
067 20146
068 76496
069 56679
070 44888
071 12981
072 50757
073 30312
074 83511
075 04780
076 51900
077 20782
078 38538
079 50957
080 28855
081 25733
082 30841
083 40214
084 53141
085 16303
086 17578
087 61198
088 30050
089 59328
090 03424
091 29424
092 03951
093 56678
094 63651
095 49056
096 47301
097 21271
098 06742
099 59207
100 36637
101 78243
102 09494
103 91254
104 71573
105 46628
106 40447
107 07289
108 79466
109 30286
110 27073
111 -
112 -
113 27175
114 18642
115 46649
116 48473
117 88028
118 75960
119 85272
120 22034

