001 54244
002 91811
003 79160
004 26112
005 55585
006 92183
007 50332
008 36601
009 16825
010 -
011 90885
012 93533
013 48961
014 65699
015 18660
016 27077
017 95193
018 14019
019 08478
020 73987
021 80074
022 51522
023 58849
024 05295
025 51604
026 90933
027 28433
028 71507
029 40789
030 70736
031 89430
032 21450
033 14555
034 55872
035 70324
036 03417
037 65402
038 22562
039 22139
040 09148
041 52121
042 05462
043 47580
044 06022
045 16125
046 47807
047 91058
048 47664
049 00666
050 70516
051 65681
052 28272
053 91317
054 21225
055 23864
056 76158
057 02999
058 46498
059 84647
060 30501
061 45272
062 74624
063 30499
064 48621
065 92326
066 95675
067 34418
068 18223
069 95416
070 74410
071 80978
072 79442
073 32741
074 83979
075 93796
076 15881
077 41952
078 69175
079 58023
080 80794
081 66756
082 60179
083 79470
084 07506
085 06886
086 77725
087 43999
088 83132
089 11177
090 59094
091 32897
092 10538
093 91174
094 79543
095 60245
096 45007
097 99724
098 02547
099 64593
100 71127
101 56836
102 98675
103 06173
104 24092
105 04894
106 05710
107 10378
108 25780
109 46722
110 90410
111 54275
112 46828
113 14735
114 42406
115 28710
116 21055
117 37809
118 63273
119 36648
120 58475

