001 72012
002 13082
003 79879
004 15028
005 86031
006 37806
007 40605
008 85215
009 91056
010 37327
011 06664
012 20615
013 77155
014 50829
015 91273
016 38335
017 41315
018 83427
019 86014
020 58539
021 50577
022 75441
023 77623
024 08617
025 10213
026 54202
027 78170
028 79091
029 76115
030 82922
031 46202
032 82918
033 69989
034 84224
035 66802
036 89969
037 96206
038 43602
039 97561
040 67370
041 77113
042 45489
043 02812
044 82528
045 07493
046 43401
047 83175
048 62779
049 85440
050 57002
051 06738
052 03837
053 66512
054 82134
055 46359
056 92265
057 48654
058 98844
059 89571
060 37179
061 80668
062 76789
063 34672
064 20199
065 29470
066 53084
067 48403
068 83576
069 64554
070 71088
071 49915
072 96757
073 38527
074 52303
075 63768
076 22572
077 02491
078 51160
079 06404
080 35018
081 20197
082 81465
083 70881
084 12065
085 64819
086 08405
087 15761
088 78774
089 49327
090 00380
091 94936
092 77655
093 12496
094 69575
095 07662
096 60147
097 77118
098 68836
099 43998
100 28108
101 06698
102 10540
103 70790
104 37934
105 40782
106 31860
107 90125
108 73207
109 24420
110 43429
111 51051
112 92276
113 67810
114 79658
115 63536
116 92918
117 39265
118 24177
119 59353
120 56704
