001 11898
002 67896
003 76049
004 44983
005 83972
006 15969
007 16726
008 30124
009 81732
010 29589
011 99571
012 90610
013 80739
014 58605
015 99383
016 02240
017 76191
018 95985
019 76501
020 52680
021 75716
022 39051
023 19580
024 99926
025 21274
026 20173
027 04353
028 95500
029 27685
030 73812
031 17599
032 66239
033 59963
034 67290
035 51933
036 96471
037 92271
038 99561
039 19336
040 05580
041 48822
042 42717
043 46834
044 34013
045 73456
046 73328
047 00845
048 20166
049 68515
050 42294
051 62841
052 67016
053 09517
054 07575
055 34014
056 31433
057 83756
058 63670
059 14152
060 21261
061 29783
062 51131
063 05647
064 11334
065 13953
066 25296
067 56530
068 66629
069 54580
070 77174
071 58078
072 28831
073 21958
074 75773
075 13105
076 12374
077 83904
078 34637
079 34549
080 87864
081 70502
082 89519
083 37109
084 17067
085 75712
086 34314
087 99059
088 69930
089 71569
090 65968
091 93706
092 53888
093 78692
094 35647
095 58376
096 24433
097 37753
098 49531
099 49799
100 65814
101 64210
102 40190
103 77646
104 35245
105 77467
106 35756
107 09622
108 55226
109 58570
110 69584
111 71604
112 05533
113 93028
114 54106
115 02198
116 25884
117 92919
118 63910
119 91040
120 45308
