001 03336
002 99765
003 60049
004 38406
005 67235
006 20507
007 78086
008 88396
009 58491
010 25146
011 70122
012 60094
013 89867
014 90246
015 72289
016 00810
017 44256
018 63628
019 17001
020 71818
021 36154
022 48548
023 10562
024 37077
025 38143
026 97960
027 99420
028 66492
029 92514
030 48267
031 63063
032 15578
033 29695
034 73352
035 30583
036 06614
037 16047
038 92996
039 50215
040 52412
041 12361
042 35826
043 97816
044 06678
045 50349
046 55941
047 15447
048 08728
049 21826
050 10130
051 98922
052 90382
053 96805
054 02119
055 34547
056 89904
057 10975
058 28278
059 49035
060 92139
061 18644
062 00049
063 66140
064 26268
065 49126
066 86799
067 81533
068 89184
069 88254
070 34817
071 75100
072 17233
073 11741
074 63358
075 73059
076 80387
077 60636
078 04988
079 80120
080 00889
081 73223
082 12163
083 09368
084 05879
085 09785
086 06118
087 29132
088 46656
089 06186
090 53238
091 77650
092 01055
093 91754
094 75770
095 31948
096 19716
097 75471
098 89063
099 88201
100 56249
101 16691
102 08847
103 71686
104 72930
105 73565
106 41735
107 19700
108 56512
109 93621
110 53699
111 10236
112 41250
113 43264
114 40110
115 07518
116 88401
117 36016
118 33436
119 18630
120 05193

