001 37091
002 54058
003 51098
004 23078
005 97662
006 28905
007 27157
008 42361
009 57684
010 07667
011 39772
012 07647
013 42125
014 27501
015 78493
016 73750
017 13365
018 67948
019 66899
020 47407
021 -
022 18277
023 70056
024 46966
025 61873
026 49038
027 84219
028 41938
029 49829
030 06488
031 18769
032 88885
033 01350
034 27602
035 69161
036 01930
037 85373
038 37028
039 61300
040 69360
041 96795
042 09809
043 74653
044 98761
045 47513
046 75227
047 37252
048 42479
049 26074
050 42794
051 42221
052 08460
053 05043
054 55786
055 70873
056 15051
057 63935
058 69704
059 91039
060 42868
061 43458
062 00572
063 02646
064 37894
065 55941
066 19681
067 47891
068 23337
069 18186
070 13870
071 04919
072 81960
073 90223
074 64994
075 32698
076 64488
077 44378
078 47579
079 55403
080 80582
081 78448
082 87431
083 04601
084 37417
085 91028
086 41423
087 72071
088 75170
089 54592
090 29210
091 71888
092 07417
093 26066
094 01909
095 56291
096 26106
097 69941
098 13977
099 -
100 35471
101 64814
102 38447
103 87300
104 62147
105 64522
106 42527
107 25810
108 76437
109 20596
110 85139
111 35764
112 80242
113 30133
114 71993
115 32017
116 74192
117 62110
118 43447
119 88318
120 34024
