001 87679
002 77386
003 46876
004 96822
005 86920
006 97975
007 38167
008 56050
009 66596
010 29802
011 76543
012 05824
013 71356
014 35000
015 84422
016 97924
017 24467
018 04525
019 84735
020 81933
021 30139
022 61864
023 08788
024 04011
025 99938
026 09295
027 77323
028 36234
029 39953
030 07636
031 40945
032 96382
033 58151
034 71048
035 98733
036 56127
037 38605
038 69230
039 92570
040 43945
041 81404
042 35757
043 16575
044 36380
045 81397
046 04621
047 27201
048 93509
049 27085
050 36089
051 39721
052 69221
053 03094
054 77861
055 49205
056 39180
057 07379
058 88399
059 82697
060 08951
061 63643
062 18153
063 54282
064 51938
065 68669
066 79226
067 68765
068 32706
069 50504
070 93838
071 06206
072 88748
073 22115
074 10770
075 97863
076 30997
077 27417
078 21250
079 50387
080 67507
081 86650
082 77453
083 28081
084 60959
085 42245
086 23576
087 88177
088 25996
089 60943
090 50253
091 49602
092 47479
093 53245
094 10925
095 31281
096 32654
097 30791
098 95600
099 84467
100 08393
101 31347
102 39837
103 13014
104 01233
105 04415
106 87007
107 62712
108 39820
109 50854
110 40895
111 56614
112 63530
113 94087
114 03975
115 50017
116 10152
117 41451
118 27698
119 24603
120 36970

