001 05105
002 72182
003 79212
004 57555
005 60731
006 92701
007 31780
008 49990
009 52930
010 41835
011 47327
012 57135
013 98264
014 69230
015 54924
016 73435
017 44541
018 86300
019 49956
020 32344
021 71447
022 47803
023 77278
024 34094
025 70464
026 90482
027 62958
028 52393
029 33913
030 00215
031 92802
032 07400
033 99733
034 38011
035 65334
036 79849
037 23402
038 02345
039 18101
040 77508
041 13137
042 02059
043 10008
044 54492
045 05956
046 10737
047 00233
048 79028
049 93350
050 12183
051 08296
052 86650
053 60262
054 83110
055 38710
056 28895
057 85378
058 93033
059 20831
060 27967
061 92057
062 72162
063 44993
064 13604
065 71427
066 87751
067 67952
068 28225
069 27834
070 79836
071 75959
072 37898
073 10952
074 84490
075 10520
076 45681
077 12629
078 00684
079 79442
080 78768
081 36005
082 23126
083 25245
084 03198
085 46896
086 94410
087 77279
088 32378
089 95194
090 49357
091 52272
092 22935
093 32639
094 43521
095 83511
096 11214
097 67150
098 34985
099 - -
100 59331
101 51151
102 22326
103 81054
104 95841
105 15349
106 35109
107 37898
108 90302
109 34670
110 91981
111 51308
112 30822
113 17574
114 68570
115 33526
116 69153
117 11673
118 49715
119 61538
120 96265

