001 40849
002 86035
003 72944
004 17707
005 83357
006 95876
007 39927
008 83789
009 53451
010 96222
011 91101
012 73458
013 51753
014 72190
015 90352
016 89910
017 34624
018 60354
019 96598
020 99399
021 78859
022 70479
023 88548
024 39477
025 11409
026 16125
027 46348
028 52588
029 40866
030 35521
031 92781
032 59716
033 51107
034 22832
035 59600
036 99012
037 22669
038 98432
039 59274
040 11047
041 88732
042 86615
043 61235
044 87076
045 21607
046 36209
047 77598
048 02088
049 34276
050 86048
051 05818
052 87400
053 07183
054 10333
055 62805
056 50663
057 74898
058 73159
059 29701
060 06087
061 30777
062 27751
063 63988
064 02264
065 51666
066 26825
067 13085
068 81447
069 63764
070 40337
071 44716
072 29950
073 59810
074 13293
075 75039
076 76974
077 83324
078 57797
079 30954
080 58791
081 85257
082 91337
083 60761
084 35538
085 74399
086 29245
087 42116
088 59535
089 23380
090 19599
091 75747
092 00382
093 83584
094 06444
095 90751
096 10341
097 81649
098 64593
099 62118
100 28844
101 62136
102 69633
103 81933
104 89548
105 72461
106 81210
107 94008
108 31512
109 32549
110 52938
111 72052
112 08611
113 66476
114 70253
115 61432
116 05237
117 42900
118 17789
119 01179
120 53775

