001 37931
002 88586
003 94388
004 50204
005 67287
006 02512
007 39793
008 75346
009 45813
010 33146
011 63846
012 29701
013 42081
014 95410
015 39573
016 17881
017 03405
018 85917
019 08650
020 98143
021 80264
022 12892
023 76932
024 75389
025 11237
026 00305
027 36723
028 79335
029 91898
030 99771
031 00308
032 33826
033 06888
034 29606
035 03736
036 94000
037 47492
038 20687
039 72536
040 74847
041 42343
042 93035
043 05937
044 94156
045 45582
046 04090
047 77610
048 54428
049 71657
050 51470
051 72955
052 82529
053 57708
054 33232
055 46877
056 18634
057 56719
058 70446
059 66985
060 81650
061 27383
062 85367
063 63660
064 23593
065 11662
066 18926
067 50616
068 14447
069 75840
070 77360
071 92416
072 04888
073 90998
074 48266
075 32554
076 00849
077 54008
078 78550
079 12146
080 81277
081 27625
082 01327
083 03596
084 06607
085 82340
086 13392
087 82575
088 17507
089 12921
090 63328
091 81936
092 96565
093 18332
094 12153
095 66036
096 50908
097 90909
098 98127
099 16970
100 47657
101 38782
102 27056
103 83707
104 36879
105 87028
106 59560
107 78415
108 93410
109 02211
110 68391
111 48303
112 15320
113 03358
114 51606
115 75545
116 41240
117 26672
118 69369
119 93402
120 78419

