001 73600
002 07511
003 12311
004 06486
005 48156
006 93790
007 14679
008 78680
009 64025
010 08258
011 78624
012 70369
013 75601
014 89899
015 58672
016 40619
017 15416
018 50049
019 78351
020 50380
021 60221
022 96835
023 15067
024 68822
025 77840
026 89838
027 96858
028 15345
029 30799
030 79432
031 70976
032 17799
033 92177
034 35276
035 62442
036 98150
037 97593
038 39191
039 12686
040 46730
041 97086
042 10898
043 39206
044 03688
045 49637
046 77959
047 85969
048 66243
049 04981
050 64328
051 23059
052 64009
053 91719
054 59365
055 94306
056 74658
057 31498
058 15618
059 02043
060 89618
061 81171
062 93566
063 21737
064 63772
065 87595
066 62937
067 94845
068 98162
069 30683
070 56293
071 86648
072 22740
073 44464
074 18651
075 26391
076 36167
077 63082
078 08959
079 67586
080 29084
081 36727
082 90495
083 63581
084 48733
085 66237
086 57166
087 82053
088 87731
089 60495
090 13750
091 26243
092 72260
093 95702
094 85379
095 23169
096 12445
097 08909
098 42676
099 23074
100 57966
101 49211
102 26838
103 42981
104 47555
105 44171
106 87007
107 54519
108 90631
109 18290
110 94194
111 74022
112 33637
113 79479
114 26832
115 42163
116 68559
117 20032
118 87995
119 36315
120 33834
