001 48183
002 05163
003 40229
004 23664
005 10723
006 29487
007 42048
008 45543
009 41318
010 27930
011 06844
012 28929
013 66685
014 15983
015 25362
016 46739
017 49384
018 26917
019 39126
020 63501
021 73199
022 62011
023 12383
024 08644
025 39325
026 77688
027 60033
028 49100
029 91795
030 82426
031 24269
032 70372
033 81246
034 59084
035 89723
036 04769
037 72456
038 65076
039 35093
040 36525
041 44790
042 02355
043 73399
044 02477
045 81015
046 88716
047 09994
048 16950
049 25411
050 64075
051 08214
052 76220
053 93757
054 93572
055 92485
056 00990
057 31924
058 39596
059 53804
060 85795
061 65272
062 92407
063 31601
064 26251
065 19101
066 37722
067 53087
068 35416
069 68504
070 92659
071 03979
072 52974
073 94629
074 73806
075 92994
076 94523
077 56336
078 19475
079 25891
080 12772
081 28753
082 40706
083 02863
084 82881
085 53106
086 06293
087 72041
088 49280
089 51629
090 86451
091 39192
092 97684
093 28002
094 22842
095 88669
096 19068
097 72869
098 20294
099 31362
100 13275
101 72758
102 71102
103 02403
104 01972
105 12267
106 90305
107 47850
108 40040
109 70383
110 47990
111 86776
112 68455
113 26087
114 15206
115 14227
116 96666
117 80605
118 14983
119 88584
120 83812

