001 57993
002 30060
003 10595
004 18634
005 01837
006 33182
007 14672
008 67202
009 70658
010 92393
011 45852
012 04868
013 09356
014 33489
015 84707
016 07623
017 86816
018 74100
019 62980
020 74707
021 43263
022 06957
023 26490
024 87224
025 11236
026 80967
027 95973
028 31623
029 25220
030 27688
031 87610
032 14023
033 09848
034 69948
035 81774
036 36934
037 61665
038 08046
039 41433
040 54005
041 66326
042 13283
043 26858
044 81859
045 93282
046 81596
047 64284
048 55014
049 98993
050 80849
051 23292
052 61998
053 31117
054 23819
055 89821
056 90042
057 89358
058 59145
059 30175
060 84261
061 90113
062 07075
063 70396
064 05026
065 35586
066 14653
067 77786
068 51117
069 91957
070 37292
071 54490
072 92620
073 79618
074 20556
075 82084
076 12886
077 77912
078 33162
079 97264
080 42030
081 64435
082 35915
083 10539
084 83073
085 00613
086 93435
087 65197
088 85399
089 02014
090 01756
091 99280
092 35983
093 60665
094 54587
095 32864
096 00260
097 71355
098 97990
099 88897
100 17678
101 90931
102 58191
103 14293
104 10239
105 18349
106 74652
107 91608
108 46829
109 81062
110 23073
111 96809
112 42013
113 39854
114 13010
115 20878
116 82637
117 83537
118 74331
119 70067
120 36578
