001 27532
002 07403
003 79122
004 35207
005 75592
006 64304
007 01306
008 77245
009 89181
010 31906
011 47763
012 15099
013 83791
014 24720
015 94996
016 -
017 14410
018 47035
019 80721
020 70767
021 14903
022 86137
023 76408
024 79502
025 79052
026 71552
027 92778
028 18123
029 90009
030 79910
031 42160
032 42792
033 04591
034 30578
035 00827
036 76827
037 64351
038 74654
039 59187
040 49135
041 91366
042 25284
043 37864
044 42611
045 34171
046 58497
047 96284
048 78458
049 24236
050 91279
051 19953
052 87744
053 55514
054 35902
055 47384
056 69594
057 07347
058 35285
059 78518
060 69089
061 16506
062 07506
063 53598
064 46313
065 59510
066 60196
067 31794
068 59264
069 99540
070 45193
071 25939
072 83760
073 86334
074 99473
075 72525
076 81030
077 07267
078 01828
079 62835
080 25363
081 10833
082 03699
083 76179
084 41433
085 26895
086 34917
087 83137
088 23804
089 53041
090 58944
091 73200
092 67096
093 63736
094 87137
095 84852
096 96530
097 37344
098 40213
099 38488
100 57218
101 82224
102 28502
103 69155
104 59773
105 94434
106 19865
107 12532
108 27774
109 32192
110 21497
111 40223
112 18620
113 96035
114 32319
115 31382
116 08431
117 17207
118 35806
119 08732
120 01490
