001 73829
002 77703
003 05641
004 29482
005 25816
006 81600
007 50619
008 74681
009 12281
010 17136
011 29342
012 55816
013 50048
014 51785
015 26369
016 55958
017 36918
018 51681
019 20793
020 71776
021 24721
022 72713
023 47089
024 52063
025 86510
026 69468
027 03626
028 24108
029 15041
030 44716
031 00187
032 78326
033 57866
034 87791
035 31843
036 28382
037 74369
038 90420
039 37678
040 22067
041 19288
042 49131
043 54709
044 58913
045 76801
046 85999
047 64406
048 60802
049 24281
050 64301
051 20608
052 38819
053 55536
054 10783
055 66701
056 92215
057 70713
058 01872
059 11247
060 12491
061 58173
062 95105
063 29912
064 19066
065 00812
066 35323
067 41476
068 39789
069 83658
070 07455
071 13491
072 93163
073 50337
074 35142
075 44961
076 37516
077 45390
078 80882
079 05992
080 47886
081 95885
082 61399
083 71603
084 25173
085 35034
086 13385
087 52921
088 42074
089 84226
090 92722
091 40269
092 81292
093 27647
094 46721
095 28128
096 99051
097 43927
098 07586
099 00352
100 52374
101 16618
102 87795
103 39930
104 30119
105 03111
106 93098
107 40173
108 82475
109 38486
110 28723
111 09388
112 72607
113 18411
114 56783
115 44560
116 30964
117 51869
118 67620
119 20579
120 10207

