001 19235
002 06943
003 54534
004 61632
005 18303
006 46778
007 71664
008 52389
009 49274
010 34135
011 03425
012 05359
013 72284
014 82880
015 95755
016 83550
017 24806
018 58567
019 84790
020 17651
021 90952
022 73818
023 65780
024 38158
025 38905
026 83140
027 65773
028 83533
029 23923
030 69224
031 27164
032 84670
033 47354
034 77992
035 55820
036 76348
037 04306
038 79026
039 95964
040 66613
041 22383
042 11848
043 76029
044 64716
045 10232
046 84966
047 36982
048 48150
049 95276
050 32985
051 89016
052 08497
053 61850
054 83323
055 64856
056 10328
057 55866
058 51499
059 30711
060 28774
061 73905
062 92111
063 01816
064 76331
065 64222
066 93729
067 89460
068 79261
069 34880
070 43559
071 34891
072 50049
073 88346
074 45633
075 61232
076 53224
077 52631
078 48967
079 55459
080 23015
081 27883
082 80997
083 13053
084 88633
085 28256
086 95457
087 40701
088 93760
089 07821
090 40291
091 49177
092 70479
093 26915
094 25516
095 49386
096 72861
097 08122
098 16083
099 82178
100 70886
101 92613
102 78669
103 42640
104 86698
105 99238
106 78634
107 95755
108 73118
109 72237
110 77233
111 54332
112 47337
113 50418
114 12974
115 42270
116 33641
117 75821
118 52457
119 99458
120 18354
