001 12995
002 22522
003 97925
004 86946
005 61138
006 54078
007 96641
008 82305
009 31387
010 60618
011 89373
012 96558
013 73714
014 65401
015 84062
016 59902
017 03216
018 49094
019 48377
020 97220
021 89662
022 93719
023 73694
024 47116
025 31279
026 43839
027 88989
028 32251
029 12056
030 48668
031 35023
032 90770
033 40352
034 50032
035 86939
036 35705
037 60164
038 67382
039 06715
040 28068
041 88106
042 86968
043 06353
044 70818
045 99110
046 21834
047 75369
048 62531
049 36753
050 79320
051 76977
052 24231
053 68390
054 59252
055 24608
056 17063
057 23125
058 67205
059 19540
060 65600
061 51803
062 89301
063 49793
064 64682
065 91036
066 41041
067 73259
068 34952
069 75401
070 48108
071 10166
072 40448
073 56644
074 69441
075 46431
076 22296
077 19696
078 62322
079 43895
080 47339
081 03404
082 90169
083 62224
084 60123
085 93421
086 52679
087 63339
088 49727
089 77963
090 74135
091 44410
092 90052
093 88391
094 91980
095 57534
096 85311
097 41699
098 75963
099 86699
100 82023
101 49832
102 67136
103 03836
104 08419
105 05360
106 46008
107 00341
108 48671
109 72715
110 87536
111 34167
112 01598
113 86951
114 69065
115 27277
116 39908
117 11518
118 77022
119 50795
120 41406
