001 11512
002 45067
003 32852
004 72802
005 34584
006 06802
007 84176
008 21066
009 00487
010 22767
011 59035
012 16615
013 85342
014 65197
015 55455
016 59711
017 46460
018 39819
019 14200
020 81236
021 20696
022 80196
023 38865
024 49290
025 15531
026 72802
027 31043
028 04255
029 36313
030 52245
031 90554
032 71134
033 54830
034 05696
035 80459
036 35511
037 11744
038 62524
039 55124
040 10418
041 24368
042 07267
043 13422
044 03600
045 12509
046 42587
047 30827
048 04887
049 25259
050 89525
051 24764
052 67276
053 86579
054 58263
055 04075
056 08123
057 43234
058 36770
059 14702
060 84840
061 98694
062 24616
063 16511
064 05746
065 34997
066 86985
067 62334
068 14923
069 32099
070 93282
071 48518
072 87577
073 93418
074 57667
075 16561
076 05823
077 55255
078 04344
079 00610
080 29678
081 78784
082 68720
083 06349
084 74872
085 19120
086 91478
087 31023
088 26759
089 33795
090 45708
091 43201
092 13385
093 05352
094 38932
095 05178
096 32921
097 30943
098 06528
099 14768
100 12287
101 36401
102 85991
103 93411
104 32445
105 74106
106 15712
107 62146
108 79419
109 47664
110 26398
111 66979
112 09739
113 81097
114 51238
115 21033
116 79273
117 91751
118 10936
119 96095
120 39622
