001 30011
002 70029
003 31639
004 14774
005 35378
006 19496
007 89152
008 26922
009 53265
010 47197
011 73844
012 85251
013 40930
014 74195
015 66194
016 50729
017 01426
018 64599
019 23429
020 67475
021 54271
022 44231
023 83236
024 08428
025 22388
026 17478
027 13512
028 87872
029 95082
030 35523
031 92389
032 89144
033 79971
034 40586
035 85655
036 40625
037 35991
038 45324
039 46911
040 37852
041 39356
042 24704
043 44718
044 19490
045 54026
046 21442
047 99123
048 06595
049 27804
050 73449
051 43714
052 46746
053 14113
054 18651
055 93976
056 98285
057 85998
058 17214
059 86482
060 56647
061 76479
062 89389
063 95977
064 01354
065 72103
066 55477
067 68548
068 89838
069 22983
070 32996
071 15597
072 16538
073 94040
074 89702
075 42605
076 39958
077 37535
078 89672
079 52742
080 00764
081 46124
082 89900
083 50371
084 51726
085 91058
086 30345
087 55197
088 61249
089 83616
090 28773
091 77952
092 65669
093 40267
094 86501
095 70965
096 74758
097 41042
098 04213
099 90597
100 83408
101 41048
102 02328
103 94684
104 26538
105 60073
106 46781
107 27150
108 23298
109 63504
110 16117
111 23439
112 06082
113 75326
114 94129
115 33769
116 98091
117 18816
118 18443
119 53561
120 04867

