001 55190
002 86779
003 07879
004 43061
005 78537
006 31416
007 02696
008 77723
009 67725
010 96562
011 18075
012 91240
013 55811
014 24612
015 05495
016 97203
017 82224
018 32817
019 43420
020 50759
021 55126
022 46341
023 71242
024 36826
025 36047
026 56539
027 32999
028 35404
029 65425
030 72326
031 85704
032 33068
033 89917
034 82046
035 49849
036 12646
037 04102
038 77513
039 54315
040 87077
041 39955
042 04202
043 46891
044 50427
045 53031
046 56422
047 85136
048 79097
049 66699
050 89847
051 76824
052 14327
053 83894
054 55866
055 18033
056 53355
057 19440
058 42676
059 33001
060 49886
061 82944
062 36931
063 29647
064 42173
065 11830
066 14813
067 71350
068 45916
069 96983
070 50941
071 53362
072 74352
073 46331
074 49361
075 83797
076 37283
077 15050
078 55902
079 09960
080 88890
081 92101
082 11928
083 70792
084 94513
085 01830
086 54267
087 30861
088 26352
089 30470
090 03574
091 90245
092 33856
093 69811
094 59500
095 15079
096 82470
097 62155
098 69329
099 86129
100 70592
101 72335
102 80695
103 49846
104 62327
105 39978
106 87467
107 88810
108 77421
109 84871
110 81668
111 27591
112 71968
113 57285
114 93498
115 32290
116 79787
117 49313
118 11056
119 14696
120 89933

