001 37824
002 57456
003 01050
004 04919
005 05945
006 30720
007 97559
008 73066
009 58528
010 96225
011 16895
012 31570
013 23477
014 52701
015 56934
016 54788
017 95442
018 19705
019 01101
020 65033
021 64653
022 99955
023 97226
024 45525
025 36955
026 02758
027 76936
028 41071
029 50398
030 77280
031 51670
032 75986
033 02524
034 75719
035 39875
036 43954
037 95603
038 28656
039 26563
040 17655
041 13171
042 46287
043 00206
044 97616
045 65164
046 53737
047 01363
048 16753
049 91615
050 77498
051 56381
052 15562
053 57148
054 44552
055 93099
056 07141
057 12640
058 43124
059 99652
060 38833
061 17567
062 05602
063 25220
064 46198
065 00495
066 66093
067 22503
068 36882
069 40036
070 97378
071 88012
072 07231
073 11056
074 40402
075 74800
076 65263
077 87867
078 08668
079 81001
080 84801
081 30625
082 65485
083 73530
084 94629
085 67718
086 67274
087 42869
088 38506
089 70570
090 01761
091 96924
092 19907
093 35922
094 92210
095 30805
096 01342
097 60800
098 83558
099 93616
100 21995
101 30367
102 83684
103 55400
104 86681
105 46419
106 12700
107 21208
108 13455
109 06020
110 65388
111 06863
112 69110
113 33954
114 99715
115 69555
116 78643
117 18331
118 20841
119 31578
120 17630
