001 81419
002 07322
003 20676
004 82397
005 56435
006 02355
007 57171
008 57581
009 19849
010 71228
011 44084
012 63935
013 80702
014 52374
015 47164
016 07391
017 86536
018 21332
019 92391
020 67651
021 28635
022 87004
023 20067
024 97169
025 63603
026 55942
027 00611
028 90071
029 89337
030 29597
031 19298
032 06306
033 67601
034 86229
035 59887
036 05296
037 44461
038 96815
039 91535
040 71927
041 57818
042 02736
043 75292
044 39806
045 56119
046 54069
047 84635
048 94646
049 82038
050 27681
051 44220
052 24420
053 63347
054 44566
055 00687
056 17131
057 16944
058 09613
059 26181
060 23349
061 15185
062 23771
063 88033
064 45870
065 64983
066 65524
067 38565
068 09641
069 45017
070 75733
071 15862
072 35821
073 26374
074 83652
075 68201
076 35993
077 08252
078 22800
079 86871
080 32599
081 80228
082 93490
083 58490
084 95865
085 02378
086 01211
087 95524
088 42671
089 94927
090 32003
091 27471
092 23247
093 74677
094 26296
095 95741
096 89809
097 98267
098 99624
099 15205
100 81803
101 99137
102 49995
103 93577
104 13113
105 78762
106 64830
107 53444
108 63258
109 75421
110 48265
111 69766
112 86091
113 21315
114 24673
115 12912
116 83536
117 73670
118 09607
119 18491
120 68170

