001 45699
002 15868
003 69659
004 41645
005 01252
006 96505
007 67722
008 39859
009 41617
010 10315
011 96198
012 71515
013 97615
014 85904
015 08497
016 12172
017 52445
018 98357
019 39795
020 60266
021 03908
022 06156
023 44037
024 57619
025 28711
026 51781
027 81905
028 18937
029 52638
030 94108
031 75258
032 82594
033 61883
034 24592
035 16462
036 58723
037 31819
038 16726
039 19086
040 36033
041 22017
042 31060
043 02816
044 84180
045 25813
046 22796
047 79406
048 66984
049 23247
050 00196
051 70766
052 34110
053 73348
054 07551
055 54981
056 00048
057 48811
058 80091
059 40698
060 25693
061 56525
062 84734
063 06129
064 67715
065 03888
066 20899
067 04253
068 10901
069 57360
070 76312
071 35022
072 09268
073 79819
074 49014
075 70860
076 22633
077 15746
078 72339
079 21827
080 62177
081 04305
082 07374
083 02840
084 95860
085 20897
086 25430
087 67014
088 96039
089 54098
090 50083
091 24468
092 93084
093 16538
094 20070
095 72328
096 49379
097 12977
098 12680
099 -
100 -
101 58080
102 37105
103 -
104 -
105 -
106 -
107 -
108 -
109 -
110 -
111 -
112 -
113 -
114 53606
115 -
116 -
117 -
118 -
119 -
120 28632

