001 87040
002 64289
003 52676
004 26560
005 86399
006 22141
007 39306
008 28204
009 65715
010 35183
011 84185
012 68063
013 46244
014 09402
015 89419
016 78098
017 11998
018 72640
019 27738
020 59098
021 78577
022 41649
023 55541
024 32554
025 31157
026 54897
027 16946
028 22652
029 11720
030 39194
031 48937
032 84334
033 08329
034 46166
035 20424
036 50037
037 81001
038 11880
039 84429
040 18655
041 60294
042 50222
043 59283
044 01557
045 76715
046 82624
047 07126
048 91508
049 18109
050 27964
051 53098
052 86707
053 66000
054 11388
055 23094
056 59455
057 47159
058 61626
059 86035
060 31633
061 99562
062 66079
063 64643
064 25660
065 09893
066 22204
067 25063
068 47038
069 77751
070 34377
071 65325
072 03682
073 89098
074 73763
075 81647
076 25451
077 93256
078 98434
079 28935
080 59506
081 37912
082 45897
083 06283
084 93180
085 71173
086 86987
087 53331
088 45028
089 96011
090 97401
091 72038
092 42921
093 06132
094 02091
095 23341
096 00452
097 22847
098 62876
099 31105
100 25179
101 60776
102 81649
103 83401
104 14009
105 71977
106 01850
107 66123
108 37849
109 00760
110 10074
111 94515
112 31999
113 47731
114 08948
115 27073
116 77633
117 77190
118 31484
119 61846
120 26036

