001 74388
002 52690
003 19353
004 50820
005 75386
006 98101
007 36922
008 12176
009 06318
010 49661
011 59738
012 54431
013 85188
014 62994
015 48747
016 82938
017 67955
018 94615
019 82937
020 33520
021 93851
022 15496
023 86923
024 02035
025 98723
026 98068
027 00098
028 09885
029 84481
030 81267
031 19843
032 28921
033 13509
034 05157
035 94705
036 49803
037 94386
038 49594
039 70871
040 67692
041 83929
042 18292
043 08461
044 65809
045 90584
046 91450
047 37865
048 44544
049 39586
050 05263
051 96727
052 84725
053 77837
054 61123
055 68826
056 76165
057 28115
058 25229
059 47080
060 28832
061 68527
062 17259
063 75749
064 97872
065 85296
066 56624
067 51474
068 03071
069 37502
070 77810
071 52086
072 59917
073 82900
074 33141
075 18233
076 24177
077 28545
078 23018
079 32844
080 41895
081 34815
082 54139
083 89155
084 71577
085 04943
086 48612
087 24654
088 58031
089 40729
090 27609
091 21605
092 67362
093 93362
094 94022
095 93477
096 61825
097 96618
098 35503
099 47752
100 14287
101 87953
102 73563
103 44396
104 53808
105 21957
106 87655
107 04620
108 69753
109 62379
110 04752
111 09236
112 08306
113 16400
114 97579
115 57867
116 84279
117 31442
118 34705
119 90606
120 96577

