001 24599
002 58987
003 49494
004 80681
005 46660
006 80637
007 09033
008 29317
009 97133
010 11125
011 51091
012 79395
013 68102
014 64560
015 30259
016 86642
017 86250
018 86086
019 90229
020 28898
021 62573
022 85436
023 39707
024 82263
025 99080
026 45801
027 07936
028 45590
029 92678
030 63983
031 38927
032 94965
033 88503
034 95855
035 16492
036 72382
037 36646
038 51951
039 28134
040 81775
041 75606
042 71996
043 39025
044 06428
045 82310
046 84549
047 49936
048 19399
049 95287
050 74322
051 73310
052 59379
053 03733
054 37179
055 35648
056 35860
057 94405
058 48452
059 36559
060 05222
061 72713
062 05612
063 52010
064 16256
065 10577
066 56067
067 58244
068 67589
069 69007
070 00524
071 88059
072 59545
073 25598
074 12215
075 27146
076 26253
077 41631
078 10035
079 24389
080 88764
081 61883
082 36356
083 62475
084 20989
085 13377
086 93160
087 18572
088 92050
089 44870
090 79754
091 08393
092 80328
093 14290
094 57993
095 52876
096 54612
097 23378
098 69208
099 70024
100 99252
101 03371
102 20358
103 98822
104 22351
105 14634
106 54918
107 39173
108 84333
109 88390
110 77055
111 39597
112 82044
113 29412
114 19945
115 20508
116 83055
117 24411
118 30849
119 14008
120 38230

