001 04437
002 64149
003 79348
004 60048
005 19218
006 15389
007 35786
008 42768
009 59710
010 80351
011 47373
012 29608
013 27473
014 27478
015 18982
016 33292
017 85868
018 41207
019 64128
020 17950
021 72307
022 39704
023 32028
024 01621
025 91892
026 07001
027 54713
028 63600
029 56411
030 67100
031 11838
032 86686
033 05100
034 15160
035 64639
036 31781
037 39208
038 44634
039 65169
040 55916
041 68868
042 57895
043 93250
044 62386
045 69394
046 72992
047 66172
048 64506
049 92778
050 47888
051 02172
052 84431
053 68062
054 41467
055 59046
056 11523
057 16926
058 46084
059 62092
060 59461
061 81700
062 42958
063 12892
064 66046
065 33801
066 16922
067 00685
068 39058
069 28965
070 56841
071 65036
072 68506
073 69364
074 90777
075 51311
076 40362
077 17124
078 24227
079 87472
080 06118
081 68412
082 90836
083 17705
084 32219
085 87191
086 67185
087 23318
088 52245
089 91998
090 35387
091 53719
092 86733
093 76879
094 24247
095 99610
096 73732
097 49976
098 06290
099 45483
100 47650
101 62137
102 17217
103 62315
104 03551
105 68978
106 96332
107 36775
108 69041
109 80031
110 87544
111 93268
112 67332
113 76665
114 93601
115 02401
116 67913
117 50567
118 75679
119 54581
120 77502

