001 - -
002 - -
003 - -
004 - -
005 - -
006 52079
007 85928
008 41999
009 33110
010 99513
011 95664
012 37629
013 73691
014 75259
015 32316
016 - -
017 77332
018 22982
019 70117
020 70446
021 81311
022 66588
023 81535
024 20850
025 17506
026 19594
027 92934
028 79239
029 33880
030 33653
031 12704
032 55697
033 96352
034 29768
035 50946
036 50616
037 25311
038 95195
039 21170
040 27864
041 51167
042 37130
043 71760
044 12731
045 87602
046 19294
047 32054
048 09045
049 55936
050 26095
051 84276
052 59459
053 60820
054 24657
055 63697
056 73350
057 58552
058 10051
059 65803
060 85315
061 81407
062 70021
063 61665
064 91451
065 10430
066 62836
067 84402
068 12018
069 72390
070 32894
071 21013
072 91544
073 63182
074 21125
075 22780
076 85664
077 70256
078 76679
079 02324
080 41529
081 08622
082 19435
083 23679
084 50642
085 96154
086 08722
087 52750
088 14063
089 10089
090 55906
091 32647
092 04648
093 21939
094 33645
095 53417
096 73262
097 - -
098 - -
099 - -
100 - -
101 93741
102 - -
103 69288
104 - -
105 05044
106 85745
107 25390
108 - -
109 35189
110 62478
111 69008
112 15577
113 23979
114 42279
115 21034
116 94553
117 64451
118 52017
119 60749
120 56277

