001 83523
002 66765
003 66573
004 55365
005 79876
006 22277
007 12418
008 68386
009 44473
010 35197
011 90310
012 50349
013 30381
014 46380
015 04290
016 46336
017 67632
018 97991
019 17040
020 45919
021 45674
022 02655
023 94198
024 27956
025 78907
026 88533
027 56075
028 48160
029 69752
030 14006
031 79864
032 82189
033 99765
034 50251
035 18838
036 65307
037 23530
038 70312
039 23221
040 26792
041 79209
042 09326
043 88457
044 49592
045 85026
046 97740
047 53869
048 51704
049 65178
050 19366
051 53894
052 93346
053 38083
054 99482
055 33645
056 78810
057 64955
058 52387
059 94314
060 58065
061 00435
062 34784
063 18527
064 89188
065 31619
066 30109
067 95007
068 89763
069 79222
070 32963
071 18179
072 55247
073 26572
074 35249
075 78348
076 68087
077 48833
078 30059
079 79580
080 01834
081 86130
082 65453
083 98744
084 30969
085 45344
086 04025
087 64071
088 71780
089 40381
090 50269
091 32072
092 69980
093 07198
094 56047
095 33198
096 31637
097 82603
098 27028
099 65136
100 04051
101 83988
102 65346
103 84876
104 63766
105 79049
106 55109
107 91329
108 09705
109 38944
110 57230
111 22464
112 96081
113 29845
114 19316
115 06461
116 30387
117 76460
118 00419
119 13847
120 01135

