001 40029
002 49976
003 00454
004 27512
005 80714
006 47215
007 58099
008 45642
009 71604
010 70807
011 31239
012 66682
013 11660
014 79578
015 19898
016 03087
017 33033
018 52832
019 55711
020 74317
021 80679
022 66422
023 70034
024 71231
025 48179
026 31588
027 26430
028 16813
029 76244
030 35726
031 09534
032 04557
033 66793
034 43539
035 24381
036 73135
037 28720
038 59655
039 70545
040 93219
041 71556
042 99332
043 82758
044 93867
045 27192
046 77239
047 65493
048 08919
049 35595
050 05157
051 99768
052 84333
053 31722
054 97476
055 96689
056 25079
057 22036
058 89078
059 76707
060 69041
061 99077
062 91597
063 03712
064 87581
065 83756
066 45510
067 16197
068 53210
069 72618
070 39899
071 83906
072 21228
073 90785
074 92856
075 88078
076 25780
077 12811
078 12749
079 37456
080 31445
081 68608
082 06944
083 28232
084 83862
085 05001
086 12078
087 50230
088 86057
089 95738
090 80515
091 01293
092 14299
093 91400
094 36798
095 90732
096 98247
097 75269
098 79959
099 60241
100 04879
101 68340
102 20977
103 30641
104 09560
105 78983
106 97207
107 79639
108 80238
109 48667
110 47701
111 74787
112 46652
113 74955
114 63317
115 16480
116 22254
117 14894
118 56971
119 01774
120 85522

