001 04896
002 33077
003 41843
004 93849
005 85814
006 91817
007 10107
008 91961
009 99654
010 94911
011 17580
012 33462
013 32782
014 02985
015 24419
016 09217
017 35482
018 71678
019 27618
020 75304
021 42116
022 81296
023 02061
024 77975
025 23907
026 96215
027 69614
028 05372
029 61660
030 27079
031 75438
032 86956
033 45969
034 92251
035 96827
036 42406
037 25988
038 32646
039 75362
040 51237
041 98215
042 99170
043 15156
044 80589
045 39272
046 60868
047 67693
048 63009
049 77467
050 01015
051 69577
052 35665
053 14449
054 78698
055 03686
056 44842
057 78942
058 40340
059 72187
060 74420
061 29895
062 14795
063 65106
064 96899
065 67716
066 33701
067 35247
068 48598
069 04801
070 08573
071 96537
072 23680
073 14831
074 36209
075 07689
076 24723
077 42473
078 06688
079 87594
080 18868
081 90260
082 62694
083 11279
084 34884
085 68505
086 84316
087 17629
088 98820
089 92186
090 99502
091 35598
092 86563
093 37341
094 67122
095 33284
096 79285
097 84826
098 44801
099 01231
100 29889
101 37688
102 16685
103 35357
104 31629
105 36953
106 01215
107 36360
108 46362
109 36271
110 23943
111 22726
112 84892
113 97506
114 53990
115 77688
116 91840
117 26767
118 57228
119 07100
120 04569

