001 70643
002 22728
003 73439
004 48716
005 70490
006 12555
007 71376
008 46687
009 64554
010 84023
011 81192
012 71098
013 03928
014 21118
015 14246
016 53343
017 45373
018 34118
019 00642
020 61528
021 23662
022 61074
023 02840
024 76577
025 55804
026 68195
027 52742
028 30147
029 26869
030 53683
031 31726
032 99774
033 23009
034 10047
035 79639
036 43472
037 21095
038 32705
039 83971
040 99030
041 88600
042 12780
043 62250
044 35836
045 07537
046 57012
047 35880
048 85109
049 95454
050 16422
051 07601
052 19939
053 75589
054 27853
055 25595
056 42612
057 03486
058 52371
059 18608
060 75146
061 40094
062 75941
063 70623
064 12603
065 20553
066 32614
067 85642
068 31734
069 67195
070 99815
071 44142
072 07761
073 20692
074 21084
075 99276
076 53504
077 87449
078 76127
079 47328
080 37266
081 92961
082 58603
083 94123
084 64388
085 68012
086 11844
087 59788
088 27128
089 79388
090 89124
091 94990
092 74365
093 40338
094 93905
095 71255
096 82860
097 06310
098 88116
099 38302
100 16040
101 79986
102 16887
103 55687
104 40893
105 74454
106 94666
107 97441
108 99245
109 08506
110 56834
111 05336
112 69379
113 22691
114 40209
115 29101
116 24761
117 14965
118 21331
119 77105
120 61146
