001 19073
002 52365
003 84973
004 14753
005 96957
006 62811
007 23560
008 37454
009 99799
010 17385
011 13500
012 59448
013 25637
014 88655
015 99618
016 23729
017 50917
018 81022
019 65783
020 35998
021 84432
022 09729
023 71436
024 69886
025 35128
026 27408
027 91419
028 67081
029 89963
030 86104
031 77868
032 67728
033 39833
034 12536
035 62999
036 20483
037 93502
038 58516
039 50910
040 29427
041 41788
042 13883
043 06345
044 92152
045 99497
046 49701
047 38240
048 59598
049 75220
050 61210
051 48721
052 69698
053 37232
054 26958
055 45141
056 10112
057 77771
058 10642
059 19192
060 37221
061 85109
062 02103
063 07023
064 47665
065 29966
066 01795
067 05024
068 18934
069 81408
070 16655
071 01732
072 83714
073 16409
074 95579
075 83241
076 95454
077 69755
078 87129
079 06448
080 16469
081 26714
082 87964
083 42788
084 24064
085 47156
086 64598
087 20543
088 91305
089 45877
090 49458
091 95319
092 30941
093 44634
094 30519
095 60490
096 80041
097 77786
098 09252
099 45177
100 51919
101 31903
102 86563
103 93112
104 02021
105 37028
106 05238
107 60573
108 14742
109 21674
110 88312
111 28861
112 45276
113 33566
114 36726
115 11959
116 01622
117 49118
118 26930
119 45592
120 07539
