001 65432
002 24579
003 67228
004 79633
005 07844
006 63722
007 80239
008 52931
009 90779
010 81471
011 97228
012 46585
013 78922
014 53780
015 12648
016 74618
017 92643
018 -
019 -
020 -
021 -
022 -
023 -
024 66477
025 29977
026 89116
027 90472
028 19563
029 62672
030 55567
031 06669
032 16091
033 80254
034 65645
035 52966
036 11056
037 83723
038 01807
039 05553
040 16916
041 32215
042 99698
043 71301
044 98982
045 60426
046 07398
047 66784
048 76979
049 68350
050 54224
051 72237
052 57826
053 17123
054 10304
055 84286
056 26851
057 71074
058 08536
059 37816
060 58950
061 36780
062 48142
063 33454
064 22108
065 92117
066 36752
067 15709
068 99078
069 27274
070 51160
071 69712
072 51854
073 58625
074 64402
075 74674
076 10618
077 25183
078 97826
079 78527
080 08934
081 71428
082 67991
083 25206
084 73482
085 87112
086 67284
087 96164
088 40099
089 10032
090 48622
091 86624
092 83954
093 71500
094 73503
095 03632
096 95707
097 06443
098 -
099 14488
100 01586
101 78065
102 96632
103 90139
104 72477
105 82895
106 74440
107 41129
108 42380
109 84480
110 32031
111 20070
112 73756
113 83262
114 51723
115 54954
116 -
117 17897
118 65431
119 53443
120 28093

