001 40303
002 39661
003 50462
004 88057
005 13555
006 93484
007 60292
008 14253
009 97420
010 07892
011 43611
012 01178
013 05767
014 36194
015 35780
016 00407
017 75159
018 14949
019 52914
020 10575
021 22937
022 55520
023 78236
024 54969
025 46173
026 24570
027 67005
028 26631
029 90307
030 07176
031 92558
032 70277
033 30388
034 01043
035 20501
036 89581
037 27896
038 45100
039 78505
040 05239
041 49558
042 23886
043 92684
044 86499
045 84252
046 06530
047 75924
048 21674
049 49510
050 75984
051 66270
052 01759
053 28916
054 06810
055 99906
056 21938
057 43308
058 63668
059 37065
060 76291
061 03651
062 60535
063 38716
064 80685
065 97530
066 28222
067 66938
068 91863
069 47801
070 83787
071 44238
072 23449
073 27442
074 92543
075 80105
076 55474
077 30858
078 56315
079 19764
080 96516
081 02722
082 25983
083 94735
084 65997
085 64378
086 03556
087 75182
088 09717
089 13874
090 18498
091 66991
092 23232
093 00502
094 62736
095 91705
096 36204
097 84496
098 67693
099 34527
100 26751
101 95467
102 04233
103 91398
104 81430
105 56395
106 57943
107 25619
108 59121
109 98092
110 21811
111 73957
112 12364
113 31531
114 29946
115 09189
116 64509
117 94408
118 50069
119 74103
120 55554

