001 57048
002 04642
003 67413
004 13641
005 99555
006 11915
007 25669
008 69782
009 27896
010 40324
011 73739
012 62678
013 50769
014 47761
015 21918
016 74030
017 34863
018 42437
019 37506
020 75199
021 00743
022 17448
023 20785
024 92703
025 57173
026 63064
027 45351
028 76177
029 22581
030 18718
031 80854
032 67443
033 85394
034 27048
035 56286
036 69877
037 90925
038 55602
039 97914
040 82307
041 27713
042 05523
043 12560
044 23318
045 20462
046 78902
047 78084
048 64635
049 54963
050 21058
051 08554
052 59478
053 30285
054 70907
055 97045
056 00721
057 87186
058 25784
059 96460
060 18441
061 98155
062 58305
063 62454
064 02416
065 00571
066 27514
067 82488
068 44308
069 85013
070 31526
071 20725
072 86316
073 00640
074 35753
075 77394
076 69102
077 56504
078 73112
079 15852
080 15095
081 59384
082 29814
083 01630
084 18062
085 76933
086 26080
087 37214
088 45932
089 18144
090 27261
091 17641
092 88012
093 53779
094 01055
095 72685
096 79833
097 14809
098 31494
099 15902
100 58308
101 14123
102 88234
103 52380
104 79892
105 26914
106 20675
107 47674
108 55918
109 91264
110 05157
111 85324
112 47723
113 24461
114 12423
115 38526
116 73910
117 26332
118 16311
119 87323
120 23173
