001 79991
002 63137
003 78034
004 29781
005 31469
006 68499
007 29956
008 83502
009 05569
010 12251
011 10838
012 86737
013 10287
014 26799
015 68633
016 78024
017 24654
018 03814
019 45698
020 71084
021 58042
022 04993
023 02711
024 23831
025 17460
026 10459
027 50658
028 89854
029 24235
030 73228
031 94309
032 82357
033 08713
034 31813
035 84633
036 24810
037 22351
038 69774
039 74789
040 84645
041 49815
042 99053
043 50706
044 39886
045 18634
046 26171
047 42376
048 51970
049 96110
050 64240
051 17478
052 68129
053 57848
054 34088
055 96241
056 37004
057 15717
058 18052
059 13350
060 88096
061 34568
062 55422
063 00726
064 98354
065 37083
066 38572
067 44173
068 14278
069 53206
070 38084
071 94748
072 81824
073 20491
074 45689
075 81912
076 68605
077 66326
078 12058
079 65288
080 95058
081 99415
082 65756
083 11078
084 57249
085 70660
086 33359
087 70993
088 92886
089 08205
090 98693
091 48534
092 33451
093 89433
094 74552
095 66089
096 25786
097 71615
098 38463
099 34004
100 94645
101 31672
102 07945
103 48800
104 01366
105 22136
106 06782
107 85713
108 66786
109 60932
110 55250
111 85022
112 68196
113 19639
114 21243
115 20233
116 00712
117 82014
118 09896
119 32806
120 03354
