001 05752
002 76632
003 53299
004 58740
005 67124
006 60702
007 70725
008 57223
009 18105
010 35694
011 73648
012 91132
013 21774
014 11519
015 62601
016 96889
017 31268
018 49574
019 45058
020 92910
021 09532
022 69610
023 80146
024 07357
025 72743
026 85925
027 35167
028 58500
029 12522
030 84836
031 42458
032 58996
033 62264
034 56353
035 08875
036 08614
037 47013
038 33249
039 93374
040 66746
041 15338
042 92970
043 17147
044 78268
045 78515
046 55177
047 09042
048 11630
049 33462
050 60448
051 26877
052 95473
053 96662
054 62069
055 32992
056 40990
057 56195
058 37498
059 70093
060 05901
061 79890
062 84439
063 35776
064 80456
065 14252
066 45568
067 03337
068 62759
069 47282
070 67805
071 50920
072 93405
073 70353
074 35257
075 71700
076 35826
077 46158
078 65886
079 60593
080 27952
081 76992
082 27212
083 56349
084 41035
085 06401
086 55604
087 69082
088 06014
089 54242
090 26338
091 12749
092 20266
093 12274
094 72435
095 18733
096 69334
097 80604
098 53541
099 -
100 10951
101 67872
102 94734
103 20108
104 00088
105 41481
106 90707
107 24236
108 66621
109 10961
110 13449
111 30198
112 25532
113 48899
114 27628
115 11000
116 34088
117 71712
118 51316
119 32302
120 40104
