001 26115
002 60817
003 67690
004 12219
005 29547
006 31194
007 24512
008 12531
009 96559
010 20843
011 23966
012 88935
013 21036
014 57036
015 28522
016 49181
017 31045
018 64737
019 53539
020 92018
021 48788
022 49884
023 65599
024 57766
025 16176
026 03015
027 89910
028 10133
029 45305
030 52475
031 76866
032 40919
033 36927
034 78492
035 98096
036 24203
037 17514
038 16762
039 17446
040 76308
041 46856
042 84761
043 17312
044 94598
045 39232
046 62249
047 56377
048 87997
049 98238
050 55285
051 84723
052 70272
053 54535
054 37867
055 64624
056 26276
057 71220
058 05705
059 74639
060 41158
061 24704
062 86587
063 20240
064 65820
065 74718
066 00799
067 73652
068 51087
069 61202
070 10300
071 36562
072 81968
073 16202
074 82593
075 00986
076 13375
077 56600
078 50858
079 57375
080 48838
081 24330
082 69089
083 45399
084 56372
085 87830
086 69157
087 86880
088 36928
089 06238
090 31433
091 05341
092 73523
093 86157
094 60098
095 74494
096 16612
097 46307
098 78947
099 26900
100 13049
101 89065
102 18360
103 34739
104 57713
105 03457
106 36398
107 14555
108 37548
109 54011
110 91893
111 38092
112 08531
113 44448
114 66379
115 21390
116 33632
117 21800
118 67372
119 48032
120 78596
