001 96298
002 14467
003 59047
004 48411
005 34689
006 43515
007 46837
008 35550
009 83284
010 50534
011 95998
012 33476
013 29906
014 62934
015 38242
016 86000
017 61599
018 45211
019 95211
020 35752
021 56826
022 92382
023 36262
024 04972
025 98473
026 76315
027 32918
028 71460
029 84407
030 74074
031 54446
032 78505
033 29631
034 55734
035 30022
036 84260
037 05959
038 16533
039 25200
040 87536
041 10747
042 99126
043 21573
044 83997
045 30371
046 60117
047 79664
048 83498
049 76643
050 31597
051 59329
052 88933
053 27983
054 57105
055 57333
056 09160
057 21968
058 57572
059 32304
060 53314
061 51005
062 87471
063 16725
064 15521
065 29234
066 78557
067 45419
068 79140
069 77274
070 22864
071 27574
072 12939
073 10758
074 71861
075 28473
076 07043
077 50034
078 66835
079 80799
080 82993
081 38603
082 82728
083 56013
084 37198
085 84455
086 08797
087 45214
088 60224
089 87572
090 38668
091 40021
092 37680
093 71774
094 66481
095 34436
096 71153
097 49882
098 20944
099 82129
100 12450
101 85176
102 70054
103 39692
104 71897
105 84342
106 49877
107 70035
108 81001
109 15858
110 11335
111 61633
112 81197
113 74015
114 11775
115 98815
116 85063
117 66832
118 30678
119 23365
120 11429

