001 54208
002 55057
003 79618
004 73538
005 23216
006 30390
007 00547
008 48364
009 44334
010 56510
011 43188
012 93279
013 71570
014 83091
015 28906
016 63057
017 29726
018 20178
019 87830
020 12027
021 36086
022 54413
023 81575
024 47014
025 83935
026 54233
027 67477
028 55393
029 83977
030 01167
031 19857
032 22077
033 96099
034 77329
035 69363
036 61121
037 71157
038 00806
039 19657
040 91777
041 17375
042 51835
043 67407
044 33993
045 25723
046 70001
047 31913
048 08552
049 98361
050 83582
051 79883
052 53672
053 18624
054 43385
055 56518
056 90411
057 99379
058 46293
059 59645
060 14286
061 57491
062 53132
063 91752
064 11805
065 42068
066 36977
067 39165
068 74866
069 41635
070 34697
071 35522
072 00965
073 52426
074 56966
075 87418
076 11396
077 20691
078 17424
079 38066
080 33485
081 15821
082 27351
083 74854
084 55276
085 95393
086 03393
087 07032
088 54107
089 15433
090 21093
091 92059
092 50517
093 33368
094 72869
095 15097
096 84801
097 24194
098 39849
099 53325
100 43272
101 96822
102 82536
103 30664
104 16228
105 49041
106 27668
107 14132
108 98031
109 98422
110 28989
111 49205
112 68160
113 61798
114 49950
115 26337
116 86190
117 80364
118 15552
119 87953
120 28085

