001 37697
002 30989
003 10304
004 80155
005 29712
006 12785
007 72211
008 84913
009 76624
010 19592
011 41533
012 11077
013 83622
014 40572
015 35329
016 04690
017 32977
018 16636
019 29488
020 22288
021 02830
022 19058
023 99625
024 98228
025 82699
026 73665
027 44215
028 74094
029 53658
030 21987
031 90066
032 94322
033 55023
034 13152
035 85425
036 02245
037 09726
038 99331
039 22407
040 81220
041 18978
042 72663
043 45387
044 10233
045 87277
046 35412
047 31153
048 84347
049 10106
050 68416
051 15627
052 89403
053 69969
054 19367
055 08765
056 96124
057 54437
058 57073
059 69035
060 22634
061 91646
062 89802
063 61640
064 43539
065 31643
066 55229
067 27425
068 98679
069 83280
070 38073
071 95633
072 67384
073 33866
074 00651
075 26573
076 44973
077 42882
078 70901
079 99983
080 44474
081 37638
082 28012
083 75821
084 45515
085 82433
086 24848
087 18652
088 55160
089 32366
090 16457
091 62924
092 90479
093 94390
094 15815
095 24886
096 28511
097 47773
098 90654
099 91368
100 76554
101 97020
102 97155
103 97250
104 31338
105 53402
106 12009
107 13540
108 66272
109 24384
110 37392
111 56193
112 07159
113 57749
114 53020
115 60319
116 53823
117 60627
118 26029
119 60173
120 78788

