001 54997
002 73937
003 44592
004 77376
005 75202
006 30277
007 34302
008 36583
009 77088
010 79293
011 76522
012 44206
013 95369
014 77501
015 51540
016 14512
017 90982
018 85920
019 65032
020 81280
021 39116
022 73574
023 35713
024 53091
025 88848
026 80491
027 26444
028 85455
029 75004
030 72283
031 89080
032 33783
033 47204
034 22284
035 21213
036 12038
037 92275
038 81167
039 52694
040 10504
041 87893
042 43414
043 53961
044 54180
045 06243
046 59561
047 69582
048 19270
049 12336
050 61562
051 08408
052 92507
053 05338
054 45012
055 29963
056 50665
057 48075
058 34358
059 28540
060 39903
061 49214
062 14717
063 26775
064 59688
065 49105
066 62317
067 70906
068 28410
069 41091
070 74783
071 72519
072 36766
073 76566
074 54194
075 25258
076 44420
077 88618
078 74372
079 06116
080 30884
081 99637
082 83647
083 88084
084 39230
085 26738
086 31364
087 84193
088 02458
089 40320
090 08466
091 88022
092 97521
093 16853
094 80338
095 49731
096 58891
097 29186
098 23977
099 79388
100 96860
101 78666
102 33905
103 69523
104 25639
105 49449
106 67222
107 09205
108 59162
109 09047
110 16092
111 42164
112 03737
113 12114
114 18807
115 30438
116 19331
117 02487
118 13851
119 30133
120 46494

