001 45854
002 02421
003 12542
004 41111
005 70900
006 55754
007 93757
008 59266
009 62608
010 41375
011 21417
012 19625
013 22127
014 63172
015 61771
016 99290
017 88651
018 52454
019 23048
020 02135
021 35437
022 82385
023 57519
024 46722
025 29243
026 96989
027 27944
028 80802
029 85119
030 57458
031 89407
032 30542
033 37623
034 13429
035 62227
036 01989
037 89072
038 22118
039 99968
040 26851
041 42418
042 64628
043 31223
044 48745
045 22067
046 17505
047 63133
048 12031
049 28246
050 19910
051 14055
052 78064
053 37214
054 53760
055 77543
056 25506
057 77492
058 04790
059 60152
060 39848
061 89069
062 26907
063 52600
064 10701
065 78218
066 08584
067 54311
068 68548
069 73982
070 86828
071 39157
072 80132
073 18055
074 92237
075 25939
076 65233
077 06632
078 72406
079 35242
080 68672
081 46416
082 80090
083 12650
084 09029
085 91195
086 76997
087 95312
088 13673
089 22829
090 92112
091 81154
092 76407
093 58182
094 14802
095 33663
096 43306
097 33942
098 74146
099 00657
100 64986
101 96896
102 49301
103 95171
104 83715
105 84687
106 35251
107 38070
108 94235
109 23256
110 81318
111 76136
112 33184
113 54264
114 46974
115 76811
116 91762
117 97577
118 49855
119 91355
120 96064
