001 61119
002 81961
003 19733
004 07038
005 47722
006 84160
007 34077
008 93405
009 72683
010 49691
011 32369
012 28422
013 15980
014 41749
015 16757
016 95115
017 57957
018 16436
019 87759
020 95288
021 39129
022 00265
023 39685
024 92606
025 43877
026 69203
027 58618
028 61844
029 47639
030 99424
031 51288
032 39111
033 53027
034 61691
035 30583
036 30684
037 16358
038 16905
039 31168
040 52850
041 94595
042 44267
043 82164
044 89456
045 23294
046 88630
047 05685
048 37620
049 93603
050 10808
051 54067
052 85461
053 72807
054 18383
055 86683
056 74828
057 93670
058 53102
059 87505
060 11995
061 22050
062 46604
063 82966
064 01850
065 09032
066 18234
067 74644
068 44513
069 89005
070 53028
071 47755
072 18733
073 44972
074 38988
075 12860
076 95990
077 48164
078 21288
079 20917
080 18372
081 17416
082 08362
083 38003
084 14537
085 28687
086 42908
087 22751
088 20495
089 92604
090 61568
091 74047
092 18184
093 69119
094 46913
095 63645
096 88637
097 38027
098 53614
099 08683
100 93587
101 45110
102 84255
103 86564
104 65709
105 78337
106 69068
107 22225
108 06522
109 74218
110 43581
111 52523
112 42249
113 15170
114 85264
115 00026
116 51853
117 00664
118 82020
119 95171
120 45018
