001 74932
002 06653
003 29879
004 98481
005 24386
006 19633
007 83523
008 90996
009 91161
010 17961
011 72549
012 45966
013 49318
014 30860
015 25571
016 55512
017 50070
018 41595
019 27735
020 25144
021 68227
022 59938
023 91484
024 52480
025 33074
026 93390
027 39623
028 76988
029 40024
030 59106
031 26670
032 95241
033 89828
034 11159
035 83713
036 03590
037 26826
038 37691
039 82554
040 88674
041 48620
042 45965
043 16935
044 45938
045 25933
046 98767
047 62924
048 45317
049 60895
050 18557
051 38513
052 95332
053 21229
054 38654
055 21560
056 72340
057 09532
058 40040
059 39394
060 42911
061 60899
062 40507
063 00198
064 43681
065 59476
066 01033
067 34797
068 38944
069 87252
070 62430
071 13050
072 63410
073 61238
074 97692
075 22273
076 16572
077 89453
078 19158
079 56980
080 74136
081 82115
082 33212
083 21830
084 97561
085 24852
086 67989
087 42158
088 51616
089 15278
090 54892
091 38799
092 44169
093 84642
094 26340
095 62784
096 43782
097 86638
098 34527
099 09358
100 68971
101 16791
102 56104
103 34156
104 29669
105 99894
106 92493
107 41756
108 15736
109 83692
110 63578
111 06081
112 52014
113 94674
114 59560
115 71678
116 23397
117 22517
118 57377
119 44674
120 42835

