001 50680
002 52186
003 -
004 -
005 -
006 40920
007 -
008 81311
009 82646
010 19207
011 20607
012 41875
013 59436
014 89251
015 04685
016 -
017 -
018 93689
019 58344
020 99130
021 48674
022 42108
023 40931
024 03530
025 78841
026 44600
027 00234
028 48349
029 96745
030 46120
031 78979
032 42280
033 68761
034 93801
035 99466
036 42465
037 12695
038 28677
039 22962
040 89327
041 70227
042 41156
043 89493
044 79815
045 92883
046 66197
047 29092
048 94598
049 93057
050 37754
051 03966
052 64661
053 10103
054 78755
055 82760
056 64448
057 98234
058 86334
059 59242
060 76093
061 38388
062 19204
063 49189
064 10681
065 67915
066 37778
067 64797
068 34574
069 35300
070 82475
071 36799
072 30529
073 11228
074 04233
075 23073
076 88151
077 81552
078 81736
079 00191
080 37861
081 03826
082 05271
083 47489
084 50272
085 17538
086 91257
087 78723
088 06178
089 62200
090 69910
091 69736
092 63748
093 48024
094 76701
095 50208
096 39997
097 90903
098 00383
099 42391
100 72437
101 81198
102 12514
103 66433
104 10334
105 04435
106 60493
107 82571
108 56792
109 63417
110 50630
111 18261
112 12897
113 -
114 59985
115 36473
116 54957
117 78002
118 28374
119 02321
120 37156
