001 - -
002 - -
003 - -
004 95795
005 22556
006 - -
007 - -
008 15035
009 34876
010 80801
011 37698
012 44317
013 - -
014 11115
015 - -
016 73316
017 26592
018 - -
019 21742
020 - -
021 11884
022 20535
023 90670
024 19327
025 43624
026 34731
027 78404
028 85751
029 74121
030 16052
031 00364
032 45540
033 15262
034 68253
035 36291
036 61625
037 26912
038 69355
039 76611
040 30599
041 60513
042 66244
043 98780
044 48181
045 67961
046 63406
047 06483
048 25977
049 48787
050 57005
051 01208
052 88742
053 90450
054 94264
055 97037
056 02961
057 77013
058 98983
059 38418
060 22115
061 21819
062 74823
063 16630
064 51850
065 43248
066 31748
067 26918
068 52599
069 48097
070 85034
071 84924
072 94162
073 21811
074 36510
075 35629
076 73841
077 02234
078 85374
079 73447
080 73768
081 04574
082 99058
083 98198
084 46443
085 37819
086 18393
087 72702
088 78737
089 88693
090 31569
091 20204
092 25370
093 25338
094 01036
095 28096
096 31462
097 58313
098 00743
099 77713
100 50710
101 34587
102 07712
103 01650
104 02708
105 89757
106 94319
107 61552
108 52758
109 89613
110 98790
111 28194
112 84722
113 71892
114 18265
115 24514
116 11700
117 43696
118 36882
119 58044
120 05450

