001 66299
002 10676
003 03880
004 87113
005 61930
006 07910
007 58762
008 06894
009 04039
010 22721
011 38067
012 17258
013 64408
014 67601
015 95896
016 91254
017 09501
018 90439
019 54969
020 48068
021 81222
022 47896
023 05601
024 49001
025 50487
026 81564
027 79964
028 90873
029 21836
030 09828
031 83011
032 55019
033 41654
034 92978
035 00098
036 11712
037 38698
038 98576
039 52864
040 60870
041 37100
042 45780
043 90335
044 15143
045 44415
046 26983
047 09844
048 04812
049 56719
050 33935
051 78133
052 97442
053 81380
054 79820
055 54035
056 91878
057 95750
058 77971
059 99766
060 07942
061 65689
062 44818
063 09941
064 71661
065 66151
066 57502
067 83733
068 47810
069 78985
070 00669
071 44846
072 27150
073 64287
074 61216
075 11232
076 69249
077 24882
078 20185
079 44688
080 95783
081 49597
082 52496
083 29426
084 82568
085 73754
086 13673
087 31932
088 90768
089 19261
090 08697
091 37118
092 15059
093 14222
094 53176
095 01482
096 56536
097 62051
098 31488
099 28885
100 83435
101 82752
102 06583
103 95716
104 07435
105 12209
106 75042
107 67889
108 44077
109 55294
110 94260
111 02906
112 42628
113 02555
114 45314
115 28153
116 49217
117 52866
118 14806
119 53711
120 71596

