001 30163
002 24406
003 78625
004 54537
005 78763
006 07030
007 47672
008 28626
009 41055
010 20902
011 77253
012 28608
013 82702
014 02681
015 65940
016 04704
017 88025
018 14543
019 93136
020 36555
021 59774
022 75853
023 67645
024 09146
025 16411
026 88781
027 01610
028 74015
029 12065
030 27810
031 98252
032 15902
033 46797
034 59099
035 72154
036 62065
037 80680
038 45137
039 98157
040 72101
041 86299
042 24630
043 67495
044 54752
045 30373
046 80559
047 62671
048 84497
049 44913
050 42332
051 44924
052 99212
053 19964
054 91828
055 25551
056 57474
057 79890
058 95271
059 52958
060 83837
061 35304
062 34065
063 45008
064 96216
065 23084
066 50707
067 32357
068 54080
069 59611
070 42644
071 03077
072 63332
073 81572
074 78212
075 38773
076 86624
077 90816
078 49493
079 65519
080 70672
081 48373
082 67931
083 46416
084 33411
085 21791
086 15016
087 69098
088 32177
089 46158
090 10517
091 19939
092 25611
093 09827
094 58497
095 23734
096 95783
097 52877
098 61954
099 -
100 -
101 11891
102 64531
103 -
104 -
105 -
106 13969
107 20708
108 10561
109 56669
110 -
111 57640
112 44497
113 -
114 91679
115 38222
116 72872
117 14245
118 62912
119 59101
120 48382
