001 15536
002 96444
003 36231
004 90746
005 61714
006 25482
007 49417
008 55046
009 92270
010 07200
011 37649
012 37872
013 54136
014 49651
015 98475
016 49968
017 75743
018 50716
019 65749
020 88308
021 63446
022 06420
023 75189
024 37988
025 79247
026 10815
027 51035
028 25826
029 13860
030 57494
031 68203
032 81470
033 52034
034 89844
035 29381
036 45968
037 03714
038 81894
039 82107
040 14063
041 83525
042 89909
043 73192
044 14170
045 88902
046 49163
047 17300
048 37641
049 58287
050 79163
051 95910
052 01110
053 17587
054 03827
055 06200
056 36759
057 10239
058 39535
059 91111
060 27540
061 10924
062 69130
063 42127
064 75762
065 31703
066 61885
067 21231
068 78728
069 61831
070 29428
071 78719
072 20007
073 43644
074 48923
075 63629
076 08344
077 43969
078 50617
079 46603
080 12582
081 62346
082 24554
083 36638
084 57599
085 73480
086 83366
087 92887
088 84088
089 47417
090 64630
091 32215
092 53828
093 01858
094 71547
095 66592
096 30272
097 89135
098 94665
099 57838
100 93576
101 38057
102 74160
103 34205
104 50050
105 72562
106 90926
107 69448
108 11268
109 92047
110 31712
111 84698
112 09811
113 02552
114 83865
115 94762
116 56517
117 58515
118 00899
119 22952
120 99205
