001 36056
002 93998
003 99829
004 50746
005 12440
006 18227
007 43555
008 93222
009 23072
010 90228
011 60469
012 32622
013 17264
014 76989
015 32448
016 24030
017 04353
018 65791
019 62988
020 12397
021 88154
022 72120
023 09382
024 17449
025 24026
026 21037
027 26157
028 34824
029 95962
030 53594
031 99225
032 91208
033 79313
034 98005
035 89556
036 28445
037 13643
038 06747
039 11654
040 60351
041 30882
042 16830
043 51756
044 32944
045 25848
046 50304
047 45012
048 33925
049 58130
050 55782
051 45342
052 47166
053 68972
054 18851
055 22987
056 96921
057 38323
058 42885
059 02117
060 20200
061 63219
062 90196
063 20011
064 33502
065 36228
066 87547
067 94009
068 10009
069 98673
070 23261
071 98613
072 29977
073 30072
074 77847
075 45333
076 57244
077 77593
078 60505
079 64812
080 22237
081 77025
082 45118
083 30847
084 37405
085 48744
086 38129
087 14982
088 50949
089 06277
090 51921
091 69566
092 14726
093 43006
094 88119
095 89044
096 69801
097 67351
098 25689
099 02651
100 04667
101 27545
102 28990
103 48456
104 61704
105 76133
106 36260
107 27678
108 42817
109 33438
110 19601
111 32838
112 24489
113 85681
114 53483
115 99797
116 90435
117 85507
118 65874
119 79482
120 99683

