001 15071
002 03289
003 11752
004 52478
005 84365
006 23021
007 47949
008 45987
009 78428
010 41253
011 77092
012 99500
013 92092
014 05977
015 56200
016 01401
017 85986
018 92107
019 29980
020 29145
021 81503
022 22786
023 52836
024 26655
025 84070
026 12232
027 81577
028 18027
029 32882
030 72842
031 57620
032 60564
033 65332
034 33388
035 33658
036 51076
037 52983
038 17190
039 26271
040 85524
041 09109
042 56375
043 19105
044 54986
045 23502
046 70627
047 21392
048 92810
049 32301
050 83283
051 32673
052 27113
053 47421
054 74304
055 40388
056 61322
057 17124
058 99047
059 04656
060 65377
061 06786
062 54111
063 13401
064 45721
065 14167
066 46346
067 10463
068 06800
069 95474
070 87402
071 93152
072 22315
073 61964
074 08556
075 42195
076 78584
077 06406
078 43895
079 69013
080 58409
081 49924
082 37934
083 90991
084 12355
085 69859
086 13762
087 35577
088 25700
089 11948
090 38021
091 67935
092 83950
093 16130
094 38342
095 08767
096 25394
097 45689
098 07944
099 50249
100 31389
101 53093
102 66635
103 65782
104 87613
105 86501
106 43892
107 19920
108 33154
109 68340
110 80884
111 22067
112 59854
113 62027
114 44768
115 29473
116 71294
117 68154
118 16254
119 19381
120 98798

