001 53766
002 96550
003 37153
004 70463
005 41855
006 09100
007 34860
008 58566
009 40059
010 93268
011 13497
012 96410
013 25494
014 86230
015 77705
016 75347
017 34358
018 70991
019 19778
020 61422
021 29071
022 73096
023 30759
024 25771
025 50157
026 12111
027 53644
028 35055
029 46561
030 38407
031 73967
032 00440
033 66919
034 93065
035 10790
036 09077
037 84538
038 79195
039 75785
040 76634
041 94459
042 63583
043 30729
044 42715
045 01243
046 22549
047 79640
048 73342
049 05952
050 91806
051 85064
052 02383
053 74602
054 71070
055 62863
056 11626
057 86628
058 97285
059 01955
060 01876
061 32755
062 32182
063 26855
064 75715
065 42719
066 06795
067 94412
068 19338
069 37417
070 56879
071 41763
072 10323
073 13240
074 95170
075 83068
076 07452
077 71604
078 69910
079 50230
080 10016
081 99987
082 75880
083 48533
084 02212
085 67038
086 05417
087 39915
088 23665
089 82937
090 76838
091 28434
092 51014
093 24656
094 05246
095 88890
096 05226
097 35685
098 46760
099 52689
100 37008
101 89375
102 90952
103 48523
104 02832
105 55152
106 43766
107 32672
108 59549
109 71549
110 67043
111 39129
112 36816
113 57155
114 40095
115 45419
116 15302
117 06573
118 35779
119 44792
120 62165

