001 11518
002 39791
003 48379
004 15974
005 77769
006 83376
007 89017
008 00287
009 03586
010 81217
011 47139
012 60398
013 45573
014 28374
015 46131
016 30274
017 43443
018 69106
019 42094
020 93059
021 59610
022 24641
023 51624
024 22770
025 03994
026 03913
027 46651
028 06928
029 26027
030 05771
031 69951
032 26011
033 74310
034 54084
035 74920
036 04440
037 33844
038 69683
039 80770
040 80934
041 41613
042 79660
043 74771
044 95107
045 41665
046 78794
047 80392
048 52918
049 33906
050 91523
051 12981
052 04834
053 80915
054 57723
055 19373
056 36074
057 42781
058 05533
059 22602
060 61529
061 19666
062 45244
063 36957
064 05508
065 71944
066 02403
067 24127
068 16220
069 97835
070 74706
071 47104
072 11609
073 63340
074 33139
075 08798
076 59523
077 60424
078 66393
079 70034
080 13787
081 62995
082 43565
083 20552
084 16543
085 25716
086 31184
087 32334
088 53348
089 64070
090 20839
091 34350
092 53287
093 38247
094 00888
095 56754
096 76062
097 57965
098 21839
099 81633
100 71198
101 49379
102 52057
103 86727
104 71753
105 61501
106 61054
107 44523
108 58222
109 98975
110 66232
111 11227
112 69091
113 60189
114 33842
115 15193
116 07027
117 48403
118 98070
119 98569
120 15074
