001 04215
002 39017
003 98053
004 46311
005 87129
006 49788
007 69387
008 03658
009 24340
010 24004
011 19893
012 91984
013 07307
014 23299
015 73847
016 61682
017 70752
018 32378
019 60445
020 98714
021 52881
022 51245
023 07312
024 97040
025 75510
026 27123
027 77149
028 31627
029 78101
030 55037
031 73774
032 22903
033 76800
034 41278
035 59116
036 72727
037 70990
038 68176
039 96355
040 88950
041 87932
042 31563
043 31964
044 96865
045 71051
046 21236
047 88507
048 85052
049 42831
050 45160
051 85456
052 99507
053 40840
054 53564
055 44521
056 99221
057 95840
058 60458
059 79351
060 20323
061 88370
062 27798
063 23727
064 87744
065 21819
066 51674
067 29561
068 50203
069 64351
070 35270
071 84550
072 82881
073 72233
074 12827
075 88725
076 03910
077 02126
078 14600
079 13547
080 01971
081 49981
082 87696
083 91456
084 74412
085 38608
086 85580
087 76187
088 09485
089 45511
090 73541
091 93930
092 55280
093 39283
094 87306
095 56139
096 96524
097 56199
098 47024
099 07117
100 33369
101 34716
102 10984
103 48609
104 95650
105 46327
106 67240
107 55351
108 85653
109 10628
110 16590
111 51499
112 32860
113 80405
114 21617
115 75014
116 31907
117 37691
118 00375
119 01692
120 38047

