001 33544
002 54354
003 48624
004 59718
005 76284
006 36477
007 67179
008 10699
009 46953
010 23316
011 71424
012 74472
013 38824
014 65673
015 39364
016 60571
017 57073
018 67789
019 36787
020 67951
021 10992
022 72076
023 98830
024 20302
025 92797
026 80124
027 79676
028 05002
029 77916
030 93748
031 73337
032 96390
033 79345
034 03442
035 75877
036 11919
037 00891
038 95658
039 93647
040 46377
041 51712
042 83152
043 00875
044 86653
045 60962
046 24211
047 11481
048 96649
049 68428
050 33355
051 68505
052 28136
053 14079
054 73319
055 21568
056 23189
057 17039
058 42387
059 82453
060 08667
061 97827
062 02965
063 15990
064 61131
065 00300
066 79123
067 15694
068 05467
069 04460
070 71353
071 98302
072 07125
073 13238
074 97389
075 43683
076 55176
077 96716
078 25347
079 76506
080 07586
081 46985
082 34372
083 18401
084 94576
085 19936
086 78582
087 61446
088 50938
089 43171
090 22611
091 30490
092 89755
093 28263
094 68123
095 13613
096 02638
097 67731
098 73994
099 22434
100 03965
101 13916
102 04113
103 17148
104 39822
105 78878
106 17207
107 08621
108 28057
109 46467
110 37090
111 08597
112 00079
113 26756
114 30263
115 44187
116 86852
117 64960
118 63269
119 79020
120 53706
