001 05160
002 30854
003 91034
004 80122
005 92650
006 20015
007 79773
008 60585
009 30028
010 16310
011 96764
012 02281
013 08558
014 09356
015 95844
016 48906
017 64815
018 65323
019 19912
020 78411
021 88024
022 90874
023 97260
024 95159
025 34983
026 66228
027 30615
028 70714
029 80909
030 94077
031 33986
032 18791
033 63254
034 09999
035 89975
036 08542
037 04173
038 03441
039 76603
040 70947
041 53202
042 85909
043 29898
044 95438
045 57092
046 87444
047 15260
048 21496
049 30255
050 62595
051 78994
052 70634
053 33184
054 16055
055 37916
056 03468
057 95380
058 53485
059 83667
060 44933
061 45622
062 27205
063 93025
064 51725
065 47993
066 11902
067 49604
068 25609
069 72904
070 25028
071 85112
072 11531
073 07784
074 92420
075 51095
076 59883
077 21891
078 03219
079 16856
080 10781
081 24951
082 25390
083 58099
084 19880
085 74557
086 55422
087 67647
088 58158
089 18192
090 63950
091 77519
092 74095
093 22729
094 52970
095 10210
096 04668
097 13118
098 20412
099 59902
100 15564
101 23488
102 65745
103 02550
104 72838
105 63753
106 66333
107 39686
108 60545
109 40226
110 19594
111 23218
112 07086
113 77420
114 28158
115 17659
116 68405
117 53673
118 01727
119 68070
120 00421

