001 98898
002 17381
003 50394
004 78646
005 27493
006 27312
007 05481
008 17856
009 93173
010 86199
011 36184
012 44068
013 53968
014 98068
015 90857
016 02956
017 86989
018 66962
019 61734
020 39449
021 24072
022 42995
023 65278
024 66385
025 69463
026 94718
027 26777
028 68418
029 58089
030 37571
031 69149
032 06781
033 24641
034 49750
035 82926
036 14726
037 25224
038 57878
039 81199
040 98216
041 14439
042 77892
043 35173
044 95993
045 58756
046 89066
047 40057
048 49077
049 22910
050 02564
051 80635
052 90919
053 47496
054 44982
055 31734
056 77495
057 55470
058 81521
059 46871
060 85809
061 95326
062 68860
063 65279
064 18621
065 00056
066 67931
067 14805
068 97847
069 03873
070 92706
071 73433
072 95751
073 78105
074 40158
075 81027
076 76549
077 79324
078 58892
079 43200
080 26297
081 80779
082 38968
083 90199
084 82658
085 20804
086 64065
087 76577
088 18608
089 25871
090 67460
091 05498
092 18110
093 25236
094 61994
095 07446
096 15991
097 87482
098 48492
099 45390
100 07535
101 49597
102 50329
103 19431
104 98613
105 13125
106 02590
107 27190
108 39354
109 65889
110 15408
111 16687
112 60866
113 08821
114 89185
115 63771
116 96085
117 69903
118 18422
119 55163
120 89011

