001 14542
002 12458
003 93144
004 58643
005 96212
006 71622
007 90583
008 48708
009 02317
010 13263
011 76020
012 69838
013 88302
014 86826
015 13682
016 96996
017 20205
018 98562
019 67072
020 26064
021 62620
022 85635
023 62840
024 74825
025 80416
026 47369
027 53401
028 33233
029 50342
030 87935
031 14099
032 16886
033 35960
034 14624
035 35297
036 74732
037 72693
038 74964
039 22161
040 22016
041 48362
042 33574
043 96421
044 42700
045 89400
046 71905
047 80358
048 94885
049 37309
050 89487
051 59527
052 88272
053 35775
054 25811
055 15811
056 47444
057 78070
058 70923
059 32985
060 55149
061 79765
062 96610
063 48065
064 24852
065 92997
066 50843
067 56003
068 51668
069 48151
070 11853
071 69407
072 28610
073 51331
074 05033
075 48203
076 49472
077 45784
078 58783
079 28241
080 64376
081 47350
082 60351
083 44873
084 08542
085 67795
086 94941
087 41983
088 65829
089 92349
090 36656
091 49006
092 85037
093 86110
094 56970
095 39310
096 83200
097 08309
098 90912
099 06067
100 23942
101 71988
102 78125
103 56139
104 49396
105 71475
106 48349
107 13364
108 21372
109 13443
110 00135
111 30852
112 19935
113 70193
114 74781
115 74788
116 64913
117 45276
118 20856
119 93401
120 89819
