001 33433
002 48773
003 08105
004 83768
005 72552
006 11982
007 05028
008 75568
009 59757
010 17726
011 58113
012 09038
013 00812
014 15764
015 77479
016 74737
017 76613
018 75169
019 28155
020 14767
021 02221
022 61645
023 80717
024 45299
025 41834
026 38123
027 83615
028 31947
029 40014
030 12893
031 30320
032 85114
033 97646
034 50038
035 37267
036 95211
037 40814
038 89147
039 45812
040 61084
041 02550
042 13398
043 49148
044 09108
045 37512
046 30584
047 09702
048 58024
049 84192
050 04051
051 00680
052 16601
053 32536
054 09517
055 69268
056 60278
057 43731
058 89313
059 43697
060 81616
061 52273
062 59732
063 77246
064 28094
065 83245
066 49088
067 69608
068 90206
069 98584
070 70404
071 08572
072 82570
073 10071
074 18575
075 24557
076 56667
077 63288
078 79135
079 31108
080 51009
081 27024
082 94688
083 33316
084 74264
085 86326
086 63414
087 58753
088 15920
089 55098
090 45729
091 85797
092 03967
093 43089
094 12396
095 28089
096 31512
097 32334
098 30724
099 99153
100 69805
101 89530
102 65500
103 82476
104 85071
105 29264
106 17220
107 81682
108 14361
109 01453
110 31251
111 93431
112 79042
113 38938
114 67762
115 01506
116 29471
117 55689
118 15288
119 50190
120 81423

