001 14042
002 11197
003 25788
004 03351
005 42969
006 64264
007 58665
008 13391
009 98168
010 06269
011 02783
012 68388
013 05979
014 68610
015 60213
016 55268
017 03257
018 58770
019 83848
020 69677
021 64231
022 29996
023 56479
024 51012
025 62343
026 85614
027 05768
028 47860
029 39752
030 53360
031 41755
032 09490
033 31140
034 61552
035 95835
036 30552
037 29158
038 68710
039 16656
040 68858
041 97248
042 55693
043 06987
044 05714
045 18510
046 92394
047 83917
048 14196
049 38789
050 45601
051 28613
052 94449
053 82434
054 75054
055 69663
056 69067
057 10413
058 60434
059 30581
060 44462
061 41829
062 77455
063 54424
064 24179
065 40999
066 17404
067 51358
068 63002
069 03858
070 21459
071 92479
072 26357
073 54511
074 59777
075 77009
076 75797
077 20978
078 40070
079 52620
080 40599
081 15987
082 83569
083 75164
084 61214
085 54421
086 56275
087 79648
088 80706
089 26539
090 58409
091 21302
092 88109
093 85345
094 87292
095 94055
096 91653
097 56768
098 48967
099 26158
100 47288
101 13523
102 02628
103 74861
104 15984
105 03960
106 57097
107 08219
108 33163
109 21249
110 89933
111 95215
112 94434
113 05212
114 69353
115 12418
116 47222
117 22832
118 35009
119 43443
120 37352
