001 12776
002 43334
003 94182
004 47237
005 69080
006 93368
007 37464
008 21361
009 63089
010 10405
011 88022
012 31489
013 51899
014 22889
015 17917
016 46155
017 49542
018 16730
019 02519
020 83784
021 01201
022 50063
023 31811
024 88403
025 04851
026 40652
027 61530
028 29817
029 19726
030 43991
031 75185
032 38215
033 93640
034 73362
035 88640
036 95238
037 25035
038 34651
039 12373
040 97782
041 25983
042 89253
043 09244
044 73738
045 49424
046 80716
047 74899
048 73509
049 20288
050 73031
051 53847
052 54183
053 14124
054 67320
055 68436
056 77161
057 34856
058 64712
059 81289
060 78110
061 97111
062 05121
063 04947
064 49305
065 76700
066 30845
067 55426
068 02736
069 02903
070 34233
071 97577
072 90247
073 84139
074 39698
075 73876
076 85315
077 02448
078 60125
079 10325
080 92909
081 40494
082 96347
083 09873
084 12905
085 70699
086 67404
087 65463
088 19259
089 79390
090 02949
091 75591
092 27333
093 26967
094 97816
095 15436
096 45442
097 94719
098 35914
099 68490
100 93194
101 83449
102 65762
103 12602
104 91398
105 29810
106 99569
107 72084
108 42866
109 13015
110 24650
111 34999
112 62313
113 39825
114 46194
115 22282
116 03220
117 77835
118 51104
119 69156
120 23169

