001 79137
002 53540
003 49161
004 97308
005 31821
006 31285
007 87990
008 09610
009 16011
010 96701
011 69401
012 75597
013 63409
014 09509
015 41078
016 39930
017 03814
018 52237
019 11071
020 65403
021 15188
022 17094
023 78969
024 99069
025 45928
026 81522
027 60504
028 74383
029 15565
030 26785
031 69163
032 92781
033 62798
034 31310
035 00068
036 79983
037 87407
038 86495
039 72561
040 40238
041 93511
042 66759
043 55698
044 67038
045 94067
046 02765
047 45819
048 74297
049 96179
050 70913
051 75372
052 83195
053 21085
054 52400
055 71117
056 88518
057 65843
058 11003
059 57925
060 45943
061 83453
062 59099
063 94586
064 65712
065 87083
066 92786
067 98855
068 80892
069 67357
070 28254
071 28203
072 83686
073 78612
074 92306
075 97649
076 87412
077 26770
078 55818
079 41697
080 28531
081 24485
082 86594
083 77086
084 44996
085 43308
086 51740
087 79410
088 15341
089 76204
090 92584
091 23846
092 82940
093 51500
094 44800
095 01056
096 41851
097 56375
098 14655
099 21068
100 39717
101 76000
102 25969
103 21415
104 56440
105 16710
106 90226
107 48073
108 40040
109 84901
110 99660
111 61156
112 33187
113 69657
114 33204
115 34524
116 54441
117 13150
118 89365
119 40719
120 46697

