001 13850
002 92547
003 24531
004 22460
005 69631
006 98536
007 94138
008 19700
009 34299
010 46479
011 73372
012 52404
013 86572
014 34480
015 29705
016 55198
017 83058
018 61609
019 54009
020 50425
021 62087
022 33775
023 05551
024 05099
025 95066
026 91194
027 97819
028 84117
029 14284
030 32841
031 15168
032 69612
033 01879
034 52989
035 40507
036 61603
037 93051
038 57145
039 06774
040 56400
041 56119
042 63769
043 34399
044 35005
045 34039
046 77118
047 07194
048 43571
049 40078
050 33791
051 07630
052 48864
053 78475
054 13340
055 47531
056 24388
057 11688
058 09518
059 34267
060 11181
061 97889
062 52352
063 78718
064 47187
065 02636
066 67640
067 04021
068 54441
069 55440
070 52120
071 87886
072 66174
073 35371
074 28368
075 28778
076 17519
077 49077
078 14892
079 09616
080 23018
081 69050
082 11543
083 06061
084 50642
085 23042
086 91529
087 82298
088 32270
089 75622
090 69138
091 61622
092 87904
093 77472
094 42353
095 41296
096 15888
097 33958
098 56675
099 02139
100 78752
101 74866
102 88805
103 38815
104 45152
105 36818
106 26859
107 79734
108 67623
109 84709
110 02511
111 36895
112 18370
113 94036
114 93207
115 33797
116 45763
117 44281
118 64125
119 71825
120 75563
