001 86917
002 74148
003 80818
004 54429
005 57989
006 96008
007 75837
008 11265
009 65419
010 35761
011 59222
012 74713
013 52387
014 78885
015 31784
016 54141
017 06648
018 56480
019 29368
020 27858
021 08087
022 99552
023 08252
024 63982
025 07218
026 07725
027 00370
028 62522
029 74578
030 72037
031 29094
032 87170
033 26807
034 09357
035 04954
036 00964
037 61557
038 69341
039 27843
040 39941
041 37453
042 40969
043 29144
044 94793
045 94061
046 82458
047 32340
048 69910
049 42356
050 58276
051 18151
052 67974
053 32215
054 09371
055 90888
056 81892
057 58643
058 27281
059 63464
060 77341
061 57241
062 16778
063 95242
064 02028
065 73202
066 61013
067 76084
068 15087
069 63311
070 52502
071 70285
072 99020
073 73266
074 06114
075 82190
076 71695
077 33951
078 00704
079 66589
080 61739
081 82833
082 88405
083 81266
084 52716
085 01471
086 95134
087 76026
088 39655
089 38090
090 36729
091 48995
092 75867
093 39198
094 05840
095 07119
096 04180
097 18099
098 71853
099 13471
100 66168
101 41441
102 24249
103 13107
104 58277
105 82081
106 00575
107 95536
108 47939
109 61256
110 49718
111 67284
112 56166
113 27499
114 83989
115 80373
116 20860
117 36952
118 06473
119 42393
120 26906
