001 01817
002 51464
003 87809
004 07581
005 78089
006 06043
007 89402
008 18330
009 62418
010 60628
011 86311
012 37352
013 19240
014 90761
015 99221
016 62419
017 32462
018 87050
019 29692
020 63034
021 00072
022 29068
023 12892
024 52438
025 00528
026 78622
027 11645
028 47832
029 44743
030 78492
031 54955
032 17022
033 04116
034 63432
035 36741
036 03755
037 39802
038 08714
039 32297
040 02407
041 27305
042 35300
043 44503
044 91949
045 86315
046 10355
047 70691
048 68201
049 08511
050 69792
051 70109
052 69926
053 54237
054 45281
055 04300
056 60000
057 79891
058 42159
059 26697
060 68948
061 29611
062 35539
063 32994
064 42596
065 79301
066 87399
067 06006
068 68184
069 16676
070 11037
071 58284
072 52602
073 98435
074 58656
075 86499
076 50974
077 46157
078 29113
079 76019
080 18394
081 88907
082 11622
083 19222
084 28436
085 75747
086 36098
087 59275
088 74594
089 43784
090 61640
091 32088
092 31055
093 87308
094 32201
095 56352
096 77951
097 66311
098 97048
099 64381
100 92338
101 60876
102 92063
103 30093
104 46837
105 45730
106 75674
107 10480
108 27746
109 36276
110 38694
111 24807
112 14151
113 19564
114 86683
115 65658
116 35141
117 82477
118 54596
119 13201
120 59771
