001 58371
002 28578
003 26549
004 18059
005 20133
006 82223
007 33150
008 88502
009 78016
010 46880
011 90371
012 23017
013 67075
014 91929
015 09230
016 18129
017 71028
018 97724
019 95744
020 49222
021 06405
022 03575
023 00558
024 25995
025 88005
026 21532
027 10642
028 58056
029 83658
030 00392
031 91676
032 18769
033 52362
034 17277
035 79419
036 58614
037 85954
038 94299
039 75050
040 40327
041 64810
042 70387
043 09904
044 26269
045 90209
046 89876
047 12328
048 68556
049 51783
050 21610
051 26491
052 26028
053 32283
054 94370
055 01690
056 88890
057 24603
058 33920
059 71376
060 46891
061 64875
062 59848
063 89949
064 99096
065 64234
066 18675
067 76295
068 92012
069 34897
070 63438
071 78932
072 11023
073 64074
074 23875
075 07742
076 32067
077 74617
078 54411
079 13028
080 58999
081 76020
082 68937
083 60301
084 69032
085 16279
086 84368
087 83582
088 43091
089 57471
090 81794
091 97877
092 19510
093 61447
094 67007
095 82960
096 24496
097 81611
098 88572
099 95577
100 73490
101 69603
102 11116
103 66378
104 76374
105 90314
106 91496
107 12064
108 00918
109 25962
110 25712
111 86635
112 84905
113 61055
114 96583
115 14066
116 93995
117 72961
118 72468
119 88398
120 97994

