001 91478
002 11593
003 20040
004 51783
005 36849
006 19211
007 06195
008 38068
009 31653
010 86259
011 44115
012 42511
013 11129
014 66518
015 55087
016 46996
017 13411
018 31284
019 27994
020 15893
021 85317
022 93231
023 22542
024 24940
025 82992
026 77343
027 34993
028 08157
029 03965
030 63433
031 36025
032 55546
033 49153
034 44908
035 22353
036 46615
037 00468
038 24448
039 39594
040 62913
041 30525
042 35927
043 75469
044 66128
045 95173
046 77986
047 83576
048 03928
049 50867
050 76559
051 08954
052 87505
053 93077
054 45824
055 81757
056 87482
057 75331
058 26655
059 90926
060 15911
061 15469
062 00409
063 62134
064 30031
065 18098
066 52546
067 65884
068 64962
069 76898
070 67773
071 48169
072 79393
073 39887
074 72513
075 68472
076 79055
077 72611
078 79832
079 26702
080 50211
081 07084
082 05556
083 45724
084 91399
085 99509
086 56153
087 27714
088 55261
089 04217
090 40262
091 97438
092 16303
093 21372
094 89079
095 17479
096 36214
097 66199
098 05598
099 62546
100 48069
101 48172
102 98549
103 49934
104 00480
105 90535
106 38485
107 38558
108 26382
109 91321
110 32708
111 19896
112 51087
113 82699
114 75879
115 80488
116 39698
117 40444
118 85535
119 10876
120 99519
