001 27009
002 95123
003 53093
004 29153
005 91707
006 45128
007 74662
008 70030
009 82640
010 08840
011 42563
012 92954
013 85666
014 19392
015 84617
016 22299
017 47983
018 73940
019 89416
020 70020
021 96992
022 59318
023 39238
024 24486
025 32252
026 75639
027 71493
028 23606
029 15207
030 00676
031 94167
032 19316
033 57881
034 47073
035 21540
036 57297
037 11924
038 61712
039 02230
040 83820
041 15758
042 35239
043 03435
044 04658
045 84193
046 43877
047 26742
048 37106
049 88852
050 52091
051 52724
052 42760
053 24701
054 36915
055 36175
056 31041
057 61363
058 17706
059 44950
060 20416
061 06515
062 69146
063 91611
064 87479
065 77067
066 39380
067 59038
068 74742
069 03377
070 35993
071 34202
072 07569
073 77572
074 90490
075 35031
076 14878
077 41964
078 08295
079 37110
080 43849
081 95659
082 70308
083 12579
084 14430
085 18155
086 06243
087 99968
088 86625
089 76856
090 42715
091 45388
092 45833
093 69073
094 11729
095 03820
096 55473
097 63556
098 62488
099 98059
100 03363
101 05854
102 70758
103 31174
104 32176
105 56422
106 60396
107 57275
108 99751
109 52500
110 55648
111 49786
112 44023
113 70471
114 08183
115 73121
116 73722
117 11943
118 90605
119 92919
120 67872
