001 67810
002 35152
003 58743
004 78396
005 21433
006 92943
007 48302
008 48442
009 22336
010 23354
011 90961
012 43735
013 52085
014 53058
015 79766
016 52645
017 85827
018 11371
019 10262
020 47527
021 42937
022 91663
023 03570
024 20255
025 55308
026 07969
027 88233
028 94233
029 32735
030 93592
031 18798
032 22400
033 19814
034 57221
035 98009
036 58997
037 23762
038 88827
039 48474
040 86628
041 15909
042 06562
043 02108
044 59315
045 36016
046 87301
047 22723
048 16051
049 52827
050 54893
051 83653
052 96309
053 36353
054 84303
055 44809
056 58270
057 85534
058 58337
059 86670
060 38622
061 05049
062 82184
063 61504
064 44619
065 50652
066 85455
067 93078
068 81585
069 25287
070 99152
071 12226
072 89097
073 54507
074 75636
075 23817
076 63193
077 31841
078 94773
079 23904
080 71468
081 01150
082 75054
083 66330
084 61524
085 47846
086 42807
087 41156
088 00911
089 50183
090 43367
091 59719
092 90988
093 17449
094 61337
095 79530
096 26381
097 74274
098 11311
099 09078
100 73952
101 63354
102 97439
103 17605
104 62684
105 66541
106 40883
107 79129
108 14491
109 13690
110 81156
111 65168
112 43994
113 81957
114 09463
115 06615
116 25783
117 27810
118 09811
119 87440
120 73543

