001 72374
002 56075
003 19938
004 85748
005 05416
006 55315
007 00622
008 08154
009 83323
010 32627
011 80303
012 68953
013 68603
014 82471
015 57388
016 51205
017 85154
018 38431
019 33007
020 88945
021 56996
022 01354
023 76079
024 16959
025 38921
026 84509
027 47688
028 21236
029 46719
030 60921
031 73263
032 91284
033 41357
034 24319
035 36835
036 82584
037 87410
038 61620
039 37194
040 13273
041 87492
042 92537
043 63169
044 03106
045 05349
046 12939
047 63235
048 80916
049 89258
050 14508
051 76068
052 08662
053 44360
054 63109
055 63717
056 24759
057 10181
058 18899
059 54061
060 16008
061 95661
062 57456
063 19022
064 05124
065 24352
066 97823
067 75286
068 28750
069 29404
070 36465
071 26866
072 40264
073 59526
074 80183
075 44941
076 89594
077 23659
078 38151
079 01736
080 49592
081 79943
082 71218
083 64323
084 27242
085 00529
086 35485
087 13775
088 74351
089 56587
090 56052
091 00228
092 76694
093 92664
094 48547
095 22447
096 89205
097 57928
098 86855
099 44391
100 11652
101 11692
102 67075
103 61579
104 00042
105 08320
106 50219
107 24816
108 93094
109 59766
110 25099
111 05311
112 96056
113 90213
114 51384
115 92247
116 02866
117 36975
118 61649
119 23085
120 87993

