001 29111
002 63743
003 38442
004 92620
005 23605
006 12365
007 64617
008 44262
009 72192
010 46449
011 18813
012 14354
013 14279
014 24237
015 97778
016 85085
017 93345
018 97314
019 40104
020 00166
021 20617
022 74561
023 69622
024 07335
025 50127
026 14846
027 39668
028 65287
029 31982
030 00690
031 66997
032 98090
033 48918
034 50728
035 15316
036 44513
037 35980
038 35267
039 63711
040 30794
041 53979
042 16557
043 43059
044 77293
045 10094
046 00607
047 66228
048 54332
049 91294
050 28810
051 72776
052 16383
053 39511
054 05125
055 25917
056 67819
057 71498
058 52879
059 47219
060 25732
061 63226
062 83578
063 08506
064 83566
065 31610
066 45737
067 24192
068 17407
069 95659
070 78031
071 19695
072 40464
073 78529
074 34560
075 82110
076 10840
077 11073
078 33724
079 79495
080 50239
081 21917
082 17941
083 20933
084 09004
085 41852
086 11655
087 94852
088 51107
089 13605
090 69536
091 71605
092 83501
093 61758
094 75607
095 81193
096 16599
097 79783
098 78055
099 85155
100 60091
101 14252
102 38465
103 36305
104 10078
105 77294
106 91674
107 10605
108 22404
109 98185
110 98627
111 87506
112 04562
113 45890
114 49758
115 17674
116 77780
117 41467
118 60270
119 98851
120 58540

