001 87175
002 16302
003 71880
004 38525
005 44199
006 34780
007 20186
008 19618
009 38329
010 38408
011 65675
012 93966
013 74903
014 37685
015 29009
016 29681
017 43566
018 16628
019 32706
020 83078
021 02889
022 35067
023 53754
024 02446
025 79788
026 84784
027 90282
028 19262
029 85050
030 78104
031 79101
032 39609
033 89645
034 92528
035 16904
036 99612
037 81610
038 93095
039 33226
040 57503
041 26697
042 68136
043 94591
044 98675
045 77831
046 83579
047 54218
048 15851
049 26644
050 94750
051 36698
052 28209
053 43946
054 92889
055 59901
056 98296
057 56929
058 41922
059 84667
060 72511
061 80528
062 39977
063 10438
064 98383
065 53950
066 90429
067 92894
068 18364
069 98664
070 05920
071 40871
072 46015
073 29430
074 83260
075 02082
076 00798
077 57592
078 44554
079 92498
080 84880
081 57189
082 12365
083 57412
084 08196
085 67402
086 36920
087 32490
088 39054
089 53025
090 55262
091 36833
092 05998
093 05345
094 74398
095 49471
096 -
097 68427
098 73392
099 22524
100 12718
101 51014
102 45815
103 10211
104 75329
105 15385
106 41537
107 04410
108 47423
109 83086
110 21705
111 31225
112 10093
113 15987
114 66033
115 19561
116 79285
117 60774
118 04929
119 17544
120 84593
