001 45742
002 85894
003 57275
004 99271
005 65152
006 00645
007 82453
008 39074
009 61500
010 02140
011 06848
012 29128
013 16431
014 90382
015 72256
016 08798
017 27049
018 69254
019 59576
020 50574
021 24542
022 77795
023 03569
024 29526
025 69146
026 19039
027 26076
028 62214
029 48886
030 55179
031 61699
032 78745
033 11381
034 45094
035 97717
036 57652
037 05425
038 39690
039 35519
040 81340
041 05262
042 13554
043 77464
044 22487
045 89258
046 33995
047 06872
048 50707
049 17006
050 84427
051 07263
052 05481
053 68931
054 63589
055 44506
056 97800
057 57545
058 24830
059 97358
060 31992
061 71991
062 61673
063 72853
064 70696
065 99522
066 40039
067 44817
068 31167
069 91417
070 69351
071 45059
072 51277
073 57768
074 59083
075 53938
076 67728
077 15021
078 24348
079 16358
080 43572
081 63140
082 13069
083 15204
084 40686
085 78061
086 90734
087 50978
088 00410
089 10579
090 35038
091 61986
092 35945
093 03130
094 77376
095 46766
096 63033
097 46754
098 51442
099 04207
100 89792
101 72427
102 38300
103 97449
104 35095
105 85746
106 94242
107 42896
108 90382
109 86252
110 99870
111 19179
112 76537
113 69551
114 10396
115 52662
116 75571
117 60730
118 00538
119 77987
120 02989

