001 33780
002 89878
003 98326
004 07341
005 85173
006 41822
007 67959
008 90814
009 18254
010 00257
011 23167
012 04167
013 70794
014 89042
015 33742
016 49445
017 69276
018 98973
019 94371
020 08736
021 05650
022 65650
023 61483
024 37467
025 72476
026 96387
027 14038
028 38055
029 22713
030 47483
031 11456
032 41919
033 54084
034 89896
035 23641
036 56674
037 71734
038 23499
039 43019
040 40086
041 57747
042 37509
043 78119
044 81666
045 51716
046 29439
047 98240
048 31986
049 73268
050 90770
051 06518
052 25174
053 80551
054 42161
055 69150
056 25136
057 25914
058 07378
059 05651
060 33953
061 62621
062 91974
063 04298
064 14554
065 50146
066 19682
067 40199
068 84373
069 91784
070 09381
071 77479
072 57968
073 24812
074 30753
075 49963
076 59417
077 61889
078 92403
079 46143
080 97534
081 43467
082 18908
083 61189
084 00824
085 03251
086 81953
087 58656
088 58692
089 15140
090 56890
091 77565
092 80125
093 97580
094 37031
095 04590
096 41998
097 36436
098 86756
099 19166
100 72552
101 21879
102 06900
103 23794
104 55301
105 39591
106 50101
107 59927
108 34785
109 72941
110 60829
111 34256
112 85611
113 65384
114 62857
115 26231
116 05376
117 25424
118 36352
119 09866
120 61593

