001 06353
002 86516
003 75755
004 77841
005 41381
006 94456
007 49618
008 57675
009 51098
010 18142
011 37381
012 49751
013 46083
014 82239
015 81361
016 27851
017 68688
018 98923
019 17528
020 11521
021 57387
022 59559
023 89910
024 80297
025 01181
026 55988
027 83646
028 27765
029 22909
030 88211
031 94707
032 45771
033 66338
034 25105
035 17771
036 04577
037 12347
038 18887
039 44353
040 01699
041 03252
042 09225
043 08971
044 07954
045 56807
046 68682
047 19649
048 94585
049 32305
050 43838
051 65599
052 05363
053 74693
054 43409
055 35800
056 07098
057 58746
058 17805
059 17930
060 89803
061 18093
062 89398
063 71132
064 22625
065 07660
066 13298
067 31902
068 18518
069 83274
070 21530
071 09984
072 42148
073 94410
074 72279
075 37414
076 50035
077 57406
078 57969
079 59962
080 08052
081 27011
082 55154
083 68035
084 29303
085 07283
086 17668
087 45863
088 49911
089 59387
090 86666
091 21304
092 64428
093 83969
094 46649
095 98354
096 27242
097 24443
098 04342
099 88477
100 99031
101 06788
102 81189
103 08056
104 96987
105 06101
106 12534
107 84651
108 80001
109 31801
110 93482
111 64325
112 31192
113 74483
114 44759
115 95449
116 26871
117 46039
118 71795
119 27224
120 69646
