001 93377
002 51858
003 88483
004 23101
005 30579
006 40730
007 26616
008 22074
009 51562
010 10391
011 86195
012 85881
013 22308
014 43246
015 30620
016 70020
017 77202
018 89458
019 12091
020 06933
021 53982
022 54478
023 63702
024 49775
025 61865
026 15367
027 87842
028 58744
029 31789
030 24227
031 71548
032 94294
033 13057
034 10457
035 13045
036 11978
037 06766
038 41772
039 98046
040 42777
041 38217
042 81649
043 64501
044 95544
045 79483
046 44071
047 20351
048 86424
049 96472
050 27987
051 79482
052 64527
053 77879
054 54544
055 91235
056 34994
057 26261
058 03909
059 80630
060 57022
061 46318
062 17670
063 09084
064 06029
065 75787
066 72043
067 22480
068 44867
069 03134
070 50035
071 44622
072 97050
073 48824
074 61183
075 29915
076 38636
077 21999
078 61511
079 31000
080 34262
081 38841
082 60928
083 20695
084 78653
085 54101
086 88009
087 30250
088 87207
089 90046
090 21664
091 10959
092 03842
093 55869
094 30479
095 14678
096 85470
097 98737
098 86626
099 18401
100 98781
101 90277
102 47963
103 36521
104 78968
105 39195
106 16354
107 17721
108 07984
109 15621
110 97137
111 44238
112 50322
113 59919
114 58846
115 75542
116 75289
117 15371
118 37764
119 82905
120 88391

