001 02124
002 84093
003 22678
004 41575
005 62419
006 64704
007 58285
008 04795
009 03211
010 57065
011 24374
012 12669
013 68222
014 35399
015 76088
016 55828
017 34207
018 29724
019 99138
020 96853
021 88456
022 46089
023 77832
024 37713
025 28349
026 47558
027 41594
028 75840
029 95845
030 64659
031 41071
032 40096
033 43773
034 10319
035 16685
036 87717
037 62394
038 20471
039 25198
040 36506
041 82620
042 51537
043 74497
044 11211
045 35497
046 80766
047 67451
048 26937
049 56320
050 11716
051 24143
052 80122
053 03254
054 12547
055 34657
056 58578
057 96222
058 33846
059 17476
060 06814
061 05651
062 77416
063 50290
064 37626
065 39341
066 65440
067 67034
068 79333
069 41225
070 53315
071 15604
072 29086
073 31022
074 10996
075 65848
076 88665
077 37330
078 58514
079 33376
080 18044
081 19098
082 66471
083 74859
084 36427
085 92757
086 82362
087 79103
088 70972
089 09866
090 53825
091 90588
092 75226
093 21284
094 66622
095 41116
096 33047
097 61604
098 99079
099 07258
100 23843
101 06182
102 65069
103 33473
104 94688
105 47552
106 50953
107 24616
108 45434
109 93400
110 49731
111 84130
112 84890
113 18032
114 16467
115 17808
116 22245
117 32818
118 52556
119 69610
120 88517

