001 17844
002 86717
003 54174
004 49634
005 11440
006 86639
007 68317
008 57182
009 88363
010 84051
011 12539
012 58078
013 63395
014 53965
015 00015
016 50841
017 40645
018 03160
019 95981
020 32236
021 81525
022 52222
023 59531
024 13623
025 98007
026 47427
027 82362
028 02627
029 62199
030 72509
031 33720
032 10693
033 92604
034 10243
035 97674
036 13790
037 29176
038 99924
039 57747
040 98648
041 84972
042 06471
043 49366
044 79793
045 59548
046 76857
047 98659
048 53601
049 56450
050 11429
051 47455
052 97970
053 05925
054 37694
055 93213
056 44775
057 19725
058 23357
059 96893
060 14743
061 61027
062 70776
063 49100
064 19438
065 61374
066 63759
067 32272
068 65003
069 49891
070 86887
071 43825
072 12115
073 45284
074 90042
075 39508
076 79044
077 82592
078 01596
079 53467
080 80458
081 85722
082 05694
083 78338
084 13242
085 31921
086 65664
087 18381
088 46502
089 94970
090 24513
091 26664
092 26839
093 30810
094 14779
095 41088
096 90960
097 31637
098 61472
099 36294
100 05995
101 12102
102 40362
103 48583
104 11831
105 50098
106 05058
107 88711
108 18638
109 24147
110 87803
111 67610
112 56123
113 32874
114 32162
115 85443
116 66622
117 42124
118 26706
119 63918
120 79970
