001 88758
002 17196
003 12849
004 16313
005 14551
006 38173
007 67605
008 31170
009 82048
010 52133
011 91231
012 77431
013 79003
014 76981
015 77837
016 48579
017 55489
018 96884
019 95834
020 96151
021 03814
022 52427
023 22528
024 89662
025 73100
026 13121
027 45919
028 17797
029 78307
030 19819
031 64529
032 68855
033 04163
034 03059
035 15352
036 67424
037 41006
038 60096
039 38373
040 49018
041 25124
042 79538
043 84261
044 43412
045 65043
046 85931
047 59863
048 96638
049 08433
050 36338
051 67936
052 03734
053 50604
054 58151
055 32023
056 30832
057 77363
058 38289
059 55540
060 26058
061 42402
062 00817
063 82512
064 72082
065 33245
066 95054
067 26493
068 89014
069 47338
070 67259
071 72137
072 25199
073 08971
074 61601
075 41155
076 40870
077 40265
078 57597
079 41146
080 39305
081 77787
082 78373
083 82820
084 51563
085 85936
086 66064
087 86869
088 65910
089 18843
090 70459
091 98177
092 61281
093 31935
094 49406
095 06281
096 86377
097 85082
098 72769
099 35146
100 01891
101 02739
102 24932
103 08693
104 89476
105 06012
106 99273
107 96005
108 59729
109 93367
110 90250
111 41890
112 84629
113 57378
114 56708
115 55379
116 84014
117 99045
118 86145
119 69721
120 83774

