001 90211
002 - -
003 48900
004 14882
005 39515
006 61009
007 25318
008 68944
009 41833
010 04027
011 75797
012 68836
013 80995
014 54902
015 76654
016 26427
017 98180
018 21281
019 07506
020 94389
021 61704
022 09374
023 21651
024 47851
025 78280
026 93451
027 17509
028 73238
029 43288
030 00967
031 59938
032 85415
033 05614
034 07246
035 75297
036 17892
037 07376
038 21924
039 19701
040 67202
041 86853
042 09756
043 25201
044 86757
045 32752
046 73745
047 08203
048 94613
049 38109
050 45869
051 22311
052 58075
053 77951
054 03597
055 44516
056 49666
057 25446
058 43398
059 27849
060 68415
061 73942
062 01998
063 04086
064 29513
065 48448
066 69620
067 14171
068 87444
069 40403
070 30065
071 78080
072 03151
073 34881
074 64473
075 20798
076 41007
077 60821
078 90430
079 29084
080 35092
081 37996
082 22380
083 59160
084 33213
085 94131
086 41910
087 71919
088 44285
089 55150
090 61316
091 56460
092 10861
093 60677
094 81321
095 88485
096 69567
097 74567
098 78420
099 97728
100 11601
101 04512
102 95290
103 52717
104 44056
105 56806
106 48580
107 64040
108 07096
109 25473
110 01622
111 89324
112 01528
113 09708
114 89650
115 19564
116 53075
117 84093
118 02224
119 11253
120 - -

