001 41712
002 18110
003 28715
004 54985
005 54342
006 86360
007 44765
008 62862
009 38662
010 54712
011 35393
012 61162
013 10859
014 90560
015 58644
016 85027
017 88916
018 86995
019 47713
020 83363
021 13677
022 81870
023 51650
024 88563
025 77820
026 28146
027 66295
028 39506
029 04448
030 38934
031 58989
032 57078
033 29722
034 18788
035 05169
036 71568
037 28187
038 53852
039 14080
040 10531
041 56950
042 51074
043 41697
044 90822
045 84243
046 09779
047 11149
048 39666
049 93362
050 42528
051 93610
052 81039
053 09604
054 05725
055 62113
056 69542
057 73917
058 87470
059 90903
060 06204
061 85544
062 17737
063 44402
064 16178
065 25890
066 32828
067 09969
068 42033
069 49919
070 07244
071 68009
072 48714
073 28732
074 74839
075 26129
076 46566
077 24661
078 68326
079 07456
080 19098
081 35425
082 83154
083 75660
084 94401
085 57138
086 65963
087 57301
088 20903
089 13253
090 79408
091 76557
092 09269
093 42217
094 10962
095 02991
096 13328
097 62444
098 33358
099 77604
100 13470
101 94231
102 06808
103 88493
104 87607
105 76066
106 37355
107 52711
108 55164
109 05142
110 41336
111 99583
112 13423
113 54131
114 27241
115 12405
116 71317
117 76551
118 05275
119 51297
120 94949

