001 18135
002 56644
003 20176
004 44393
005 43439
006 80267
007 85990
008 37082
009 12638
010 20367
011 34399
012 38447
013 18223
014 63918
015 99809
016 15142
017 77837
018 07542
019 54818
020 23597
021 15843
022 43014
023 67968
024 40882
025 39167
026 12575
027 93617
028 60572
029 68985
030 13205
031 90911
032 14248
033 90581
034 78526
035 38049
036 81808
037 95640
038 82015
039 64305
040 61530
041 35186
042 58859
043 96091
044 23323
045 29649
046 76597
047 21478
048 97456
049 64819
050 34707
051 91088
052 59500
053 45146
054 10723
055 71639
056 95888
057 65870
058 45215
059 43290
060 92481
061 91563
062 08891
063 56144
064 53833
065 20327
066 18031
067 85342
068 24708
069 33121
070 47507
071 30335
072 25043
073 28216
074 91361
075 60691
076 72769
077 99860
078 07299
079 81392
080 84086
081 87012
082 63821
083 86746
084 69508
085 73798
086 49137
087 44287
088 54181
089 14901
090 91991
091 75491
092 23799
093 74818
094 68364
095 80669
096 17453
097 12366
098 39648
099 70903
100 26816
101 81244
102 65713
103 38222
104 81550
105 24414
106 78805
107 82987
108 36474
109 72197
110 63878
111 70734
112 21055
113 38599
114 43181
115 28659
116 06243
117 86827
118 14228
119 54828
120 59199

