001 04727
002 36515
003 26283
004 78412
005 44065
006 70868
007 26557
008 68924
009 73691
010 76023
011 85828
012 24874
013 67504
014 48354
015 26876
016 31782
017 57098
018 73877
019 17578
020 68642
021 44058
022 12754
023 16037
024 96144
025 61249
026 53384
027 88215
028 02895
029 74206
030 91864
031 77061
032 61916
033 25244
034 67951
035 50983
036 49847
037 87570
038 38405
039 83596
040 35283
041 39414
042 54089
043 55646
044 59033
045 01683
046 77793
047 68376
048 74350
049 02656
050 01394
051 08194
052 38261
053 46872
054 49932
055 79327
056 86617
057 26896
058 59410
059 90605
060 99234
061 80424
062 39448
063 58038
064 99718
065 66241
066 67015
067 46549
068 64531
069 97613
070 93117
071 03388
072 81660
073 94241
074 97767
075 42288
076 45980
077 70381
078 35586
079 23391
080 64917
081 94739
082 54606
083 33277
084 20736
085 27616
086 56076
087 00307
088 53524
089 99796
090 48558
091 18300
092 89327
093 81304
094 17759
095 98949
096 09730
097 49734
098 74563
099 07810
100 83312
101 42371
102 53489
103 31063
104 98320
105 20625
106 17550
107 55635
108 67163
109 13567
110 13634
111 28206
112 88176
113 68603
114 38751
115 23806
116 73706
117 52609
118 62635
119 14145
120 61475
