001 73790
002 72830
003 33857
004 88612
005 75715
006 52908
007 70803
008 02210
009 20611
010 88666
011 28527
012 06154
013 16258
014 95760
015 32608
016 50887
017 02386
018 36840
019 69520
020 28533
021 19174
022 61819
023 07192
024 68911
025 99459
026 55777
027 32899
028 89870
029 05175
030 97949
031 43456
032 01943
033 81924
034 38999
035 61811
036 87224
037 89680
038 27582
039 77549
040 77212
041 33051
042 01992
043 60642
044 46825
045 67770
046 36775
047 32786
048 87745
049 85635
050 18755
051 60853
052 71930
053 11102
054 03742
055 60619
056 46796
057 41877
058 83215
059 29174
060 33967
061 33996
062 96815
063 98396
064 58560
065 48878
066 83115
067 37186
068 58171
069 18638
070 28195
071 71838
072 38194
073 85098
074 63325
075 22878
076 54499
077 63342
078 89058
079 82085
080 82716
081 36039
082 38309
083 85815
084 93550
085 34726
086 76785
087 05904
088 99554
089 68366
090 62124
091 88853
092 79823
093 55113
094 68044
095 52105
096 74498
097 50479
098 62367
099 35900
100 72616
101 61819
102 21689
103 46402
104 22594
105 44811
106 84354
107 29714
108 27970
109 90322
110 52308
111 02678
112 11934
113 45531
114 80736
115 85284
116 87003
117 44835
118 00533
119 94952
120 00451
