001 77361
002 08478
003 08024
004 64718
005 73639
006 32333
007 69358
008 88278
009 02218
010 42084
011 92253
012 09143
013 08485
014 06999
015 63399
016 22330
017 68734
018 81750
019 82681
020 41987
021 95433
022 01079
023 63373
024 39867
025 21242
026 62164
027 67490
028 36785
029 23654
030 20043
031 56222
032 68894
033 30702
034 08161
035 18884
036 01921
037 49031
038 31463
039 47348
040 34212
041 81094
042 29849
043 96919
044 06921
045 34152
046 99440
047 23602
048 33490
049 18154
050 21256
051 19277
052 88643
053 74724
054 00816
055 59764
056 05016
057 54773
058 23097
059 61954
060 03079
061 78186
062 66675
063 59936
064 61240
065 94895
066 52126
067 48199
068 17038
069 27317
070 52967
071 93423
072 36713
073 00099
074 64774
075 44075
076 82246
077 63586
078 57179
079 94762
080 79596
081 58524
082 28420
083 74433
084 16434
085 43888
086 64974
087 58812
088 97636
089 97356
090 10850
091 35299
092 68791
093 41648
094 88968
095 73866
096 68023
097 62182
098 07865
099 90263
100 74225
101 53916
102 52717
103 96030
104 69741
105 40166
106 85813
107 62773
108 03486
109 36114
110 33981
111 86518
112 45405
113 56465
114 34690
115 26089
116 82709
117 77236
118 49410
119 87036
120 93188
