001 97182
002 00742
003 22723
004 11831
005 25827
006 46856
007 32799
008 02346
009 67592
010 40053
011 99378
012 75543
013 08780
014 02864
015 74390
016 37474
017 21885
018 76583
019 66550
020 95416
021 93228
022 94909
023 64255
024 21698
025 30404
026 29150
027 65165
028 24985
029 45420
030 39928
031 56941
032 79165
033 30822
034 78550
035 96950
036 87936
037 66165
038 64850
039 94198
040 60409
041 60164
042 23166
043 34207
044 46768
045 02876
046 59965
047 59562
048 87474
049 98972
050 75451
051 59093
052 03612
053 38412
054 19961
055 66158
056 17276
057 46015
058 08059
059 32674
060 72353
061 53008
062 38264
063 11068
064 72763
065 82778
066 48353
067 31167
068 45275
069 14919
070 22649
071 94264
072 78244
073 99264
074 13479
075 24048
076 78358
077 39199
078 40637
079 05674
080 47020
081 31182
082 55083
083 38081
084 08339
085 24897
086 72404
087 51063
088 11489
089 58878
090 72671
091 83598
092 06130
093 42002
094 66512
095 97830
096 99859
097 01682
098 17794
099 36749
100 39293
101 85110
102 30906
103 98868
104 13958
105 75003
106 81276
107 24996
108 92127
109 42043
110 20013
111 63462
112 57371
113 71664
114 94905
115 83873
116 73003
117 59865
118 75364
119 47695
120 98547
