001 21748
002 93490
003 65527
004 46430
005 48814
006 69915
007 60814
008 31923
009 25441
010 94770
011 75217
012 22450
013 91524
014 07657
015 92420
016 82729
017 19685
018 75054
019 07250
020 73154
021 50311
022 50271
023 32205
024 13271
025 78242
026 85713
027 87189
028 44107
029 87766
030 01685
031 09995
032 63179
033 22110
034 57358
035 65238
036 35664
037 91474
038 91629
039 06498
040 60842
041 81542
042 41600
043 43981
044 33611
045 99826
046 41129
047 28441
048 17751
049 58795
050 14207
051 29351
052 62380
053 98032
054 89515
055 12022
056 30769
057 09367
058 77536
059 86247
060 25745
061 40691
062 54994
063 06122
064 19471
065 78686
066 97038
067 88959
068 24482
069 28546
070 18005
071 88859
072 79853
073 69928
074 40415
075 13730
076 08086
077 58869
078 52708
079 16032
080 03940
081 05083
082 10401
083 08757
084 77963
085 56996
086 00169
087 10315
088 15091
089 84968
090 63545
091 29605
092 60295
093 99307
094 83606
095 99801
096 23847
097 64982
098 25832
099 27404
100 81739
101 11173
102 05688
103 68960
104 55680
105 60584
106 79417
107 97911
108 97248
109 55353
110 48763
111 85655
112 55990
113 00516
114 30361
115 93536
116 05274
117 92111
118 30368
119 62860
120 68660
