001 40921
002 08392
003 71990
004 78321
005 65096
006 26158
007 94643
008 56895
009 08659
010 57116
011 20687
012 94441
013 45801
014 34924
015 83288
016 32709
017 84471
018 82848
019 10808
020 25139
021 69934
022 69149
023 44840
024 88121
025 19922
026 89348
027 68971
028 92394
029 71317
030 20144
031 93463
032 83097
033 18175
034 16594
035 14078
036 05787
037 08927
038 56022
039 81791
040 46669
041 52231
042 41049
043 25628
044 33927
045 38481
046 08461
047 02706
048 33883
049 94609
050 18412
051 99042
052 25885
053 14929
054 79977
055 89689
056 88802
057 96386
058 93981
059 44593
060 67143
061 07087
062 59604
063 75584
064 27615
065 31180
066 56883
067 58567
068 46702
069 20508
070 31112
071 81310
072 47625
073 57512
074 03467
075 93118
076 30209
077 11410
078 47493
079 07059
080 61331
081 90475
082 99790
083 48117
084 03075
085 71716
086 63027
087 45883
088 64195
089 04329
090 97429
091 32218
092 59147
093 38998
094 65304
095 43215
096 03385
097 21257
098 47631
099 81486
100 99363
101 98016
102 66140
103 74912
104 89097
105 60729
106 40173
107 48466
108 70538
109 22266
110 66400
111 19261
112 65137
113 93925
114 85244
115 46418
116 58908
117 18110
118 84079
119 76765
120 65032

