001 85165
002 57691
003 52774
004 78606
005 18954
006 42503
007 01751
008 46312
009 84432
010 21996
011 97340
012 27686
013 98936
014 21760
015 82829
016 01072
017 60251
018 22612
019 23575
020 41132
021 60329
022 10874
023 12383
024 34031
025 14840
026 40003
027 92853
028 70661
029 67548
030 44081
031 82463
032 46480
033 91642
034 82431
035 06865
036 78239
037 94738
038 72719
039 25821
040 81964
041 24225
042 55584
043 48999
044 40047
045 15188
046 14055
047 76393
048 64345
049 97306
050 58493
051 77826
052 52615
053 40271
054 39377
055 50264
056 04122
057 05761
058 42327
059 50804
060 21637
061 67279
062 02397
063 69187
064 55128
065 18658
066 48467
067 94636
068 17501
069 27323
070 43823
071 73950
072 95521
073 22764
074 52776
075 91003
076 74186
077 99328
078 98781
079 81417
080 48201
081 55643
082 19670
083 72040
084 05106
085 80595
086 12677
087 94668
088 16483
089 96548
090 82027
091 68152
092 27584
093 51150
094 53739
095 08477
096 24131
097 93087
098 96742
099 60428
100 15895
101 01438
102 69281
103 86658
104 49795
105 69539
106 41391
107 89651
108 32806
109 70693
110 86788
111 81942
112 08241
113 69032
114 32455
115 35158
116 89184
117 13064
118 12265
119 53972
120 02319
