001 02742
002 97606
003 79737
004 90063
005 09563
006 18792
007 25532
008 49372
009 77173
010 50493
011 60618
012 06326
013 51203
014 56452
015 51655
016 63551
017 47306
018 76065
019 24614
020 45193
021 32015
022 90044
023 92266
024 52584
025 62702
026 84608
027 52997
028 13736
029 35272
030 98762
031 66533
032 18597
033 93260
034 52937
035 55819
036 37949
037 04142
038 49262
039 61683
040 37664
041 36003
042 75740
043 86539
044 76648
045 82307
046 54132
047 57500
048 40843
049 17357
050 34051
051 08242
052 70081
053 22259
054 66923
055 33372
056 07719
057 31962
058 41432
059 95933
060 65607
061 59435
062 64320
063 83829
064 66610
065 85808
066 47503
067 62408
068 79755
069 29866
070 97114
071 09148
072 34431
073 33403
074 39064
075 77461
076 53922
077 84330
078 57810
079 04819
080 71055
081 63350
082 67440
083 00331
084 48234
085 09576
086 03284
087 30563
088 75915
089 52354
090 89584
091 28683
092 00087
093 30650
094 96317
095 99931
096 69729
097 79121
098 14141
099 79025
100 67957
101 24060
102 84143
103 66976
104 73581
105 29874
106 58991
107 92065
108 39243
109 00967
110 89385
111 00843
112 72292
113 07053
114 97201
115 74410
116 77612
117 25182
118 05272
119 59960
120 47679
