001 07454
002 51893
003 62974
004 70469
005 64273
006 38164
007 38154
008 40846
009 00764
010 34462
011 86881
012 01528
013 22237
014 68843
015 14871
016 31764
017 58792
018 27759
019 31461
020 02359
021 76680
022 90284
023 55444
024 00245
025 89457
026 10232
027 16203
028 32748
029 36852
030 20650
031 05309
032 32586
033 90467
034 73825
035 86166
036 75083
037 90284
038 87033
039 43969
040 09799
041 42909
042 69146
043 05558
044 15580
045 48345
046 22636
047 73753
048 82042
049 31834
050 37896
051 78560
052 04579
053 16783
054 41885
055 63274
056 90221
057 67973
058 64380
059 12913
060 54831
061 96025
062 35359
063 63518
064 56560
065 49873
066 28183
067 53065
068 50182
069 30555
070 43006
071 94037
072 05347
073 88351
074 95140
075 20173
076 15899
077 46334
078 89280
079 32280
080 77412
081 98691
082 58752
083 48897
084 38666
085 75946
086 37383
087 62510
088 16893
089 82446
090 07375
091 75133
092 53406
093 63913
094 34741
095 55130
096 15180
097 74564
098 22565
099 97650
100 78438
101 06222
102 59261
103 11952
104 85713
105 63708
106 17681
107 01588
108 87212
109 94006
110 99944
111 48348
112 53390
113 14387
114 89659
115 96604
116 23085
117 44155
118 06474
119 93980
120 81427

