001 91184
002 69572
003 98217
004 75556
005 -
006 58305
007 33176
008 47942
009 65538
010 29200
011 63471
012 17488
013 51136
014 26389
015 58913
016 90151
017 08101
018 66992
019 34275
020 27773
021 46174
022 45460
023 12771
024 69357
025 07193
026 10029
027 -
028 -
029 28572
030 48176
031 27863
032 43358
033 15917
034 24947
035 03448
036 87925
037 54687
038 77667
039 30431
040 12054
041 45222
042 40915
043 05126
044 34857
045 35740
046 94327
047 90456
048 48811
049 60886
050 17773
051 78965
052 14773
053 03611
054 10913
055 36502
056 87280
057 38521
058 41354
059 18364
060 84207
061 70837
062 47052
063 59576
064 60706
065 96386
066 18898
067 32238
068 12488
069 07366
070 89889
071 18121
072 22969
073 37685
074 45400
075 85600
076 89965
077 91755
078 91902
079 33496
080 83102
081 86961
082 72102
083 53415
084 61130
085 72597
086 35544
087 77833
088 31062
089 72369
090 17178
091 12965
092 85889
093 03506
094 06018
095 28314
096 16103
097 38207
098 44200
099 14916
100 95395
101 10094
102 95600
103 32836
104 37734
105 04733
106 39206
107 01541
108 76119
109 90297
110 75635
111 30359
112 45056
113 15454
114 51875
115 00272
116 00137
117 35593
118 55244
119 30721
120 13779
