001 12790
002 66019
003 39550
004 94437
005 31488
006 43941
007 48423
008 95158
009 48387
010 24701
011 39616
012 05671
013 67755
014 29605
015 82633
016 40259
017 96153
018 39800
019 31493
020 05342
021 07617
022 53034
023 91308
024 65762
025 99082
026 00251
027 91115
028 43160
029 01569
030 29200
031 48066
032 87261
033 53446
034 00751
035 69566
036 97301
037 89384
038 32605
039 01303
040 82512
041 40095
042 22395
043 73405
044 42060
045 04409
046 92840
047 86449
048 33499
049 18074
050 77789
051 22390
052 08929
053 24717
054 45977
055 98761
056 80606
057 65284
058 91751
059 88564
060 79107
061 09508
062 54104
063 50599
064 97574
065 69781
066 33168
067 87304
068 82592
069 15396
070 30156
071 43427
072 46622
073 54845
074 10243
075 13849
076 14048
077 89422
078 60185
079 21719
080 48170
081 28370
082 29636
083 47100
084 55910
085 21914
086 95368
087 26815
088 18124
089 94598
090 14779
091 62774
092 22258
093 95769
094 66482
095 63830
096 15098
097 52958
098 99416
099 07206
100 71080
101 51915
102 47008
103 96528
104 83835
105 37817
106 47476
107 59998
108 22436
109 08153
110 02877
111 05164
112 95431
113 05838
114 08068
115 57080
116 91916
117 07394
118 03727
119 98966
120 12184

