001 52640
002 71082
003 12050
004 71977
005 55597
006 60755
007 79588
008 38608
009 70560
010 00901
011 61708
012 37183
013 88727
014 34394
015 75606
016 76511
017 79390
018 38502
019 25166
020 64443
021 77143
022 13120
023 50522
024 35284
025 87233
026 80591
027 85371
028 87935
029 06534
030 81824
031 09291
032 11642
033 37048
034 92758
035 87976
036 04320
037 86876
038 09613
039 09913
040 25162
041 82236
042 56664
043 83141
044 34614
045 85610
046 83464
047 91275
048 09394
049 58188
050 25390
051 09600
052 79098
053 87038
054 89697
055 74466
056 64540
057 03601
058 38311
059 87418
060 82910
061 47691
062 87095
063 20118
064 12993
065 85602
066 20217
067 17210
068 05767
069 27286
070 58923
071 82329
072 22259
073 20199
074 92297
075 83686
076 54767
077 97934
078 10669
079 03510
080 32030
081 81347
082 09808
083 37162
084 87668
085 01621
086 37974
087 08298
088 20977
089 65818
090 38378
091 42530
092 77943
093 97652
094 96440
095 86103
096 60133
097 09361
098 95377
099 18413
100 62322
101 21929
102 08634
103 44674
104 91710
105 84509
106 14269
107 92768
108 25308
109 36162
110 53582
111 47604
112 10368
113 11944
114 24181
115 56987
116 84682
117 25849
118 55766
119 90417
120 11292
