001 38544
002 31872
003 14322
004 41784
005 53075
006 06923
007 98888
008 25612
009 12951
010 87400
011 07549
012 86813
013 00641
014 69456
015 43359
016 72962
017 95733
018 71116
019 60089
020 91195
021 91454
022 13341
023 79547
024 40364
025 22666
026 95065
027 63733
028 91801
029 64031
030 71325
031 05802
032 65124
033 50521
034 11085
035 35929
036 64641
037 71563
038 43530
039 30438
040 19777
041 87785
042 64631
043 42273
044 17596
045 27240
046 64962
047 16093
048 05604
049 74478
050 09560
051 82249
052 69916
053 69859
054 66733
055 60897
056 44579
057 56846
058 31494
059 75887
060 86265
061 80987
062 26240
063 38104
064 16996
065 10430
066 83523
067 02797
068 84012
069 84005
070 52224
071 43337
072 81650
073 36385
074 67213
075 27404
076 37307
077 05838
078 38910
079 59645
080 14980
081 11180
082 64373
083 43167
084 93813
085 36880
086 26096
087 22967
088 59194
089 22290
090 80028
091 97872
092 82674
093 73125
094 27108
095 31106
096 40353
097 77215
098 32065
099 18650
100 87862
101 24488
102 22515
103 39387
104 96149
105 72863
106 99463
107 51788
108 39375
109 59845
110 77194
111 13726
112 01850
113 17754
114 72813
115 68823
116 36025
117 70628
118 31907
119 55507
120 83565

