001 58196
002 29146
003 16747
004 73720
005 14862
006 63584
007 76481
008 48580
009 75406
010 42834
011 24512
012 06171
013 84029
014 76058
015 24270
016 53029
017 32373
018 88099
019 34012
020 28470
021 27877
022 45126
023 79343
024 27525
025 29589
026 19958
027 27761
028 73907
029 43248
030 58652
031 28204
032 40159
033 12808
034 47507
035 77825
036 23749
037 50113
038 60040
039 99863
040 98113
041 20730
042 03796
043 35733
044 38324
045 97695
046 35240
047 89868
048 79759
049 82633
050 19917
051 11243
052 12828
053 93257
054 45236
055 09494
056 68575
057 90579
058 60316
059 35875
060 42056
061 78219
062 57946
063 13067
064 80455
065 22554
066 90230
067 84958
068 78233
069 47905
070 88352
071 34486
072 70610
073 53246
074 73891
075 83257
076 19844
077 54953
078 35168
079 24798
080 01161
081 33548
082 72560
083 13874
084 08892
085 84090
086 93073
087 29282
088 75253
089 99866
090 77150
091 64783
092 63153
093 10768
094 03533
095 91397
096 07923
097 06016
098 00028
099 64075
100 86355
101 06788
102 93013
103 68881
104 33106
105 33390
106 61020
107 62828
108 95126
109 08151
110 89239
111 60384
112 29344
113 73376
114 91474
115 60805
116 52791
117 16995
118 27460
119 31366
120 75377

