001 36752
002 35867
003 93532
004 67900
005 57701
006 50019
007 61752
008 99803
009 63895
010 61742
011 68449
012 26906
013 33328
014 29484
015 09909
016 67604
017 39191
018 66657
019 83817
020 72706
021 85334
022 63094
023 53228
024 83478
025 00339
026 72365
027 00953
028 08318
029 30780
030 42739
031 42427
032 71733
033 87607
034 45205
035 32284
036 31725
037 19617
038 82390
039 19429
040 55338
041 13161
042 97846
043 24772
044 78277
045 74270
046 65249
047 34722
048 30201
049 97316
050 08541
051 07902
052 88523
053 84239
054 99663
055 53499
056 88765
057 70390
058 21494
059 51332
060 75079
061 16153
062 78056
063 45446
064 54531
065 05302
066 10702
067 26862
068 07607
069 03969
070 55747
071 12529
072 64691
073 45652
074 34359
075 34556
076 72075
077 22036
078 97265
079 77574
080 63392
081 65157
082 13026
083 73613
084 66700
085 51339
086 18441
087 02165
088 94215
089 78897
090 97926
091 47829
092 15388
093 33695
094 54571
095 99516
096 85358
097 14073
098 86928
099 26112
100 98011
101 09081
102 29930
103 00009
104 02424
105 88124
106 12194
107 13932
108 14995
109 29683
110 14442
111 61688
112 94679
113 14639
114 90301
115 99037
116 87373
117 20327
118 53385
119 61798
120 90912
