001 25268
002 57686
003 93769
004 03695
005 81768
006 29148
007 43747
008 37743
009 29234
010 35791
011 55155
012 61982
013 31307
014 84986
015 56784
016 27139
017 74637
018 96624
019 21029
020 63549
021 82982
022 91482
023 50254
024 83891
025 54636
026 26488
027 44786
028 20875
029 61898
030 48391
031 07404
032 53886
033 30749
034 65406
035 81772
036 33884
037 43805
038 79147
039 46078
040 53366
041 13470
042 68177
043 05518
044 91821
045 86155
046 17270
047 42068
048 34265
049 74497
050 02371
051 17820
052 57618
053 92649
054 09000
055 04193
056 70903
057 04772
058 78342
059 04157
060 59296
061 11957
062 54837
063 91458
064 82248
065 91851
066 32234
067 94522
068 56219
069 19880
070 16140
071 71314
072 96713
073 85189
074 40190
075 25228
076 01937
077 07916
078 85507
079 57225
080 50273
081 57069
082 82364
083 57285
084 00531
085 49648
086 65055
087 53927
088 94329
089 96003
090 67949
091 74401
092 33338
093 25467
094 66264
095 72866
096 69597
097 98637
098 68773
099 75232
100 63902
101 79354
102 07912
103 64599
104 39743
105 01333
106 02462
107 75656
108 67572
109 52460
110 43815
111 09042
112 70820
113 15941
114 51342
115 70263
116 14132
117 11696
118 85006
119 22862
120 67900

