001 05442
002 99661
003 54266
004 06806
005 46867
006 85100
007 16539
008 75289
009 76314
010 43502
011 27960
012 64873
013 41873
014 81789
015 74059
016 50556
017 52864
018 67780
019 42950
020 41650
021 36558
022 56354
023 57529
024 25183
025 75468
026 39014
027 68666
028 23325
029 57252
030 83025
031 53504
032 94180
033 32766
034 41153
035 21111
036 85470
037 99630
038 82551
039 92058
040 35359
041 16030
042 19290
043 02771
044 87120
045 74359
046 33675
047 88232
048 17918
049 52575
050 31614
051 73166
052 65746
053 65819
054 04024
055 73721
056 21560
057 93455
058 41472
059 11938
060 86555
061 77187
062 88541
063 13121
064 35873
065 36359
066 65508
067 21493
068 24801
069 74098
070 00396
071 71308
072 39480
073 38912
074 61585
075 02191
076 50573
077 67409
078 46203
079 44475
080 84789
081 00516
082 64900
083 01122
084 97266
085 16037
086 80207
087 49058
088 62061
089 53957
090 18356
091 68192
092 35993
093 12917
094 53234
095 49579
096 67101
097 30530
098 22468
099 96769
100 04955
101 22731
102 75177
103 85327
104 61944
105 90212
106 68601
107 65224
108 61698
109 68783
110 26548
111 36814
112 45074
113 87960
114 75610
115 93484
116 48169
117 10826
118 35309
119 88214
120 48866
