001 79188
002 36796
003 05525
004 78703
005 42135
006 35171
007 22446
008 72236
009 19327
010 72224
011 56791
012 14180
013 10225
014 32513
015 67980
016 20748
017 29582
018 88754
019 30712
020 83381
021 43888
022 55132
023 45361
024 74643
025 07273
026 76169
027 11514
028 78600
029 76760
030 78941
031 93253
032 78277
033 05631
034 04958
035 88245
036 83583
037 35740
038 96359
039 57986
040 36106
041 94182
042 22386
043 60812
044 42525
045 12093
046 38964
047 97002
048 22954
049 49115
050 00533
051 73529
052 70526
053 80327
054 74745
055 57418
056 02532
057 10295
058 80501
059 10113
060 26008
061 50944
062 35847
063 10346
064 17569
065 77980
066 94296
067 07142
068 16160
069 58539
070 46833
071 07727
072 59165
073 90055
074 94008
075 49643
076 22830
077 51474
078 20697
079 92395
080 31037
081 47138
082 45010
083 36708
084 63922
085 56024
086 34855
087 40586
088 10550
089 -
090 80292
091 99088
092 84157
093 99083
094 37806
095 79367
096 -
097 00819
098 10604
099 91427
100 18040
101 71823
102 53195
103 27316
104 62656
105 52026
106 77775
107 81185
108 25587
109 04281
110 67233
111 01531
112 97757
113 61889
114 92141
115 78025
116 23210
117 12299
118 72481
119 58677
120 02667

