001 12907
002 55213
003 90261
004 30288
005 63665
006 01043
007 34840
008 09865
009 63517
010 40292
011 81395
012 96601
013 99435
014 81712
015 84151
016 76220
017 12390
018 12607
019 56016
020 73417
021 39994
022 84602
023 31560
024 33941
025 13953
026 24389
027 78911
028 08378
029 12131
030 77721
031 90497
032 85353
033 80177
034 86960
035 79934
036 31696
037 00010
038 09765
039 74601
040 81791
041 64174
042 37708
043 41829
044 54061
045 50331
046 83524
047 24666
048 43598
049 89109
050 67952
051 29038
052 18835
053 74794
054 08891
055 65499
056 59245
057 81849
058 21025
059 59470
060 99862
061 45312
062 57176
063 36119
064 97905
065 48615
066 73321
067 26751
068 98351
069 31949
070 21998
071 06839
072 69018
073 95993
074 06873
075 67818
076 88241
077 30889
078 65029
079 19328
080 62313
081 17571
082 87091
083 01805
084 22958
085 35114
086 49380
087 75277
088 86406
089 67475
090 38159
091 65476
092 49899
093 75168
094 90688
095 30851
096 14167
097 96018
098 62360
099 28821
100 97469
101 86002
102 71124
103 99040
104 68032
105 65924
106 60693
107 63904
108 61780
109 92702
110 42521
111 86309
112 34485
113 44564
114 86410
115 85713
116 55612
117 51669
118 33322
119 04643
120 28381
