001 82373
002 48062
003 60691
004 02535
005 62015
006 58704
007 75365
008 26367
009 68633
010 26689
011 77245
012 07961
013 20494
014 17770
015 21759
016 87845
017 51962
018 63339
019 67716
020 58294
021 36126
022 19252
023 09134
024 62032
025 41168
026 67386
027 72745
028 29665
029 08464
030 33912
031 41163
032 26585
033 68803
034 37758
035 37635
036 33051
037 04358
038 42619
039 25508
040 84685
041 13167
042 90003
043 77953
044 62914
045 67431
046 83254
047 10539
048 69435
049 38635
050 00963
051 78639
052 70408
053 91501
054 34246
055 86804
056 60036
057 01990
058 33972
059 37116
060 35863
061 72424
062 38569
063 04173
064 37422
065 13924
066 67788
067 52607
068 77330
069 69487
070 10225
071 47929
072 38744
073 61452
074 31604
075 00940
076 06541
077 37049
078 41706
079 35874
080 73715
081 20273
082 05445
083 66780
084 32028
085 61001
086 12007
087 32953
088 68111
089 11747
090 49867
091 81395
092 61614
093 75053
094 75542
095 58709
096 81474
097 22462
098 61335
099 93337
100 38965
101 46399
102 25539
103 38519
104 98197
105 95690
106 49927
107 82108
108 16489
109 75497
110 29371
111 16541
112 88977
113 79415
114 45669
115 54532
116 82757
117 20523
118 18272
119 12437
120 24722

