001 01658
002 32004
003 27943
004 61049
005 97425
006 93916
007 56929
008 04453
009 26208
010 59150
011 87929
012 24134
013 96275
014 01710
015 22935
016 67525
017 46313
018 97131
019 62138
020 83759
021 77752
022 56880
023 23581
024 47570
025 17689
026 42110
027 36869
028 12001
029 91830
030 40041
031 72147
032 61629
033 96243
034 78615
035 16728
036 75797
037 49339
038 65978
039 78923
040 91181
041 75035
042 88846
043 63720
044 52998
045 13203
046 80192
047 73965
048 70042
049 81108
050 47532
051 64750
052 25461
053 93574
054 70530
055 05303
056 80796
057 24401
058 38065
059 15807
060 66800
061 14788
062 54090
063 20383
064 43815
065 39128
066 14398
067 11676
068 84023
069 23155
070 73377
071 10334
072 70534
073 91407
074 68494
075 02909
076 35262
077 91445
078 43604
079 10046
080 62858
081 00889
082 75766
083 99278
084 13712
085 47539
086 91145
087 75284
088 62866
089 19638
090 82258
091 32527
092 74828
093 00409
094 93885
095 25010
096 78921
097 76257
098 44117
099 64676
100 87969
101 18710
102 31707
103 58430
104 20617
105 36987
106 57448
107 05128
108 64248
109 53978
110 84970
111 45847
112 98423
113 69293
114 79269
115 37276
116 29079
117 79403
118 83881
119 01511
120 25831

