001 12013
002 59358
003 24454
004 81435
005 02750
006 75849
007 89962
008 33605
009 00153
010 67611
011 51471
012 51044
013 47111
014 87159
015 16463
016 14787
017 86293
018 59060
019 12021
020 63560
021 21422
022 59759
023 08666
024 28855
025 16778
026 87868
027 05114
028 51568
029 28234
030 54787
031 21864
032 44172
033 63678
034 66251
035 13979
036 94059
037 06970
038 11149
039 58614
040 85288
041 54511
042 85312
043 94773
044 77567
045 75759
046 46940
047 12520
048 53670
049 53330
050 15548
051 02552
052 35800
053 97395
054 39662
055 92552
056 77081
057 67542
058 70130
059 64059
060 55987
061 27623
062 44967
063 42936
064 90461
065 58312
066 23376
067 18526
068 13066
069 09562
070 95502
071 01067
072 18273
073 38889
074 25905
075 49285
076 81700
077 07286
078 85424
079 04323
080 01801
081 29233
082 60528
083 99228
084 45082
085 76983
086 02481
087 30743
088 10902
089 69004
090 78418
091 89561
092 98049
093 08597
094 04471
095 59840
096 66266
097 49158
098 41764
099 21289
100 54359
101 11330
102 28095
103 97025
104 57881
105 98552
106 81135
107 50136
108 54518
109 55804
110 65198
111 15297
112 71742
113 33167
114 89131
115 74395
116 72103
117 05080
118 47387
119 74792
120 42030
