001 24680
002 94955
003 10209
004 33937
005 70860
006 91668
007 90783
008 71445
009 50169
010 46276
011 66309
012 97960
013 02145
014 09698
015 86018
016 41889
017 80477
018 82554
019 86880
020 02153
021 60996
022 56428
023 52878
024 99506
025 50690
026 33071
027 38221
028 59728
029 09207
030 08786
031 92289
032 14079
033 13229
034 68936
035 49075
036 24940
037 56889
038 67840
039 23918
040 15210
041 30277
042 03767
043 17189
044 58754
045 75355
046 51329
047 19793
048 93899
049 34400
050 47560
051 93898
052 33396
053 67636
054 21427
055 35603
056 82216
057 52780
058 62985
059 41945
060 38582
061 89759
062 64743
063 03850
064 09338
065 62323
066 85051
067 44167
068 05981
069 23922
070 88071
071 23998
072 45246
073 09023
074 28751
075 20878
076 36749
077 48419
078 10780
079 45189
080 60780
081 61226
082 96258
083 47089
084 61466
085 90340
086 79938
087 17256
088 25643
089 31283
090 38837
091 56360
092 54669
093 50329
094 64136
095 04797
096 - -
097 66142
098 05565
099 16520
100 15634
101 07876
102 25514
103 38074
104 94999
105 58136
106 38024
107 11237
108 59092
109 09969
110 95054
111 23576
112 61110
113 97775
114 78982
115 67050
116 49133
117 12907
118 98468
119 53373
120 33376

