001 20389
002 18019
003 81059
004 35398
005 37942
006 24080
007 11091
008 51551
009 19401
010 97304
011 19410
012 59412
013 33994
014 12587
015 30595
016 74943
017 36816
018 12295
019 48260
020 58161
021 67704
022 45101
023 00583
024 35232
025 14035
026 59257
027 00764
028 13602
029 91252
030 53062
031 66836
032 83984
033 41507
034 13396
035 15944
036 32218
037 00905
038 60742
039 21344
040 60439
041 60144
042 50556
043 01425
044 57065
045 09843
046 51693
047 99241
048 36112
049 74690
050 97397
051 98052
052 89242
053 83002
054 54548
055 35998
056 23969
057 92078
058 40836
059 58382
060 06445
061 11876
062 38549
063 95196
064 33852
065 50757
066 73858
067 95598
068 87338
069 31798
070 23472
071 21009
072 29916
073 23466
074 57210
075 86224
076 38844
077 69524
078 73835
079 80627
080 37747
081 08379
082 51193
083 35357
084 34372
085 47785
086 27807
087 60932
088 89713
089 26870
090 90115
091 83482
092 72310
093 00242
094 01029
095 85647
096 13454
097 91366
098 64069
099 43597
100 78573
101 59123
102 58887
103 89425
104 89463
105 03209
106 85175
107 95006
108 30960
109 64746
110 16046
111 40168
112 55785
113 52395
114 07916
115 79264
116 30064
117 69036
118 77105
119 91246
120 04671
