001 69116
002 71150
003 78572
004 20520
005 55729
006 32548
007 38558
008 95944
009 19103
010 76010
011 38660
012 59182
013 12686
014 16739
015 76991
016 69190
017 93288
018 63941
019 97181
020 79383
021 36295
022 97679
023 03637
024 74908
025 23328
026 82509
027 17383
028 28914
029 17313
030 01967
031 15467
032 41898
033 40511
034 64396
035 06930
036 55524
037 85608
038 02533
039 48150
040 57070
041 96837
042 06447
043 49091
044 82373
045 81693
046 09369
047 07434
048 77266
049 74845
050 70947
051 04021
052 50568
053 74910
054 23474
055 11611
056 73700
057 25587
058 51885
059 84063
060 80010
061 55388
062 98074
063 63154
064 08338
065 22463
066 21409
067 79259
068 73448
069 37161
070 81324
071 12860
072 91744
073 71341
074 11816
075 74643
076 43152
077 64417
078 88984
079 10361
080 61474
081 90833
082 35980
083 33537
084 29706
085 01113
086 83523
087 72885
088 55220
089 04372
090 71463
091 91827
092 29950
093 38005
094 29568
095 64665
096 31530
097 21178
098 66620
099 33385
100 68872
101 11351
102 49172
103 17348
104 83109
105 50743
106 93078
107 99790
108 79914
109 48359
110 38686
111 96075
112 41830
113 46814
114 32608
115 24330
116 13687
117 35422
118 12833
119 83478
120 16283

