001 55615
002 43335
003 93202
004 06217
005 97325
006 01881
007 39614
008 57156
009 27124
010 70976
011 40681
012 64612
013 58773
014 08547
015 21385
016 77148
017 15669
018 81651
019 32040
020 84920
021 18443
022 36264
023 14202
024 12102
025 78255
026 78397
027 04799
028 49232
029 96562
030 33819
031 11393
032 47897
033 59714
034 97652
035 71362
036 23480
037 00206
038 58536
039 30828
040 51853
041 16747
042 19254
043 03424
044 76724
045 11304
046 11938
047 43676
048 51331
049 71989
050 17142
051 04581
052 35379
053 09344
054 22684
055 41266
056 05412
057 38033
058 98870
059 72701
060 92219
061 87140
062 39136
063 97330
064 44061
065 65761
066 87290
067 30080
068 17464
069 86462
070 60947
071 42502
072 22509
073 73908
074 75822
075 61023
076 68757
077 52823
078 72308
079 75608
080 96157
081 91301
082 81101
083 08989
084 07813
085 05373
086 37430
087 35543
088 66629
089 01267
090 66553
091 61858
092 00189
093 11013
094 71989
095 31906
096 25825
097 81038
098 37334
099 03829
100 05808
101 23817
102 17730
103 86480
104 66821
105 74369
106 07468
107 83990
108 27886
109 07258
110 56935
111 37755
112 54979
113 93779
114 42994
115 82557
116 43495
117 95197
118 09390
119 58763
120 66961

