001 88198
002 74578
003 17722
004 69019
005 87319
006 67687
007 12504
008 41463
009 73482
010 66876
011 37786
012 85316
013 17256
014 68741
015 51272
016 15930
017 46811
018 42239
019 97632
020 83920
021 99615
022 44437
023 10678
024 98734
025 07601
026 68249
027 11992
028 91565
029 05249
030 80717
031 42448
032 92824
033 82219
034 44551
035 35579
036 25632
037 94582
038 11975
039 75356
040 00723
041 78001
042 21295
043 60044
044 44866
045 09340
046 16784
047 74084
048 57207
049 41830
050 88343
051 22522
052 65333
053 12907
054 79046
055 48369
056 37761
057 40462
058 60822
059 16465
060 23068
061 42055
062 56430
063 88836
064 47985
065 76863
066 70593
067 44054
068 21731
069 84032
070 68538
071 52404
072 40877
073 54872
074 58996
075 82393
076 82288
077 71887
078 16930
079 34997
080 33448
081 02146
082 93858
083 45081
084 05453
085 77026
086 90299
087 43147
088 05995
089 30824
090 29683
091 61312
092 30069
093 06009
094 24972
095 15887
096 01432
097 22766
098 41992
099 43567
100 52812
101 66721
102 32225
103 26344
104 79034
105 98382
106 87574
107 78991
108 56214
109 77196
110 13941
111 37526
112 22312
113 99675
114 15021
115 24624
116 19226
117 86082
118 37928
119 05863
120 17843
