001 56886
002 44531
003 86301
004 05319
005 80606
006 56704
007 08988
008 78763
009 15499
010 90294
011 88846
012 63584
013 07958
014 99999
015 41534
016 82957
017 50882
018 78484
019 07767
020 61491
021 27837
022 08060
023 94419
024 55657
025 01422
026 49224
027 57962
028 24144
029 56357
030 13862
031 68897
032 04841
033 73687
034 90720
035 95314
036 41177
037 44543
038 23893
039 96056
040 23497
041 28787
042 74583
043 48085
044 80398
045 90788
046 73999
047 87383
048 23080
049 79293
050 09117
051 43707
052 34751
053 18934
054 92886
055 76688
056 43050
057 05174
058 91694
059 55563
060 64967
061 36169
062 13503
063 35239
064 03047
065 28042
066 82609
067 69478
068 34548
069 49780
070 24849
071 74334
072 59489
073 82645
074 62550
075 58652
076 48006
077 31143
078 07855
079 70190
080 57757
081 76943
082 42375
083 41656
084 40617
085 34229
086 43391
087 34548
088 31945
089 90159
090 82776
091 27373
092 31853
093 16368
094 17410
095 31071
096 80911
097 22752
098 10317
099 68636
100 39259
101 12951
102 82064
103 67910
104 27694
105 59986
106 30291
107 91358
108 34544
109 74295
110 19129
111 99783
112 57481
113 75180
114 27984
115 44206
116 05818
117 77320
118 54542
119 13123
120 31627
