001 76344
002 45866
003 06027
004 36799
005 70053
006 24930
007 35070
008 07363
009 87679
010 75266
011 83155
012 05849
013 28913
014 99271
015 77423
016 43345
017 86417
018 43222
019 42217
020 48333
021 40368
022 57151
023 34241
024 25674
025 03502
026 34326
027 11398
028 33257
029 04319
030 98587
031 94600
032 39171
033 71737
034 44012
035 06112
036 77909
037 17811
038 12321
039 33975
040 33318
041 00214
042 09997
043 38951
044 15413
045 27343
046 46959
047 60399
048 48881
049 81317
050 81567
051 15295
052 39745
053 66945
054 64268
055 34141
056 03236
057 86018
058 45727
059 63348
060 01167
061 63083
062 98375
063 06754
064 02956
065 42799
066 81710
067 57455
068 52066
069 25307
070 03251
071 34416
072 29230
073 15535
074 96044
075 59415
076 21135
077 92991
078 71344
079 19808
080 24411
081 39127
082 45005
083 31948
084 53524
085 73330
086 63369
087 60444
088 71548
089 14413
090 04997
091 56153
092 06934
093 27194
094 05973
095 31878
096 44723
097 65174
098 74836
099 46123
100 37918
101 92955
102 59719
103 57606
104 67470
105 25987
106 26448
107 91777
108 43893
109 38245
110 95338
111 36166
112 25098
113 86555
114 08243
115 13542
116 79063
117 42559
118 60167
119 04278
120 72178

