001 13823
002 04166
003 23829
004 30426
005 49045
006 50018
007 90661
008 28879
009 42153
010 64426
011 06696
012 50173
013 10296
014 35301
015 46477
016 06870
017 75904
018 73196
019 67616
020 20945
021 42151
022 89969
023 85714
024 86502
025 18326
026 20344
027 43892
028 70400
029 99086
030 35565
031 75723
032 06308
033 81238
034 70738
035 65713
036 52215
037 78603
038 17160
039 36641
040 19965
041 66610
042 33998
043 24300
044 70843
045 05346
046 41766
047 81429
048 92811
049 58866
050 39030
051 06938
052 32654
053 90116
054 16787
055 96243
056 06593
057 77174
058 80409
059 42841
060 09581
061 12294
062 59241
063 96710
064 13946
065 34743
066 02101
067 67543
068 73537
069 23313
070 76054
071 26133
072 99522
073 44407
074 28106
075 86858
076 57413
077 89886
078 56329
079 00402
080 12228
081 96442
082 56476
083 04905
084 41527
085 78388
086 97964
087 62507
088 88300
089 41225
090 56086
091 38310
092 60063
093 36284
094 12817
095 95614
096 22475
097 62665
098 14411
099 49206
100 46181
101 00447
102 40359
103 54334
104 17499
105 13680
106 08446
107 40515
108 69602
109 90640
110 32926
111 02502
112 88520
113 17769
114 37941
115 00680
116 91305
117 98859
118 20318
119 64192
120 65164
