001 41042
002 81959
003 64390
004 80685
005 03964
006 81075
007 58419
008 36492
009 38028
010 41960
011 90996
012 51812
013 36562
014 45053
015 53765
016 66663
017 87364
018 38454
019 88130
020 59022
021 45831
022 00552
023 61454
024 26214
025 43807
026 50659
027 56732
028 02095
029 32211
030 06782
031 43453
032 93016
033 17884
034 65355
035 82686
036 51712
037 41829
038 52470
039 48122
040 31070
041 16811
042 44707
043 66722
044 30674
045 74350
046 56711
047 36090
048 91352
049 77146
050 88408
051 47914
052 64178
053 82932
054 28511
055 39310
056 54816
057 18295
058 42647
059 94200
060 28665
061 01908
062 25589
063 08369
064 80558
065 93412
066 97154
067 00709
068 44024
069 59004
070 06771
071 57885
072 40157
073 09918
074 20459
075 58613
076 23859
077 21700
078 06018
079 82989
080 45273
081 17831
082 88308
083 14295
084 27005
085 86693
086 22021
087 93842
088 61888
089 33889
090 22511
091 67734
092 68040
093 02802
094 88736
095 95354
096 63106
097 44808
098 19289
099 75554
100 84425
101 49832
102 59076
103 00100
104 85003
105 53212
106 51249
107 57154
108 96003
109 76428
110 04333
111 86179
112 22188
113 85753
114 80249
115 67457
116 83028
117 49062
118 07716
119 47730
120 76435
