001 16611
002 11328
003 62792
004 20922
005 12448
006 42125
007 90134
008 10370
009 16851
010 01250
011 09161
012 07130
013 83579
014 63034
015 06477
016 89362
017 25094
018 66395
019 66971
020 18348
021 55532
022 26746
023 10786
024 85089
025 08330
026 80719
027 89417
028 37794
029 66492
030 76525
031 85018
032 05400
033 87003
034 17377
035 05127
036 54065
037 32170
038 43922
039 68441
040 56659
041 91762
042 21773
043 32672
044 18875
045 88448
046 14949
047 62801
048 11423
049 71405
050 58573
051 65423
052 01939
053 76666
054 90141
055 77416
056 27400
057 44901
058 05914
059 16230
060 52201
061 29254
062 20864
063 70188
064 97657
065 07766
066 93410
067 14353
068 77921
069 24756
070 17571
071 31280
072 30730
073 37244
074 81759
075 23811
076 71102
077 46168
078 27428
079 59356
080 22027
081 24230
082 38859
083 69961
084 96554
085 07673
086 36897
087 10932
088 99541
089 83957
090 17145
091 04417
092 86375
093 03434
094 27571
095 15103
096 40915
097 20002
098 03542
099 60967
100 26556
101 17172
102 85467
103 94790
104 39287
105 12526
106 92948
107 93711
108 41234
109 67509
110 53331
111 72189
112 82291
113 31312
114 64663
115 05067
116 26197
117 96414
118 69661
119 21983
120 97491

