001 29777
002 94662
003 28277
004 59649
005 60378
006 95634
007 63673
008 48470
009 82851
010 13386
011 31014
012 68233
013 45999
014 07319
015 88578
016 90654
017 47546
018 54992
019 17648
020 75388
021 48471
022 67739
023 11802
024 33704
025 39990
026 81274
027 40894
028 58115
029 68308
030 06902
031 71381
032 14900
033 52826
034 39828
035 28030
036 74150
037 29485
038 41163
039 95660
040 12192
041 28987
042 79392
043 79425
044 13087
045 47833
046 65337
047 15616
048 35035
049 21949
050 79536
051 96070
052 92760
053 68720
054 84806
055 47724
056 21823
057 53190
058 15382
059 65712
060 17907
061 95668
062 60134
063 39446
064 55572
065 45636
066 02405
067 96312
068 00394
069 46424
070 04011
071 61548
072 71585
073 49011
074 34313
075 81040
076 54671
077 31126
078 80823
079 34080
080 95431
081 57978
082 63074
083 30481
084 13017
085 09553
086 86109
087 17362
088 44356
089 04239
090 83429
091 84486
092 67497
093 31962
094 05482
095 38272
096 32009
097 18131
098 85782
099 96441
100 36280
101 64875
102 47146
103 40946
104 81571
105 08527
106 29232
107 03913
108 22516
109 43492
110 17471
111 79581
112 42709
113 55422
114 92825
115 92632
116 73528
117 13102
118 82968
119 13080
120 33046
