001 16150
002 48141
003 97072
004 55964
005 06900
006 36086
007 64151
008 96126
009 26899
010 62234
011 24217
012 60375
013 79903
014 30557
015 48277
016 44583
017 41629
018 52499
019 37998
020 43731
021 59694
022 59758
023 81427
024 20569
025 62972
026 45632
027 46655
028 01614
029 22882
030 93521
031 25398
032 63741
033 04687
034 93655
035 67080
036 76696
037 62729
038 12317
039 37916
040 59566
041 46665
042 91660
043 69092
044 51805
045 72695
046 44253
047 47776
048 11593
049 85942
050 28860
051 81341
052 49281
053 70752
054 59616
055 50251
056 14208
057 81505
058 50463
059 09013
060 24441
061 52970
062 80023
063 10905
064 12106
065 56897
066 90714
067 02672
068 44784
069 84980
070 80282
071 39045
072 54512
073 02044
074 27516
075 82703
076 33652
077 54391
078 01720
079 39073
080 27623
081 72887
082 57766
083 29209
084 28791
085 42712
086 47738
087 24836
088 64411
089 37013
090 46537
091 80293
092 18878
093 95965
094 79957
095 12060
096 50294
097 93346
098 35492
099 46873
100 47002
101 67599
102 50184
103 19957
104 22710
105 10381
106 72641
107 25738
108 02523
109 07363
110 99134
111 58652
112 62572
113 60111
114 98079
115 86628
116 19568
117 78825
118 03003
119 91316
120 22128

