001 03081
002 08717
003 94843
004 14344
005 03656
006 52940
007 29853
008 14516
009 10039
010 32834
011 13881
012 17229
013 31431
014 74630
015 33509
016 42345
017 63625
018 32358
019 75332
020 25971
021 31658
022 25053
023 53702
024 13381
025 91455
026 40979
027 08366
028 62480
029 65784
030 43533
031 09700
032 19579
033 64565
034 99476
035 87643
036 03305
037 17155
038 56285
039 56423
040 54198
041 26384
042 22205
043 52139
044 55863
045 30401
046 78917
047 84948
048 83415
049 04887
050 11514
051 71280
052 65226
053 70133
054 99111
055 43143
056 09274
057 46945
058 20062
059 31727
060 40894
061 91837
062 65862
063 30706
064 27395
065 16290
066 13013
067 48043
068 49175
069 46233
070 84065
071 95832
072 01838
073 65922
074 05840
075 45316
076 48871
077 14855
078 57024
079 02775
080 41173
081 87273
082 33365
083 92136
084 19882
085 26905
086 41698
087 91487
088 21694
089 12677
090 11058
091 02120
092 65285
093 71132
094 79671
095 08093
096 97480
097 28483
098 44580
099 70787
100 23928
101 86211
102 37147
103 18424
104 56506
105 26225
106 59285
107 14022
108 40900
109 25132
110 56950
111 10241
112 21397
113 17422
114 35596
115 39320
116 74540
117 23882
118 22714
119 36000
120 13012
