001 46204
002 90879
003 25262
004 55154
005 05458
006 55581
007 16521
008 44007
009 60132
010 16289
011 44046
012 84833
013 51134
014 51404
015 36177
016 29655
017 23670
018 19969
019 47914
020 58374
021 56763
022 28675
023 28254
024 66221
025 96944
026 54557
027 19144
028 83639
029 31126
030 55730
031 17578
032 28763
033 24766
034 45016
035 55255
036 07498
037 62022
038 49931
039 35732
040 98478
041 15192
042 21278
043 75887
044 56589
045 36867
046 29859
047 07074
048 25559
049 58917
050 07815
051 99076
052 38895
053 25125
054 51831
055 00455
056 95655
057 62900
058 22933
059 49291
060 94122
061 85993
062 68232
063 90199
064 45256
065 74770
066 45323
067 13420
068 75957
069 84821
070 21874
071 32702
072 72516
073 49202
074 56763
075 33754
076 20132
077 96050
078 18123
079 18387
080 54811
081 27792
082 55216
083 85591
084 29455
085 02382
086 69307
087 00378
088 73755
089 00681
090 38192
091 77118
092 14231
093 70600
094 19346
095 02231
096 45113
097 55642
098 02444
099 05050
100 38316
101 73519
102 66653
103 31132
104 23951
105 73473
106 99366
107 31210
108 85244
109 07570
110 24690
111 12404
112 96357
113 38996
114 72511
115 66655
116 88560
117 97963
118 56545
119 52572
120 07650

