001 74417
002 55436
003 65227
004 83326
005 60129
006 38592
007 53435
008 38497
009 36312
010 09449
011 05598
012 58435
013 58937
014 99899
015 58509
016 94660
017 17026
018 06200
019 74523
020 61197
021 45522
022 92358
023 16708
024 94684
025 22339
026 07371
027 25310
028 11545
029 62497
030 44844
031 53006
032 97530
033 26137
034 90228
035 60308
036 49839
037 58750
038 19113
039 13879
040 83719
041 74807
042 68925
043 80657
044 85049
045 35989
046 99532
047 07629
048 42301
049 12665
050 99908
051 92209
052 06568
053 06941
054 21023
055 19793
056 68381
057 41506
058 85545
059 24083
060 28238
061 83733
062 06645
063 01259
064 21251
065 82748
066 34193
067 06263
068 43337
069 19214
070 12392
071 74466
072 57888
073 10207
074 30427
075 11328
076 01450
077 08838
078 39053
079 45511
080 98122
081 47047
082 35396
083 11937
084 74073
085 59296
086 25595
087 87996
088 71900
089 31838
090 26667
091 16507
092 03180
093 84589
094 49211
095 12605
096 80156
097 97797
098 10858
099 33409
100 24635
101 87570
102 13012
103 84380
104 58887
105 09895
106 15135
107 12562
108 68446
109 04418
110 28670
111 89553
112 84303
113 00451
114 42800
115 45583
116 13862
117 83014
118 62889
119 38049
120 33441
