001 40965
002 09435
003 77875
004 14143
005 12048
006 75590
007 32816
008 67401
009 99661
010 27793
011 90406
012 08746
013 87847
014 60429
015 68410
016 51716
017 65411
018 21820
019 82205
020 73053
021 87142
022 35518
023 51878
024 36522
025 72793
026 46982
027 71734
028 88336
029 19167
030 38212
031 46949
032 10609
033 88065
034 47595
035 05033
036 62050
037 16959
038 96463
039 16500
040 49571
041 84479
042 88946
043 28080
044 24375
045 56948
046 58456
047 86742
048 47840
049 33508
050 41027
051 62983
052 76888
053 58529
054 88061
055 75739
056 63506
057 42046
058 46998
059 41566
060 22672
061 49094
062 02954
063 74358
064 17194
065 36880
066 15383
067 92486
068 20836
069 57146
070 97767
071 86364
072 67417
073 15249
074 79065
075 81590
076 28863
077 43886
078 42223
079 60340
080 49899
081 06510
082 27482
083 20360
084 47483
085 25947
086 06673
087 87460
088 87675
089 21358
090 29463
091 23627
092 66299
093 59771
094 54129
095 68864
096 43658
097 81249
098 53905
099 92979
100 75133
101 33718
102 58992
103 56421
104 20571
105 06540
106 42806
107 35226
108 44547
109 03643
110 37654
111 86538
112 84638
113 41339
114 56067
115 78034
116 96231
117 14096
118 72664
119 48109
120 11772
