001 77796
002 76721
003 59863
004 53342
005 94203
006 69482
007 12922
008 35060
009 45737
010 26102
011 80213
012 76148
013 76551
014 42312
015 72457
016 54805
017 95779
018 32491
019 87618
020 31712
021 32385
022 47006
023 68067
024 85816
025 16311
026 63987
027 76657
028 82971
029 85238
030 31909
031 91830
032 81563
033 94783
034 35954
035 80132
036 77463
037 38928
038 70305
039 59802
040 00702
041 37432
042 68075
043 55463
044 78734
045 44476
046 73319
047 04299
048 21330
049 24809
050 10959
051 52210
052 74590
053 66879
054 66937
055 27639
056 17013
057 97576
058 71099
059 43092
060 32515
061 49669
062 29814
063 08555
064 20184
065 58263
066 20989
067 11668
068 44087
069 89478
070 42537
071 13514
072 77788
073 39199
074 51854
075 32166
076 72845
077 13944
078 39577
079 50755
080 53579
081 07286
082 34396
083 44786
084 99805
085 57078
086 35269
087 44171
088 28181
089 59439
090 98754
091 63027
092 84657
093 65521
094 21605
095 76763
096 11371
097 55957
098 28032
099 58125
100 76661
101 01256
102 28917
103 52226
104 25789
105 70375
106 53255
107 81396
108 53336
109 29310
110 97689
111 21019
112 36936
113 96653
114 66524
115 60832
116 85839
117 94298
118 15253
119 56484
120 15789

