001 82347
002 30861
003 02673
004 53927
005 20044
006 51464
007 14904
008 11804
009 08744
010 79506
011 19531
012 46200
013 83922
014 63675
015 64114
016 31796
017 44829
018 83515
019 46228
020 15774
021 81621
022 70596
023 94905
024 02164
025 59874
026 27728
027 09607
028 18521
029 12868
030 22568
031 69226
032 10974
033 55073
034 13200
035 70928
036 24543
037 11002
038 69913
039 39996
040 06301
041 71937
042 86858
043 38581
044 53624
045 25814
046 26662
047 81168
048 37881
049 76256
050 06811
051 01360
052 95673
053 88097
054 18743
055 39396
056 09643
057 43716
058 99204
059 47308
060 69003
061 78298
062 70349
063 98032
064 65853
065 26817
066 18836
067 93817
068 33519
069 38927
070 29284
071 20226
072 45014
073 17043
074 58245
075 40900
076 66406
077 26604
078 47828
079 07987
080 69056
081 26480
082 59357
083 00712
084 86374
085 85035
086 61842
087 62815
088 55158
089 43731
090 60888
091 74950
092 87176
093 34685
094 34015
095 10501
096 21057
097 69842
098 30324
099 43077
100 74516
101 18423
102 57872
103 63239
104 52996
105 12657
106 89182
107 79843
108 51800
109 82626
110 29821
111 36737
112 07109
113 41938
114 50698
115 29682
116 77439
117 92063
118 54190
119 29008
120 47989

