001 61562
002 19454
003 95093
004 32638
005 48101
006 74535
007 95237
008 44468
009 82284
010 95817
011 82573
012 01507
013 12532
014 18886
015 55488
016 49645
017 10992
018 96873
019 55097
020 16659
021 22902
022 88961
023 29109
024 69250
025 80298
026 89676
027 18399
028 97195
029 12015
030 88859
031 88847
032 67220
033 35106
034 77610
035 19250
036 11535
037 28985
038 92764
039 19367
040 91745
041 62733
042 65527
043 49972
044 18873
045 86780
046 25791
047 79640
048 69192
049 59773
050 70229
051 78160
052 79540
053 17090
054 02601
055 75760
056 16048
057 10592
058 92722
059 26058
060 56410
061 61723
062 19516
063 66765
064 41980
065 60887
066 44490
067 47810
068 98266
069 14275
070 44397
071 52960
072 50989
073 19162
074 82262
075 81079
076 30081
077 69245
078 62934
079 05185
080 73492
081 82061
082 11460
083 29341
084 45962
085 18159
086 73839
087 09176
088 79474
089 41711
090 78492
091 22537
092 42646
093 73492
094 33630
095 74571
096 75893
097 24586
098 42095
099 37536
100 33179
101 59670
102 36523
103 74613
104 66093
105 28895
106 97920
107 53900
108 44399
109 19965
110 92762
111 26151
112 08456
113 26922
114 53612
115 99271
116 81950
117 97976
118 95440
119 99567
120 12704

