001 02599
002 89094
003 67884
004 45960
005 59579
006 31844
007 12908
008 86198
009 02258
010 57261
011 98425
012 12963
013 08397
014 49418
015 69672
016 63203
017 34238
018 43735
019 67063
020 93280
021 32128
022 93772
023 11991
024 28226
025 87716
026 80187
027 61249
028 81456
029 15495
030 39838
031 84792
032 62871
033 73925
034 49129
035 87508
036 37413
037 74191
038 87393
039 36409
040 45899
041 17226
042 51740
043 35302
044 40765
045 18672
046 89946
047 28049
048 77916
049 26165
050 56312
051 63010
052 37309
053 28547
054 92619
055 84511
056 61433
057 39179
058 39293
059 84552
060 51068
061 33417
062 86293
063 43339
064 71436
065 39925
066 39545
067 15062
068 06226
069 42941
070 79839
071 32980
072 34911
073 69044
074 59866
075 17584
076 05695
077 76702
078 00823
079 33561
080 24638
081 64782
082 58478
083 02006
084 25746
085 78257
086 66730
087 06186
088 15666
089 02178
090 83859
091 91308
092 72248
093 78362
094 16033
095 91422
096 83641
097 75893
098 81466
099 17534
100 31848
101 22530
102 73563
103 17193
104 81843
105 39102
106 27939
107 02247
108 02971
109 98288
110 17218
111 03064
112 75539
113 09587
114 29333
115 70526
116 17882
117 16555
118 48872
119 75822
120 80513

