001 84592
002 00650
003 81127
004 04836
005 06828
006 75594
007 50929
008 94388
009 71814
010 38248
011 01191
012 56907
013 15732
014 86179
015 06268
016 46549
017 21653
018 29533
019 99477
020 52820
021 92545
022 81619
023 74933
024 25818
025 36431
026 11124
027 61162
028 98638
029 58422
030 84118
031 04914
032 47274
033 36197
034 33299
035 52696
036 51500
037 56954
038 17061
039 89953
040 06044
041 17304
042 59245
043 02538
044 09142
045 30154
046 06449
047 20974
048 40275
049 06554
050 41369
051 51402
052 02577
053 98199
054 86563
055 60832
056 24762
057 50326
058 01274
059 15937
060 17332
061 98737
062 72218
063 95560
064 41429
065 85368
066 02659
067 50841
068 53488
069 86339
070 42230
071 04629
072 86115
073 20339
074 02440
075 28378
076 51822
077 86824
078 38197
079 77749
080 11616
081 03615
082 51661
083 80701
084 23631
085 77677
086 83640
087 90748
088 20074
089 53711
090 71679
091 67355
092 51679
093 18829
094 71296
095 57848
096 02649
097 86783
098 14875
099 98291
100 16066
101 59062
102 93120
103 23878
104 66829
105 59783
106 24429
107 92784
108 03062
109 58514
110 88911
111 86674
112 90782
113 32879
114 85465
115 48530
116 61080
117 30692
118 61136
119 14513
120 78776

