001 84325
002 64238
003 71669
004 35574
005 07926
006 62740
007 11506
008 84059
009 12291
010 32921
011 48550
012 60021
013 28871
014 18391
015 71431
016 02539
017 34789
018 79116
019 77139
020 56901
021 57861
022 30683
023 14105
024 32655
025 66371
026 92732
027 75169
028 59431
029 50247
030 11128
031 57949
032 49034
033 52059
034 03707
035 95258
036 46626
037 07609
038 21591
039 39198
040 95493
041 40806
042 65443
043 19156
044 85171
045 82624
046 69218
047 76982
048 17670
049 83278
050 85316
051 81499
052 24783
053 50402
054 97073
055 16403
056 38940
057 74490
058 08276
059 62343
060 54302
061 44192
062 87357
063 04888
064 46921
065 17849
066 23600
067 49920
068 62948
069 15596
070 52205
071 52140
072 68477
073 12772
074 35125
075 95803
076 77563
077 38432
078 24180
079 27130
080 55390
081 01292
082 24295
083 50286
084 52592
085 89139
086 93471
087 48266
088 80006
089 65692
090 28850
091 38682
092 82567
093 46775
094 23795
095 75274
096 40540
097 88516
098 68582
099 01675
100 11060
101 92864
102 69686
103 00584
104 73731
105 09433
106 09841
107 45639
108 48267
109 76933
110 28935
111 87451
112 31381
113 57944
114 03521
115 91880
116 39688
117 77583
118 62803
119 58251
120 70076
