001 57140
002 15384
003 91070
004 11050
005 97035
006 64856
007 68004
008 99837
009 81276
010 13892
011 17533
012 50842
013 86298
014 37388
015 77345
016 84846
017 99092
018 57420
019 56269
020 05241
021 25818
022 00687
023 82991
024 23057
025 20969
026 63270
027 95081
028 08229
029 89628
030 84752
031 03663
032 09382
033 24518
034 40673
035 69155
036 90577
037 93085
038 50272
039 53241
040 06010
041 65508
042 95282
043 56858
044 32132
045 82037
046 34641
047 34215
048 48228
049 69624
050 99792
051 44605
052 09817
053 89466
054 47394
055 44282
056 30984
057 65014
058 18140
059 27361
060 51344
061 77304
062 64403
063 90380
064 03749
065 25569
066 08054
067 95058
068 62896
069 55229
070 73305
071 68660
072 42619
073 84966
074 73423
075 40700
076 39479
077 21445
078 50895
079 59039
080 07947
081 57017
082 00124
083 07268
084 79756
085 98693
086 00513
087 26483
088 46134
089 65396
090 71000
091 91855
092 96801
093 67891
094 29004
095 53977
096 10631
097 76909
098 36739
099 88683
100 64823
101 71673
102 32420
103 50752
104 98333
105 83530
106 64761
107 25871
108 50428
109 03940
110 88502
111 35935
112 01791
113 31859
114 58043
115 37954
116 93604
117 55375
118 12346
119 23878
120 59779

