001 13466
002 12343
003 00826
004 65551
005 80048
006 89411
007 62965
008 02855
009 61226
010 08316
011 63508
012 54768
013 94261
014 50012
015 37392
016 00870
017 77757
018 67302
019 86083
020 88691
021 05799
022 55881
023 10050
024 58579
025 83517
026 10934
027 97565
028 80970
029 01049
030 17374
031 51881
032 65165
033 68222
034 95679
035 38105
036 61454
037 64921
038 36241
039 89815
040 12961
041 82082
042 14442
043 83257
044 22395
045 37893
046 41767
047 53920
048 63195
049 37096
050 78941
051 80126
052 13321
053 38913
054 02113
055 00680
056 26416
057 91903
058 78110
059 84173
060 19657
061 67896
062 30081
063 06079
064 30606
065 89104
066 94879
067 85515
068 65457
069 93221
070 16209
071 07855
072 16168
073 69386
074 38095
075 56950
076 60300
077 80990
078 28466
079 26567
080 76674
081 17078
082 36574
083 49248
084 90379
085 37591
086 50503
087 82028
088 71762
089 35229
090 48296
091 84520
092 23302
093 18607
094 10561
095 52375
096 31400
097 76303
098 52999
099 38668
100 63739
101 93359
102 74831
103 80707
104 84032
105 00146
106 12285
107 53700
108 28533
109 04824
110 24092
111 70470
112 90124
113 10375
114 98714
115 44460
116 87745
117 96357
118 94882
119 84901
120 68768
