001 86456
002 73291
003 56143
004 03437
005 64639
006 47797
007 90143
008 87013
009 19218
010 11524
011 22324
012 24897
013 60767
014 51457
015 08658
016 00820
017 34211
018 46805
019 27012
020 96712
021 40445
022 75474
023 15925
024 53519
025 20661
026 86266
027 32873
028 63760
029 98235
030 39440
031 95588
032 51342
033 99487
034 51154
035 16342
036 67261
037 38424
038 96084
039 59261
040 50341
041 02739
042 13586
043 67151
044 53786
045 80953
046 29186
047 24180
048 41818
049 99565
050 97091
051 60842
052 56604
053 25125
054 64812
055 59115
056 08930
057 35042
058 60578
059 97234
060 69087
061 92174
062 30993
063 18829
064 27519
065 87132
066 83605
067 34425
068 17022
069 04607
070 54113
071 07388
072 16593
073 88266
074 70599
075 39670
076 36150
077 51750
078 09603
079 28392
080 89976
081 79250
082 99421
083 54581
084 77709
085 39293
086 32957
087 04994
088 88277
089 17731
090 52442
091 21543
092 59310
093 55779
094 11478
095 15503
096 02606
097 57134
098 17506
099 63078
100 82406
101 40897
102 72878
103 15446
104 39833
105 07634
106 55765
107 55843
108 03098
109 13725
110 39110
111 09929
112 59570
113 44370
114 03065
115 77178
116 07393
117 00081
118 42702
119 04105
120 93060
