001 03441
002 08392
003 78989
004 48450
005 56253
006 19412
007 82192
008 90631
009 56604
010 28055
011 29551
012 50971
013 63149
014 72834
015 44886
016 57955
017 09107
018 61858
019 60781
020 84376
021 36711
022 46419
023 47230
024 62453
025 27377
026 45616
027 83084
028 66361
029 27169
030 14795
031 77962
032 99707
033 58931
034 39881
035 09212
036 41275
037 25720
038 94213
039 51642
040 99051
041 04279
042 05445
043 59695
044 56914
045 96151
046 48949
047 53261
048 06907
049 56662
050 58950
051 48448
052 65506
053 88754
054 83372
055 55613
056 49093
057 88419
058 17441
059 46889
060 25317
061 13300
062 22335
063 47950
064 13174
065 51472
066 66407
067 71698
068 28717
069 11670
070 22615
071 48753
072 16028
073 46467
074 51313
075 60292
076 78310
077 38656
078 62081
079 52852
080 74204
081 36298
082 51841
083 09762
084 14234
085 04964
086 79116
087 96628
088 71277
089 39104
090 50663
091 77046
092 67349
093 88098
094 08955
095 52396
096 71591
097 06684
098 72438
099 51177
100 84990
101 19046
102 36679
103 93277
104 38626
105 73429
106 29028
107 55719
108 34421
109 42207
110 31633
111 77029
112 90322
113 42408
114 19873
115 38190
116 31501
117 35030
118 24241
119 28983
120 52437
