001 21844
002 93637
003 00320
004 15625
005 34970
006 45913
007 77061
008 98342
009 87300
010 57364
011 52749
012 83610
013 39255
014 81347
015 65657
016 99127
017 35456
018 32682
019 16190
020 35293
021 44534
022 42081
023 46924
024 67427
025 53426
026 72454
027 96157
028 06951
029 89326
030 02402
031 71606
032 70664
033 62192
034 40862
035 62021
036 33608
037 89029
038 97290
039 21682
040 54873
041 36715
042 32493
043 81490
044 39260
045 12024
046 48095
047 93420
048 96065
049 49249
050 46965
051 78816
052 53302
053 13306
054 49859
055 11358
056 53907
057 56425
058 86979
059 35838
060 36308
061 33972
062 12839
063 23354
064 32825
065 44649
066 28818
067 10205
068 46328
069 58900
070 96282
071 29768
072 50624
073 45940
074 51514
075 24917
076 45103
077 68308
078 56930
079 20828
080 40165
081 85401
082 53429
083 87726
084 48522
085 54498
086 38320
087 02396
088 77894
089 52162
090 44851
091 69441
092 11831
093 86358
094 22390
095 62971
096 32092
097 66655
098 08848
099 17227
100 52383
101 92600
102 27108
103 53018
104 76256
105 51946
106 43216
107 78163
108 09659
109 10505
110 38622
111 37623
112 49022
113 79810
114 55516
115 78297
116 29926
117 20947
118 28450
119 68164
120 66301
