001 55280
002 74428
003 42667
004 26650
005 92499
006 10585
007 96789
008 31898
009 57657
010 78948
011 21146
012 54010
013 14380
014 81456
015 74090
016 02275
017 72485
018 91812
019 17370
020 35421
021 98998
022 25551
023 06710
024 73187
025 89518
026 22312
027 82797
028 12178
029 47268
030 46740
031 09962
032 07678
033 02985
034 85308
035 92154
036 19620
037 78893
038 79406
039 97962
040 14588
041 28792
042 32106
043 19334
044 34524
045 64802
046 86027
047 43834
048 69580
049 07981
050 49244
051 32171
052 43757
053 61207
054 79811
055 45691
056 91906
057 90369
058 75089
059 91385
060 67420
061 33597
062 61702
063 14140
064 49659
065 69328
066 36015
067 38091
068 60232
069 06944
070 09985
071 85375
072 96798
073 77076
074 53050
075 94871
076 53473
077 63769
078 05375
079 87850
080 52032
081 29634
082 85399
083 72994
084 05711
085 14559
086 64335
087 18035
088 01739
089 11830
090 54416
091 71672
092 74966
093 80956
094 96936
095 78565
096 60940
097 13002
098 02032
099 83019
100 91913
101 79829
102 56993
103 79427
104 73252
105 57469
106 80590
107 03900
108 66927
109 52954
110 24889
111 20072
112 73345
113 72696
114 42995
115 26041
116 67321
117 23904
118 20288
119 42217
120 14987

