001 80403
002 08469
003 29411
004 01239
005 60038
006 20486
007 91847
008 07611
009 57399
010 34320
011 18027
012 02809
013 39437
014 78280
015 00965
016 81451
017 65821
018 73410
019 07363
020 57835
021 88362
022 07519
023 69383
024 16132
025 70612
026 28778
027 89635
028 91260
029 72551
030 43074
031 61642
032 30192
033 46283
034 67908
035 54336
036 69750
037 67896
038 32233
039 53271
040 73792
041 27623
042 00641
043 71678
044 58419
045 03963
046 53001
047 50724
048 07207
049 66967
050 97648
051 46077
052 35503
053 23406
054 82860
055 57551
056 50290
057 43403
058 79407
059 09874
060 21447
061 35938
062 29346
063 82135
064 12588
065 73943
066 30498
067 63625
068 00303
069 59676
070 89500
071 82114
072 88706
073 22213
074 78153
075 96149
076 13324
077 39733
078 00994
079 77664
080 41548
081 09834
082 43313
083 33021
084 30020
085 84071
086 59176
087 58140
088 11347
089 18403
090 26015
091 71897
092 13574
093 64607
094 30047
095 02502
096 32079
097 02458
098 74845
099 40450
100 64011
101 58492
102 39541
103 41822
104 59325
105 82581
106 05856
107 39607
108 34333
109 71967
110 20346
111 39653
112 52533
113 79884
114 09449
115 40798
116 50975
117 17237
118 85301
119 73953
120 31574

