001 71595
002 11433
003 89399
004 41658
005 62465
006 10513
007 85271
008 88444
009 86759
010 20761
011 22151
012 41881
013 09180
014 96357
015 40168
016 15959
017 67939
018 25527
019 45024
020 83037
021 46153
022 90220
023 49698
024 46331
025 62806
026 64367
027 80884
028 76992
029 65357
030 88736
031 26711
032 70144
033 69031
034 97686
035 85561
036 83350
037 02744
038 13648
039 01166
040 48098
041 43953
042 85978
043 49426
044 45685
045 98442
046 10594
047 21266
048 13210
049 11060
050 43189
051 43517
052 95321
053 66718
054 96098
055 68121
056 76810
057 57116
058 09990
059 37341
060 22673
061 71455
062 33927
063 81447
064 16845
065 11177
066 25502
067 82846
068 29869
069 38443
070 20317
071 47327
072 64424
073 97555
074 48159
075 32768
076 29865
077 06024
078 23169
079 15657
080 50124
081 18794
082 82790
083 50835
084 24260
085 89733
086 97640
087 85375
088 77400
089 91988
090 33480
091 71144
092 97495
093 81429
094 98114
095 72574
096 67830
097 31289
098 12976
099 10417
100 02695
101 45269
102 35444
103 34322
104 46105
105 21618
106 18903
107 56837
108 11894
109 13961
110 45841
111 34893
112 55502
113 64063
114 65479
115 70374
116 46676
117 96997
118 06761
119 09864
120 58556

