001 27782
002 01173
003 56388
004 45757
005 92736
006 81292
007 05975
008 58217
009 47175
010 65974
011 43065
012 55074
013 06801
014 68221
015 08784
016 42420
017 29251
018 04843
019 45717
020 41219
021 23603
022 37142
023 25091
024 48370
025 57929
026 82309
027 99276
028 66956
029 00661
030 04082
031 92589
032 15733
033 06568
034 52002
035 05674
036 32550
037 40209
038 28249
039 43080
040 50765
041 72702
042 79471
043 46087
044 44890
045 41775
046 91025
047 89946
048 86761
049 95256
050 30401
051 13225
052 86508
053 94585
054 32185
055 38650
056 34075
057 47746
058 61746
059 59766
060 74581
061 45965
062 79210
063 04387
064 01406
065 43837
066 97100
067 79515
068 14701
069 36807
070 47525
071 18782
072 04668
073 56601
074 52090
075 01180
076 29628
077 84924
078 23967
079 09060
080 11219
081 46171
082 25968
083 08784
084 74203
085 45957
086 96811
087 86741
088 06180
089 62145
090 67450
091 34690
092 87318
093 65901
094 11548
095 82051
096 21572
097 67512
098 14978
099 22087
100 51028
101 03001
102 68276
103 95105
104 81419
105 99272
106 95802
107 14614
108 35093
109 52830
110 52954
111 65877
112 89288
113 96752
114 93951
115 57804
116 89563
117 65585
118 20590
119 11296
120 51975
