001 90615
002 18171
003 28579
004 31222
005 45113
006 65144
007 45204
008 16104
009 74141
010 90248
011 03198
012 02894
013 67443
014 15310
015 94694
016 32261
017 90075
018 29803
019 37384
020 23925
021 01601
022 58090
023 24846
024 07197
025 84594
026 95201
027 39256
028 08148
029 37673
030 98530
031 96538
032 82117
033 92888
034 80159
035 06120
036 02062
037 08302
038 58255
039 22763
040 39297
041 24412
042 21920
043 05385
044 25901
045 84030
046 53952
047 44903
048 78361
049 48680
050 90839
051 04653
052 25780
053 68258
054 59260
055 39189
056 23428
057 65142
058 83904
059 41601
060 29711
061 43584
062 37418
063 16943
064 68265
065 58899
066 81658
067 89417
068 14099
069 30243
070 96141
071 22287
072 77391
073 46636
074 89941
075 12222
076 44693
077 38424
078 88810
079 85674
080 51783
081 39272
082 45456
083 89533
084 76355
085 29507
086 81280
087 40799
088 92576
089 67309
090 67476
091 85523
092 45920
093 80657
094 88973
095 13027
096 75364
097 41550
098 21984
099 33183
100 22061
101 21082
102 33382
103 42159
104 68704
105 93668
106 27225
107 70961
108 76760
109 17569
110 19784
111 63011
112 91006
113 10871
114 30456
115 68440
116 72132
117 16272
118 71726
119 05898
120 93679

