001 65435
002 28772
003 31504
004 83654
005 79650
006 23911
007 62110
008 26475
009 33200
010 76189
011 04903
012 96121
013 14364
014 50416
015 00211
016 31591
017 11971
018 26589
019 39070
020 26304
021 89389
022 72091
023 25429
024 89972
025 42426
026 05442
027 25099
028 18040
029 64207
030 93701
031 88729
032 87959
033 08244
034 39095
035 01727
036 31845
037 70494
038 49497
039 96108
040 76961
041 75258
042 30464
043 54819
044 84742
045 40352
046 00996
047 35632
048 59037
049 04048
050 62097
051 44047
052 20537
053 14376
054 98240
055 26293
056 67415
057 04656
058 24014
059 50170
060 08462
061 50797
062 13513
063 51947
064 36316
065 72944
066 16243
067 05129
068 76677
069 80055
070 04182
071 84989
072 27725
073 52790
074 50521
075 68296
076 49676
077 85172
078 57571
079 22843
080 81989
081 24338
082 18092
083 17519
084 19177
085 22713
086 59497
087 23407
088 75821
089 38475
090 44782
091 50113
092 33567
093 70995
094 00121
095 54258
096 48228
097 16676
098 80985
099 16003
100 78602
101 19828
102 81217
103 59898
104 53710
105 43733
106 29631
107 17292
108 88524
109 56807
110 46275
111 61541
112 34833
113 74158
114 24211
115 38310
116 87253
117 97734
118 20962
119 58558
120 65484

