001 07963
002 93462
003 33853
004 71903
005 73539
006 71465
007 95102
008 44329
009 92519
010 49491
011 31899
012 54212
013 21510
014 06678
015 71222
016 97649
017 56296
018 28543
019 38132
020 30010
021 90399
022 64201
023 74747
024 57544
025 98040
026 07729
027 82275
028 65575
029 02773
030 40749
031 10410
032 37647
033 27225
034 51633
035 55524
036 81224
037 11984
038 68942
039 43509
040 58189
041 37815
042 12845
043 84682
044 45107
045 63526
046 36913
047 05562
048 12394
049 75786
050 33837
051 85072
052 26073
053 74587
054 57811
055 52848
056 00761
057 53523
058 73150
059 84972
060 19080
061 68761
062 63444
063 01774
064 33243
065 75254
066 39349
067 87881
068 08550
069 76729
070 58380
071 71214
072 43935
073 16545
074 75707
075 54303
076 16681
077 77716
078 05169
079 48502
080 91698
081 41358
082 57959
083 42107
084 59236
085 22542
086 63412
087 29128
088 20658
089 60099
090 89777
091 77984
092 63892
093 65848
094 41907
095 01332
096 01223
097 13411
098 52181
099 92399
100 61499
101 46358
102 32471
103 19969
104 39280
105 63717
106 25391
107 15142
108 66260
109 77688
110 68693
111 23369
112 50443
113 36223
114 96430
115 89308
116 41031
117 45914
118 23004
119 34452
120 75753

