001 33245
002 03721
003 28584
004 00898
005 29316
006 71308
007 95640
008 16282
009 10396
010 60659
011 47508
012 17591
013 12847
014 89096
015 03179
016 28441
017 79553
018 22265
019 08201
020 58848
021 41443
022 30386
023 35288
024 18805
025 09993
026 39149
027 61975
028 23538
029 23774
030 75492
031 57425
032 33882
033 34441
034 71256
035 69838
036 45002
037 32044
038 86139
039 03110
040 13675
041 93537
042 98237
043 63127
044 54807
045 83090
046 42105
047 98231
048 02174
049 53787
050 01473
051 54577
052 36523
053 59698
054 15733
055 83440
056 66854
057 27180
058 44242
059 52029
060 96681
061 68575
062 29070
063 76058
064 76291
065 09558
066 48190
067 81623
068 85945
069 28223
070 81255
071 36699
072 38021
073 54153
074 02470
075 15936
076 73854
077 38275
078 78587
079 13436
080 65031
081 53890
082 36897
083 54736
084 06431
085 81167
086 47087
087 75787
088 11488
089 45979
090 12712
091 36710
092 37302
093 37319
094 58590
095 30237
096 03180
097 14048
098 32560
099 99862
100 24985
101 67800
102 60271
103 03706
104 11728
105 39792
106 61275
107 28252
108 47497
109 18538
110 62104
111 26316
112 66489
113 86252
114 77038
115 10094
116 05607
117 36138
118 84599
119 51180
120 63675

