001 22498
002 20801
003 39943
004 52559
005 97362
006 72889
007 01242
008 95260
009 19478
010 98729
011 39781
012 32172
013 38973
014 20501
015 65792
016 22022
017 42901
018 70538
019 24542
020 08262
021 64928
022 42703
023 46884
024 12974
025 42501
026 17991
027 90121
028 31922
029 47566
030 50993
031 97945
032 61764
033 19960
034 93855
035 86708
036 47504
037 29461
038 60563
039 12529
040 86794
041 60998
042 39371
043 64709
044 17950
045 99782
046 38826
047 48396
048 92973
049 27348
050 22916
051 75429
052 21097
053 29355
054 64276
055 42736
056 41403
057 33649
058 99770
059 02773
060 32129
061 43089
062 33581
063 95116
064 20364
065 66421
066 40525
067 86974
068 64751
069 43395
070 14371
071 10201
072 40595
073 26596
074 92747
075 60524
076 25279
077 71473
078 70654
079 44438
080 97693
081 77274
082 84878
083 54863
084 67495
085 03391
086 21051
087 87991
088 13735
089 52740
090 15081
091 20388
092 34119
093 30966
094 18809
095 48898
096 46423
097 57103
098 77625
099 51895
100 28570
101 02609
102 44567
103 09334
104 84843
105 46651
106 36596
107 06236
108 88354
109 39542
110 17785
111 26347
112 91967
113 51176
114 09762
115 25728
116 62621
117 38567
118 45737
119 91594
120 28009

