001 74338
002 86628
003 87895
004 19074
005 48154
006 96568
007 30944
008 19558
009 67400
010 84631
011 94385
012 72206
013 17451
014 33196
015 77486
016 60583
017 08845
018 37202
019 47098
020 76304
021 29059
022 37761
023 10130
024 37394
025 09110
026 07752
027 75714
028 02534
029 40481
030 70879
031 80959
032 47431
033 84707
034 82374
035 63986
036 26036
037 55049
038 01422
039 24276
040 84964
041 03840
042 96955
043 75655
044 28900
045 16193
046 80817
047 55971
048 54088
049 70166
050 03473
051 44843
052 43857
053 59647
054 52654
055 40015
056 24409
057 95953
058 64229
059 33117
060 92459
061 87113
062 35199
063 75802
064 26201
065 07166
066 97239
067 93328
068 27265
069 10287
070 35547
071 52650
072 53120
073 41509
074 27051
075 74203
076 63850
077 49126
078 88487
079 13783
080 45006
081 88630
082 17945
083 59558
084 53990
085 34117
086 04328
087 12771
088 32802
089 21242
090 44434
091 19665
092 81177
093 52585
094 12630
095 47342
096 83792
097 94681
098 38208
099 42285
100 62089
101 19942
102 62909
103 89388
104 21104
105 35606
106 86679
107 83547
108 13336
109 71089
110 59592
111 71934
112 52447
113 79032
114 60593
115 26811
116 68405
117 09462
118 89736
119 69313
120 68492
