001 60511
002 77303
003 24459
004 77158
005 23891
006 97852
007 25006
008 46393
009 69823
010 91928
011 73149
012 41358
013 62976
014 20708
015 92568
016 48490
017 95970
018 86623
019 06713
020 94598
021 70469
022 93884
023 71891
024 48689
025 08492
026 45677
027 48524
028 07888
029 44775
030 17068
031 46302
032 91330
033 56689
034 03542
035 11625
036 91223
037 56979
038 21522
039 69568
040 08729
041 74088
042 16414
043 28004
044 41370
045 07487
046 71455
047 57956
048 02051
049 38816
050 76631
051 35544
052 12447
053 90873
054 93431
055 82917
056 96385
057 38973
058 45125
059 19189
060 10797
061 08945
062 30537
063 04161
064 89302
065 51412
066 83145
067 80801
068 97340
069 97748
070 23415
071 62717
072 13292
073 24428
074 27061
075 87629
076 06965
077 13181
078 24578
079 01536
080 72846
081 79772
082 80764
083 98934
084 81167
085 29471
086 30164
087 41827
088 73826
089 45730
090 52589
091 52585
092 64543
093 70748
094 40627
095 26342
096 05718
097 13614
098 24196
099 72187
100 93358
101 37672
102 05605
103 70618
104 67500
105 20970
106 16039
107 20657
108 26656
109 54767
110 44786
111 79952
112 38896
113 01905
114 19207
115 79976
116 51844
117 18044
118 17326
119 59823
120 33403

