001 77976
002 82651
003 42527
004 63844
005 83009
006 30781
007 45059
008 07718
009 46808
010 25885
011 73603
012 99978
013 97171
014 83644
015 55043
016 87466
017 51322
018 46333
019 99052
020 98614
021 33210
022 48127
023 82512
024 46376
025 78796
026 33513
027 12945
028 50544
029 61259
030 58412
031 04005
032 61183
033 83793
034 97042
035 52978
036 16225
037 10516
038 70352
039 36120
040 09120
041 48203
042 45190
043 25112
044 95209
045 95051
046 74120
047 71299
048 74307
049 30852
050 97753
051 15500
052 07277
053 34799
054 06686
055 41972
056 03254
057 04167
058 15699
059 19767
060 68801
061 26945
062 07149
063 74298
064 60251
065 75469
066 76369
067 51976
068 83975
069 13169
070 90940
071 98555
072 30296
073 14075
074 60845
075 28298
076 44175
077 96086
078 59309
079 96789
080 57358
081 67612
082 72036
083 16970
084 25274
085 34546
086 06331
087 43601
088 09550
089 98336
090 13280
091 38585
092 50097
093 99621
094 48987
095 84356
096 40316
097 29584
098 33042
099 30619
100 72315
101 72312
102 32256
103 90163
104 60178
105 85667
106 73760
107 18350
108 33656
109 89266
110 04938
111 05432
112 02191
113 77354
114 02367
115 53164
116 90486
117 47713
118 44522
119 46678
120 86681

