001 66797
002 54100
003 49037
004 80677
005 94654
006 42768
007 30987
008 94025
009 46183
010 23477
011 10507
012 24909
013 32145
014 33346
015 46522
016 58847
017 76861
018 94014
019 74610
020 33865
021 27884
022 57345
023 44279
024 84031
025 77626
026 75623
027 19143
028 71216
029 72459
030 11305
031 04335
032 16596
033 99852
034 53809
035 63791
036 55054
037 05290
038 21817
039 58941
040 01905
041 01937
042 87258
043 58501
044 98804
045 17170
046 20979
047 11477
048 57812
049 31289
050 26820
051 90826
052 28734
053 42595
054 58272
055 97098
056 60949
057 22517
058 28404
059 53081
060 31665
061 40077
062 41790
063 28491
064 69026
065 78109
066 91139
067 63983
068 96850
069 70279
070 00678
071 78261
072 93937
073 38031
074 54197
075 07905
076 65286
077 63407
078 43211
079 41447
080 83594
081 20218
082 46783
083 30779
084 59715
085 71282
086 80780
087 39046
088 81954
089 62654
090 36578
091 93326
092 05762
093 37119
094 99424
095 34278
096 25874
097 97311
098 70516
099 03290
100 18278
101 15836
102 95343
103 61716
104 78238
105 36591
106 37923
107 43451
108 72809
109 80114
110 07949
111 60759
112 39537
113 88399
114 48620
115 72074
116 09626
117 66847
118 47732
119 98111
120 79011
