001 53751
002 20868
003 27068
004 02631
005 05921
006 98533
007 18736
008 36496
009 03294
010 78465
011 87209
012 21570
013 43036
014 43701
015 22295
016 79515
017 74096
018 54449
019 34784
020 27116
021 11309
022 31866
023 18153
024 67400
025 55325
026 42757
027 56646
028 89004
029 08246
030 29264
031 31520
032 70644
033 59458
034 55870
035 70971
036 45961
037 66471
038 98524
039 70625
040 02509
041 32728
042 52065
043 39312
044 77592
045 97156
046 97622
047 97347
048 85451
049 65380
050 90665
051 84509
052 30199
053 29212
054 53205
055 31387
056 48311
057 13148
058 17517
059 55993
060 04854
061 13295
062 47363
063 98468
064 00310
065 46384
066 56999
067 30738
068 00286
069 43756
070 04405
071 44267
072 72960
073 96468
074 67637
075 16941
076 50924
077 73717
078 91234
079 21951
080 05255
081 13317
082 64235
083 89835
084 04699
085 62351
086 49101
087 35913
088 23210
089 35572
090 95709
091 53309
092 45544
093 76720
094 52040
095 84077
096 81745
097 11569
098 46576
099 39473
100 29032
101 59166
102 66525
103 19810
104 07951
105 87252
106 21466
107 77399
108 79781
109 44978
110 42728
111 38326
112 27516
113 37220
114 24812
115 23435
116 25088
117 07131
118 61904
119 11777
120 49220
