001 91705
002 33524
003 68503
004 36031
005 38314
006 22693
007 08265
008 68312
009 75623
010 24113
011 27770
012 78052
013 65299
014 96836
015 67204
016 33918
017 07877
018 70990
019 39481
020 70314
021 93174
022 31812
023 38454
024 60572
025 72308
026 32810
027 35022
028 31575
029 31994
030 02074
031 12124
032 02972
033 31958
034 39776
035 08751
036 38908
037 42957
038 34179
039 75696
040 54453
041 09826
042 02109
043 69547
044 01616
045 67342
046 46181
047 63467
048 26408
049 35104
050 00528
051 23837
052 00450
053 36120
054 68159
055 92936
056 13590
057 06484
058 45390
059 82308
060 67470
061 86100
062 59312
063 59915
064 12891
065 07208
066 99797
067 62311
068 98359
069 27562
070 81708
071 19836
072 18313
073 15244
074 30366
075 61345
076 13363
077 54907
078 00971
079 09380
080 67611
081 40926
082 41094
083 41003
084 66108
085 56518
086 89236
087 72703
088 02211
089 60776
090 81007
091 74334
092 93637
093 62781
094 54496
095 08072
096 63864
097 29131
098 06764
099 63456
100 57109
101 27877
102 75784
103 11829
104 87630
105 29218
106 44166
107 47177
108 11965
109 39105
110 34440
111 45724
112 25760
113 98501
114 31167
115 98807
116 37642
117 16247
118 67366
119 89913
120 81533
