001 64495
002 71305
003 28768
004 47813
005 24473
006 29639
007 23624
008 54551
009 86730
010 21284
011 88580
012 10587
013 93291
014 57225
015 07204
016 01161
017 50159
018 60473
019 68840
020 40169
021 82514
022 45354
023 05602
024 91693
025 61905
026 08937
027 39834
028 74861
029 10937
030 32905
031 26797
032 22471
033 64430
034 62462
035 64954
036 96206
037 28056
038 95953
039 58113
040 22828
041 39933
042 44712
043 93939
044 09777
045 27468
046 11041
047 43570
048 44715
049 14541
050 82324
051 91270
052 61948
053 11087
054 79280
055 56605
056 00064
057 54058
058 17494
059 17817
060 06995
061 85308
062 49341
063 73156
064 28793
065 09407
066 86022
067 80811
068 75066
069 90710
070 59477
071 06585
072 10285
073 02433
074 00935
075 02010
076 63232
077 89508
078 88333
079 48928
080 67464
081 94269
082 59233
083 03124
084 89837
085 03063
086 92668
087 08808
088 43900
089 43900
090 82451
091 17674
092 64127
093 78229
094 27489
095 23567
096 98013
097 33110
098 04417
099 20069
100 02670
101 52327
102 79728
103 47180
104 42135
105 11662
106 46756
107 49816
108 03860
109 00141
110 63482
111 34167
112 95339
113 26252
114 72838
115 06459
116 62719
117 71418
118 57410
119 36981
120 36416
