001 15411
002 54060
003 20135
004 48476
005 10199
006 17333
007 32409
008 96266
009 02957
010 68654
011 97312
012 71217
013 17884
014 01253
015 19275
016 06395
017 36632
018 79718
019 90089
020 81159
021 40507
022 95567
023 24848
024 36816
025 72486
026 41016
027 32221
028 94013
029 58930
030 45768
031 55258
032 54094
033 47727
034 42038
035 57744
036 49128
037 85823
038 34156
039 36990
040 75020
041 87061
042 24431
043 44022
044 83258
045 76705
046 01899
047 03053
048 45528
049 42030
050 67238
051 19325
052 97318
053 61660
054 76944
055 79209
056 15859
057 88424
058 97698
059 78748
060 83946
061 74815
062 53850
063 39752
064 39433
065 85023
066 66486
067 60470
068 95898
069 03535
070 55159
071 43746
072 70725
073 24018
074 58346
075 94276
076 60825
077 78757
078 67936
079 37219
080 68940
081 45562
082 32669
083 29522
084 59743
085 34534
086 85654
087 09909
088 28912
089 27999
090 64343
091 15855
092 54915
093 16709
094 46928
095 81635
096 23474
097 49084
098 93733
099 71719
100 43903
101 49384
102 37589
103 86240
104 09132
105 59296
106 47383
107 54285
108 66366
109 25536
110 40560
111 38737
112 18521
113 88729
114 61872
115 29558
116 81369
117 38534
118 41853
119 18693
120 97656
