001 21605
002 24666
003 13624
004 50565
005 24023
006 38917
007 72132
008 46561
009 89751
010 96225
011 23087
012 36193
013 34764
014 18078
015 70129
016 84650
017 69956
018 85747
019 40413
020 42012
021 53159
022 22639
023 36078
024 84001
025 94925
026 96667
027 50407
028 94201
029 39664
030 26405
031 79959
032 44051
033 17807
034 26644
035 69683
036 86820
037 89725
038 76184
039 13684
040 00103
041 47258
042 63423
043 21883
044 04381
045 51624
046 07050
047 77986
048 05953
049 23200
050 40979
051 73322
052 77672
053 56354
054 13878
055 39484
056 49749
057 06443
058 52908
059 25551
060 82095
061 84443
062 60917
063 32312
064 48971
065 03042
066 83270
067 44954
068 71371
069 40252
070 75630
071 72537
072 97877
073 70775
074 09280
075 95506
076 25207
077 54047
078 60574
079 29453
080 45989
081 15891
082 77160
083 62669
084 50650
085 00594
086 60725
087 49958
088 87344
089 59389
090 96456
091 94052
092 84443
093 19042
094 13882
095 91761
096 04102
097 76566
098 63618
099 95042
100 47817
101 48133
102 21041
103 97237
104 29103
105 11445
106 43109
107 28421
108 23920
109 52355
110 82855
111 25244
112 05383
113 83376
114 58667
115 50058
116 85958
117 06878
118 18640
119 43995
120 91515

