001 59412
002 20102
003 71584
004 29566
005 86334
006 65736
007 82121
008 83050
009 65662
010 36075
011 89552
012 77100
013 19059
014 39645
015 63333
016 05022
017 07767
018 06521
019 43663
020 02406
021 46064
022 26111
023 04981
024 36105
025 50828
026 79405
027 94540
028 67604
029 13109
030 68930
031 24013
032 57729
033 48470
034 85502
035 61052
036 16017
037 81360
038 98674
039 39381
040 35878
041 35331
042 19415
043 57412
044 72130
045 75178
046 68984
047 57748
048 30592
049 84296
050 53190
051 36225
052 08571
053 59820
054 39589
055 50241
056 50327
057 80533
058 61534
059 72634
060 06512
061 37366
062 09937
063 58178
064 87916
065 14052
066 38386
067 98224
068 04129
069 54156
070 21522
071 95007
072 53490
073 80600
074 08933
075 78885
076 02590
077 66284
078 66297
079 96356
080 74840
081 12690
082 94366
083 46311
084 27253
085 22854
086 09601
087 44283
088 47538
089 88219
090 09132
091 71651
092 21248
093 31693
094 27725
095 37558
096 87983
097 49640
098 01840
099 49456
100 78399
101 52321
102 42826
103 77477
104 96747
105 68852
106 80725
107 33335
108 53273
109 35012
110 19353
111 11975
112 11378
113 37505
114 90618
115 20414
116 79459
117 13045
118 63756
119 60845
120 10749

