001 33104
002 04631
003 75059
004 52657
005 36783
006 19471
007 25332
008 46767
009 25873
010 22424
011 57980
012 43237
013 46971
014 55594
015 56089
016 30998
017 37833
018 88274
019 66659
020 72320
021 56982
022 40253
023 77443
024 87260
025 34910
026 74223
027 73557
028 01507
029 44783
030 18485
031 55923
032 04102
033 30196
034 89272
035 44643
036 32799
037 57575
038 08007
039 07880
040 07338
041 42471
042 44907
043 07719
044 17031
045 84923
046 96550
047 59789
048 44296
049 86529
050 83150
051 36910
052 99391
053 41838
054 84480
055 63525
056 93044
057 74113
058 04628
059 38136
060 33901
061 52393
062 21549
063 66668
064 71562
065 50620
066 39580
067 53158
068 12312
069 50392
070 77979
071 76590
072 50924
073 62989
074 82031
075 54737
076 07586
077 98543
078 34810
079 39342
080 19395
081 41684
082 55518
083 17123
084 98764
085 37812
086 91303
087 50183
088 12112
089 97384
090 60140
091 73307
092 15558
093 03639
094 01932
095 71817
096 94926
097 79669
098 51915
099 76119
100 44546
101 72686
102 70946
103 15673
104 22219
105 99342
106 48398
107 92577
108 28360
109 91949
110 06680
111 06349
112 82938
113 22050
114 78920
115 41585
116 68837
117 50342
118 19670
119 63639
120 12414

