001 - -
002 60193
003 99745
004 23326
005 84146
006 62698
007 62390
008 88535
009 10269
010 95970
011 70989
012 05835
013 43380
014 05377
015 78999
016 84201
017 33061
018 98586
019 26408
020 69341
021 76069
022 32222
023 14215
024 70369
025 06054
026 56608
027 86936
028 74126
029 49867
030 04636
031 49969
032 11687
033 58402
034 18977
035 67543
036 69566
037 40460
038 74980
039 34428
040 03640
041 05777
042 06786
043 58055
044 75072
045 04372
046 52230
047 16293
048 31702
049 20514
050 03520
051 92998
052 00231
053 48558
054 55305
055 72983
056 49549
057 11170
058 53696
059 98416
060 19490
061 05578
062 04500
063 79544
064 72866
065 30951
066 46983
067 60203
068 83338
069 60279
070 84169
071 24257
072 61658
073 71506
074 78026
075 22705
076 15842
077 92074
078 74302
079 20990
080 85500
081 19331
082 81592
083 26106
084 61137
085 06909
086 54768
087 16194
088 49252
089 65863
090 20983
091 83778
092 70702
093 47465
094 22879
095 13502
096 09619
097 27007
098 86449
099 62816
100 76359
101 29913
102 70162
103 40183
104 78603
105 37720
106 95969
107 37873
108 54128
109 83446
110 96040
111 23787
112 11483
113 47938
114 20164
115 33875
116 20941
117 23933
118 26163
119 58778
120 52581

