001 69067
002 20085
003 42376
004 33905
005 50571
006 89292
007 78018
008 89496
009 77899
010 87669
011 01434
012 05466
013 07627
014 11030
015 63078
016 47933
017 68455
018 95250
019 80153
020 82405
021 52289
022 89952
023 64896
024 56911
025 87787
026 83610
027 79875
028 40639
029 94406
030 61294
031 84637
032 60910
033 39878
034 91170
035 70958
036 18783
037 68349
038 72740
039 49063
040 28375
041 39130
042 20125
043 67032
044 30543
045 86197
046 07408
047 89690
048 67559
049 73671
050 61345
051 68377
052 19667
053 26838
054 50345
055 85498
056 37493
057 92608
058 48772
059 16793
060 48478
061 71568
062 35458
063 13475
064 27590
065 77411
066 33343
067 01496
068 21362
069 38163
070 92815
071 75539
072 24822
073 10354
074 86346
075 70756
076 10608
077 52357
078 48354
079 56192
080 77805
081 22768
082 42914
083 94032
084 77563
085 40222
086 67648
087 96913
088 06762
089 22730
090 61241
091 21919
092 39457
093 04012
094 17286
095 96565
096 51349
097 85894
098 43022
099 76927
100 57609
101 81188
102 62380
103 28935
104 12587
105 07254
106 62583
107 75583
108 66086
109 58520
110 04522
111 08956
112 16577
113 08931
114 24323
115 42525
116 22893
117 90960
118 60345
119 01630
120 85918

