001 72172
002 35603
003 12859
004 84374
005 32272
006 85143
007 47314
008 37633
009 16784
010 97757
011 90548
012 11815
013 62087
014 54942
015 40734
016 94633
017 38709
018 42650
019 54863
020 79980
021 04915
022 88548
023 76624
024 18981
025 55109
026 55158
027 80371
028 20990
029 69038
030 58019
031 20249
032 32393
033 79261
034 41854
035 79923
036 90287
037 86423
038 18262
039 31417
040 02238
041 75692
042 87220
043 64551
044 94772
045 95661
046 25239
047 27466
048 43509
049 92220
050 97535
051 07618
052 93541
053 01391
054 24322
055 21858
056 61156
057 49747
058 63131
059 35112
060 77911
061 68773
062 79205
063 12093
064 80401
065 98053
066 92108
067 73033
068 50495
069 77388
070 01631
071 57441
072 76021
073 60822
074 92488
075 35961
076 26265
077 53301
078 48626
079 61728
080 46991
081 13942
082 64294
083 07952
084 16241
085 81552
086 37078
087 59377
088 48254
089 85245
090 96108
091 83317
092 56669
093 97761
094 91912
095 71912
096 11073
097 68524
098 13095
099 95451
100 17165
101 78437
102 44243
103 36105
104 58857
105 14636
106 45734
107 42336
108 09802
109 30441
110 73849
111 20815
112 96748
113 36370
114 17291
115 98393
116 42472
117 41137
118 07104
119 28480
120 20577

