001 52846
002 92098
003 07209
004 47571
005 64348
006 79244
007 01491
008 28818
009 82101
010 52594
011 31750
012 52059
013 54089
014 46884
015 63042
016 77003
017 97233
018 88189
019 59018
020 09758
021 62896
022 86761
023 27635
024 14832
025 01639
026 61588
027 17863
028 29150
029 48097
030 83021
031 63784
032 86572
033 69948
034 50224
035 13080
036 80676
037 84381
038 52378
039 84734
040 63331
041 03688
042 11635
043 47616
044 31595
045 53792
046 27653
047 88766
048 90275
049 35746
050 89823
051 26491
052 63692
053 13941
054 28804
055 94969
056 18601
057 64097
058 37839
059 94939
060 02547
061 45480
062 20274
063 33773
064 61237
065 93827
066 38706
067 22192
068 87069
069 51841
070 28413
071 40733
072 92157
073 87387
074 59057
075 77652
076 08988
077 81797
078 05825
079 27260
080 78160
081 39828
082 62645
083 78683
084 65721
085 59605
086 50467
087 26083
088 52732
089 38690
090 32223
091 39519
092 59217
093 39710
094 05523
095 35852
096 78565
097 52116
098 81356
099 03737
100 03840
101 19753
102 24663
103 83283
104 21219
105 26372
106 75157
107 82783
108 82378
109 88700
110 82211
111 05551
112 18095
113 13226
114 12618
115 57413
116 05361
117 48532
118 00412
119 20601
120 52052
