001 50008
002 89737
003 18133
004 58832
005 37077
006 57962
007 41075
008 53452
009 78396
010 28850
011 35382
012 32211
013 72027
014 75877
015 28251
016 57313
017 65187
018 76121
019 37702
020 53206
021 36091
022 48791
023 75354
024 36464
025 58607
026 58045
027 83767
028 69940
029 90139
030 09135
031 68759
032 87592
033 70908
034 45086
035 35293
036 44073
037 03292
038 09215
039 70182
040 00035
041 01398
042 26466
043 75623
044 54802
045 37847
046 94862
047 25809
048 11494
049 22438
050 97731
051 28200
052 50846
053 41078
054 11264
055 57904
056 85010
057 29749
058 39914
059 42347
060 79771
061 08886
062 32341
063 09119
064 79605
065 06235
066 71581
067 99549
068 52418
069 16540
070 67630
071 00413
072 93421
073 77526
074 11342
075 48218
076 27955
077 15276
078 45752
079 59099
080 03977
081 96291
082 18850
083 81134
084 61861
085 15691
086 91224
087 74051
088 61242
089 86706
090 59926
091 87242
092 79216
093 69406
094 85797
095 80931
096 38166
097 62983
098 59099
099 33430
100 16863
101 15055
102 17649
103 70497
104 46241
105 54148
106 75757
107 58544
108 41397
109 72096
110 50769
111 60712
112 56431
113 50276
114 56021
115 63563
116 13382
117 85525
118 86966
119 55837
120 84076
