001 30948
002 52084
003 37616
004 61354
005 63177
006 93654
007 44153
008 25907
009 80814
010 10101
011 55891
012 88208
013 06209
014 27288
015 93147
016 87138
017 26017
018 21393
019 31246
020 77863
021 98644
022 87804
023 43213
024 21056
025 28054
026 00915
027 09227
028 01066
029 94910
030 78624
031 49169
032 68630
033 90688
034 36864
035 65780
036 78874
037 99426
038 48970
039 33036
040 75699
041 05161
042 08211
043 94971
044 53248
045 74531
046 88028
047 38253
048 73920
049 76174
050 84563
051 68637
052 06174
053 27055
054 85054
055 25014
056 71208
057 82103
058 91282
059 51878
060 11957
061 31517
062 68850
063 17469
064 94793
065 37894
066 43370
067 14965
068 58003
069 32938
070 92594
071 28208
072 84806
073 03080
074 32327
075 63606
076 60223
077 58873
078 45455
079 85644
080 21478
081 40727
082 18847
083 14048
084 03402
085 52645
086 38939
087 26770
088 49346
089 02744
090 02633
091 39572
092 24304
093 90882
094 42610
095 25970
096 03223
097 25411
098 60142
099 54903
100 03499
101 98912
102 34689
103 82273
104 48351
105 75394
106 90287
107 01828
108 44374
109 42861
110 06416
111 80613
112 75802
113 64837
114 95582
115 57484
116 05932
117 07349
118 52520
119 15792
120 42267
