001 15281
002 64169
003 55017
004 12642
005 38421
006 09528
007 84790
008 29078
009 64083
010 13912
011 88925
012 00428
013 31051
014 52082
015 73439
016 70304
017 73961
018 07157
019 15026
020 88343
021 44093
022 23921
023 18142
024 89231
025 19409
026 84539
027 42811
028 21548
029 55028
030 17666
031 99309
032 70164
033 10470
034 48464
035 54895
036 94836
037 69411
038 12295
039 78807
040 95185
041 67347
042 19452
043 97159
044 89265
045 40252
046 48213
047 96010
048 40272
049 46307
050 44765
051 62816
052 92374
053 10665
054 62941
055 81066
056 24700
057 24480
058 39015
059 88967
060 18755
061 53732
062 82016
063 13562
064 74547
065 72396
066 80552
067 84328
068 14894
069 07984
070 16699
071 78260
072 04585
073 46874
074 33332
075 54153
076 96215
077 64293
078 78884
079 69224
080 59629
081 74421
082 27544
083 53656
084 89031
085 47240
086 53955
087 71137
088 71383
089 44689
090 49352
091 08471
092 61320
093 32330
094 20502
095 42419
096 48008
097 48502
098 29864
099 74631
100 69422
101 79853
102 54598
103 04882
104 46720
105 88841
106 84972
107 30664
108 55972
109 45133
110 63124
111 25663
112 22590
113 67783
114 49050
115 79272
116 28841
117 30963
118 14844
119 45872
120 74741
