001 23833
002 21950
003 26918
004 94320
005 13023
006 67781
007 93033
008 48469
009 97662
010 93859
011 76582
012 45154
013 77401
014 21466
015 41355
016 45244
017 00429
018 43509
019 07857
020 12479
021 74724
022 78885
023 98256
024 31678
025 71734
026 47610
027 86931
028 77022
029 32749
030 46973
031 03723
032 14035
033 48465
034 86488
035 90983
036 11352
037 50288
038 63691
039 55776
040 62682
041 59645
042 32715
043 86551
044 78482
045 36985
046 95977
047 20866
048 86379
049 01357
050 15084
051 57265
052 91539
053 19263
054 08561
055 64537
056 28172
057 45558
058 20279
059 03814
060 54565
061 53671
062 53194
063 52174
064 52220
065 49715
066 30894
067 80380
068 63929
069 41761
070 31209
071 02010
072 37277
073 38409
074 91839
075 31875
076 30447
077 06804
078 34470
079 81796
080 58620
081 05076
082 19331
083 66958
084 87308
085 87539
086 25509
087 89608
088 02572
089 79819
090 97091
091 82775
092 84811
093 71849
094 91382
095 24742
096 27385
097 72150
098 71824
099 12600
100 10316
101 74069
102 18208
103 75395
104 96176
105 75693
106 54637
107 86370
108 81152
109 12538
110 23434
111 25530
112 80646
113 13529
114 15141
115 22185
116 28804
117 82738
118 16729
119 34983
120 72497

