001 35907
002 88060
003 71799
004 28264
005 00118
006 26733
007 29194
008 84703
009 11186
010 65698
011 49895
012 70256
013 55241
014 42820
015 69427
016 60635
017 32992
018 29401
019 99098
020 43779
021 99550
022 86911
023 22593
024 28303
025 90259
026 98768
027 55626
028 85659
029 41457
030 86283
031 47922
032 78815
033 59845
034 98994
035 98088
036 04562
037 21126
038 87035
039 56373
040 60366
041 29299
042 12971
043 14358
044 71742
045 19162
046 39421
047 53510
048 44497
049 45347
050 26765
051 48896
052 91263
053 92373
054 42080
055 94333
056 51653
057 77613
058 99817
059 72092
060 96216
061 63149
062 77296
063 05350
064 46568
065 02131
066 88068
067 94922
068 38180
069 70921
070 13121
071 05566
072 49000
073 90203
074 49620
075 90690
076 02824
077 26940
078 30587
079 98775
080 69744
081 92989
082 22443
083 55530
084 35582
085 93178
086 48534
087 64081
088 94303
089 27473
090 09864
091 34595
092 90737
093 88927
094 67443
095 52652
096 83808
097 52736
098 94615
099 44263
100 40436
101 03910
102 77712
103 78541
104 48314
105 62374
106 70955
107 43105
108 23912
109 02069
110 74859
111 35815
112 29769
113 69422
114 52686
115 67664
116 84714
117 88903
118 88111
119 63099
120 11716

