001 51153
002 97187
003 58351
004 16864
005 17513
006 08689
007 59174
008 08702
009 12235
010 45140
011 27377
012 08629
013 69804
014 93156
015 27815
016 04357
017 92647
018 21360
019 18618
020 92141
021 35756
022 39394
023 62456
024 40735
025 36502
026 48262
027 19672
028 52070
029 40878
030 84509
031 24810
032 72854
033 87601
034 27452
035 11647
036 34983
037 82690
038 91303
039 93673
040 73580
041 04409
042 31543
043 11573
044 30075
045 48063
046 73398
047 82545
048 12345
049 07269
050 11371
051 44946
052 02029
053 66612
054 78890
055 88519
056 07262
057 67405
058 97149
059 02688
060 98850
061 73823
062 16739
063 31930
064 98449
065 13796
066 26002
067 12517
068 84066
069 38110
070 95475
071 93111
072 60639
073 00888
074 66826
075 88435
076 62380
077 70848
078 06451
079 48090
080 56606
081 89965
082 51296
083 96748
084 62990
085 59480
086 59692
087 21380
088 52093
089 40094
090 99530
091 80972
092 40650
093 20884
094 33104
095 55253
096 87525
097 54177
098 23098
099 47255
100 83639
101 48354
102 39401
103 81543
104 28735
105 81886
106 11447
107 79840
108 91283
109 30769
110 63036
111 53096
112 50755
113 94353
114 92760
115 07034
116 33943
117 11757
118 70825
119 73694
120 03106

