001 33174
002 99450
003 04064
004 23681
005 29761
006 51622
007 65685
008 42392
009 82165
010 13542
011 58579
012 41038
013 88162
014 82126
015 86674
016 66465
017 10493
018 33203
019 69546
020 10753
021 60287
022 00187
023 68687
024 33916
025 69090
026 13840
027 88080
028 32850
029 95985
030 66241
031 40894
032 46005
033 82971
034 34826
035 08753
036 23718
037 90379
038 51329
039 29465
040 71061
041 74851
042 16546
043 43032
044 17016
045 15794
046 09165
047 50726
048 24673
049 79015
050 03822
051 97691
052 68529
053 42228
054 46039
055 17013
056 72518
057 64578
058 38234
059 04220
060 57448
061 82948
062 50394
063 19165
064 39862
065 30585
066 46317
067 49499
068 29816
069 32292
070 92280
071 33760
072 10772
073 61308
074 05433
075 21854
076 61777
077 87999
078 36119
079 30084
080 95460
081 14946
082 24435
083 24391
084 77499
085 14269
086 36122
087 44549
088 98217
089 05732
090 07795
091 38248
092 80854
093 67111
094 08459
095 85274
096 12614
097 86528
098 44872
099 21182
100 48714
101 02141
102 43979
103 00629
104 69674
105 60615
106 50091
107 41652
108 32152
109 64303
110 78950
111 88630
112 12297
113 75179
114 70333
115 64271
116 02322
117 33809
118 05340
119 40228
120 83613

