001 96785
002 04791
003 18508
004 01229
005 95637
006 26589
007 02050
008 77606
009 81278
010 16430
011 54296
012 02233
013 21040
014 55194
015 64260
016 87162
017 34039
018 77454
019 24589
020 19304
021 68627
022 04196
023 94990
024 94390
025 24496
026 95402
027 07158
028 10879
029 10725
030 16734
031 37526
032 26472
033 11398
034 00772
035 50556
036 85468
037 16563
038 42162
039 43834
040 77891
041 86643
042 03443
043 49686
044 67663
045 44527
046 07293
047 01831
048 98046
049 94803
050 49371
051 50189
052 15031
053 32508
054 16759
055 31129
056 22149
057 47399
058 06608
059 50213
060 85335
061 00989
062 86567
063 76119
064 21677
065 37965
066 06699
067 11508
068 68806
069 91475
070 16760
071 73099
072 78082
073 11043
074 23727
075 19874
076 80403
077 38486
078 20496
079 01718
080 83892
081 29576
082 32309
083 01903
084 29182
085 81763
086 34094
087 15163
088 72846
089 08302
090 80231
091 13463
092 63245
093 62705
094 40991
095 13564
096 46074
097 97855
098 76616
099 66685
100 66139
101 59527
102 65316
103 37300
104 09226
105 99844
106 14942
107 70057
108 03749
109 63207
110 57782
111 17017
112 48170
113 29610
114 66158
115 74239
116 72538
117 49013
118 18853
119 98932
120 68509

