001 94620
002 18333
003 13262
004 18425
005 14463
006 21742
007 48557
008 53916
009 26286
010 79022
011 79524
012 61448
013 86353
014 40668
015 60812
016 85548
017 82761
018 11483
019 86490
020 11512
021 18497
022 37014
023 83466
024 84396
025 06019
026 58672
027 44250
028 47899
029 63744
030 11444
031 61498
032 87114
033 29450
034 86345
035 66697
036 93158
037 13558
038 27771
039 06465
040 66736
041 75377
042 96363
043 15366
044 37069
045 30425
046 34764
047 42174
048 62641
049 97238
050 53614
051 55295
052 02653
053 06036
054 12318
055 28307
056 21468
057 33022
058 37179
059 60772
060 33285
061 35700
062 13335
063 48902
064 13973
065 28482
066 80485
067 40517
068 93623
069 83158
070 58815
071 23054
072 49194
073 82534
074 19304
075 24630
076 52186
077 37017
078 65525
079 81827
080 22275
081 60059
082 42912
083 85722
084 00106
085 40214
086 45681
087 72110
088 80159
089 88347
090 02835
091 50630
092 62088
093 58981
094 20264
095 50587
096 87244
097 50152
098 93303
099 55639
100 62728
101 38244
102 39240
103 45258
104 02071
105 00296
106 70895
107 33723
108 79693
109 37387
110 64697
111 31329
112 48486
113 86247
114 22653
115 55198
116 10978
117 19568
118 83159
119 37445
120 82242
