001 18144
002 32959
003 45598
004 50021
005 09402
006 51011
007 44595
008 74372
009 59624
010 75890
011 69540
012 14509
013 68241
014 21246
015 11899
016 93477
017 36423
018 83644
019 68727
020 57842
021 57090
022 61310
023 92207
024 81364
025 39525
026 28515
027 89787
028 45614
029 58324
030 39739
031 17416
032 97415
033 91987
034 88160
035 95100
036 01628
037 33460
038 48786
039 03484
040 33177
041 53391
042 08803
043 08056
044 36557
045 52705
046 26618
047 29041
048 16251
049 34178
050 07873
051 96234
052 36903
053 74761
054 14723
055 77212
056 54645
057 05953
058 83079
059 87263
060 33110
061 65355
062 65801
063 37260
064 86637
065 74369
066 07523
067 41602
068 57697
069 91316
070 71471
071 02909
072 64776
073 78757
074 26624
075 73891
076 88607
077 96814
078 28177
079 18642
080 62898
081 73279
082 61482
083 90900
084 65985
085 47648
086 92444
087 10783
088 83689
089 10313
090 88152
091 88787
092 52127
093 93825
094 39337
095 30354
096 73752
097 94776
098 29437
099 83059
100 26407
101 56191
102 85654
103 31195
104 86502
105 28352
106 20590
107 20306
108 57600
109 62709
110 34403
111 92251
112 84351
113 06007
114 85898
115 44361
116 49310
117 83286
118 23424
119 00737
120 08825

