001 95955
002 06726
003 62381
004 36671
005 06893
006 66163
007 78082
008 14329
009 32382
010 15238
011 79507
012 56975
013 49801
014 54871
015 70824
016 71678
017 62534
018 84229
019 36006
020 95785
021 13273
022 34801
023 62459
024 09072
025 76038
026 22452
027 15654
028 46767
029 19080
030 10704
031 29894
032 98015
033 15641
034 24108
035 93605
036 11910
037 62319
038 52464
039 63568
040 45650
041 21942
042 26993
043 88120
044 49660
045 31037
046 37301
047 26822
048 97911
049 13406
050 46391
051 88654
052 05092
053 50341
054 30246
055 01277
056 06918
057 26107
058 18079
059 14750
060 01083
061 05134
062 29031
063 60412
064 57502
065 04173
066 12453
067 63342
068 85561
069 39638
070 93476
071 62030
072 44859
073 75898
074 81798
075 98794
076 82693
077 07820
078 34663
079 58882
080 63363
081 93160
082 58371
083 71516
084 12932
085 42059
086 03114
087 06820
088 33391
089 88991
090 78207
091 64559
092 85919
093 67307
094 51222
095 99566
096 60694
097 94874
098 36020
099 01654
100 60659
101 36786
102 34009
103 21577
104 03149
105 47129
106 27561
107 62904
108 83162
109 23780
110 30126
111 26506
112 83792
113 86650
114 44578
115 87190
116 19808
117 03307
118 60608
119 20078
120 09331
