001 05810
002 93104
003 43335
004 22947
005 50155
006 11450
007 22971
008 45350
009 79188
010 60284
011 47928
012 83166
013 07861
014 37702
015 67136
016 18682
017 91327
018 21899
019 70827
020 40327
021 42320
022 57154
023 95194
024 58602
025 26232
026 36129
027 94884
028 82944
029 01178
030 98314
031 50285
032 23444
033 72829
034 09090
035 91339
036 31986
037 64033
038 72514
039 65336
040 22955
041 75856
042 77450
043 53434
044 42681
045 96060
046 67645
047 72717
048 39142
049 15151
050 57998
051 02544
052 39506
053 07070
054 87635
055 05665
056 93906
057 32152
058 77534
059 12117
060 93751
061 71688
062 67357
063 20690
064 39814
065 68462
066 17028
067 95369
068 31881
069 16676
070 59450
071 73159
072 14246
073 32100
074 18506
075 48618
076 31585
077 22761
078 75708
079 59651
080 63114
081 43492
082 68301
083 56765
084 86285
085 99315
086 29120
087 46379
088 23057
089 39315
090 56513
091 16516
092 94281
093 45387
094 89630
095 06714
096 32688
097 23042
098 44762
099 47858
100 25630
101 61238
102 05611
103 06267
104 21773
105 80834
106 31468
107 22145
108 14504
109 82280
110 25422
111 06688
112 65249
113 42397
114 30918
115 69854
116 00168
117 70291
118 92966
119 76431
120 36116
