001 75802
002 85068
003 30695
004 04256
005 06712
006 02439
007 63186
008 30298
009 55779
010 13898
011 71401
012 53028
013 66146
014 25470
015 95543
016 38183
017 20739
018 18724
019 70845
020 24616
021 24720
022 97781
023 44780
024 20822
025 41048
026 56371
027 92585
028 95723
029 11240
030 97075
031 72589
032 09675
033 21499
034 80955
035 01286
036 00947
037 85456
038 29383
039 04946
040 69162
041 54566
042 98065
043 04049
044 66886
045 11134
046 62531
047 49946
048 52427
049 80884
050 39299
051 32347
052 25937
053 66017
054 36762
055 60613
056 10070
057 57968
058 72955
059 20000
060 51350
061 99334
062 77828
063 03694
064 48026
065 26057
066 03684
067 08726
068 56289
069 33587
070 24702
071 47442
072 16343
073 80102
074 99491
075 02420
076 52039
077 77678
078 24157
079 93719
080 14132
081 26056
082 71922
083 50826
084 56965
085 85663
086 47967
087 58993
088 63795
089 57159
090 39016
091 52069
092 65323
093 06555
094 38705
095 85598
096 81160
097 73938
098 80719
099 38236
100 41415
101 78250
102 24644
103 11992
104 33124
105 96825
106 16029
107 25176
108 88129
109 67505
110 62494
111 86204
112 79579
113 07833
114 24733
115 05794
116 00429
117 83088
118 63266
119 29907
120 08499

