001 39821
002 29329
003 70972
004 37004
005 20004
006 92781
007 91464
008 00234
009 29611
010 99320
011 36678
012 48849
013 97997
014 63021
015 44130
016 91650
017 92991
018 96781
019 34958
020 72428
021 40530
022 48340
023 33160
024 46733
025 55749
026 13055
027 29019
028 96934
029 56286
030 33612
031 52506
032 99203
033 15221
034 17406
035 94689
036 87519
037 25255
038 83832
039 87837
040 25908
041 29373
042 32908
043 68376
044 90888
045 90950
046 01744
047 73511
048 35889
049 57273
050 90613
051 79337
052 60716
053 43691
054 16415
055 91202
056 66185
057 94357
058 93106
059 42560
060 64004
061 84073
062 38507
063 11533
064 89006
065 72714
066 57007
067 56424
068 32076
069 35164
070 48214
071 94219
072 36653
073 40336
074 32326
075 38837
076 45951
077 58605
078 10443
079 71565
080 62146
081 46263
082 20346
083 47311
084 25373
085 92830
086 35995
087 05615
088 56690
089 06152
090 22643
091 07313
092 03391
093 72536
094 23600
095 86234
096 28253
097 25390
098 94560
099 67816
100 62501
101 41800
102 99654
103 80770
104 00752
105 79452
106 49079
107 52714
108 76137
109 00810
110 96005
111 27995
112 20663
113 97433
114 36789
115 24537
116 99429
117 88028
118 61044
119 77842
120 02206
