001 30419
002 57943
003 53233
004 12168
005 11645
006 56198
007 75332
008 86207
009 96706
010 53778
011 61315
012 96045
013 50515
014 75206
015 94362
016 01635
017 26460
018 51749
019 17119
020 50592
021 42761
022 99273
023 74869
024 58235
025 18844
026 97411
027 89788
028 36215
029 80413
030 69546
031 11354
032 45991
033 90650
034 89571
035 50344
036 79164
037 08716
038 10960
039 42836
040 88949
041 14981
042 27202
043 33300
044 30441
045 55735
046 77848
047 65197
048 03768
049 13890
050 65828
051 11336
052 63500
053 22659
054 01678
055 86464
056 18110
057 72753
058 56598
059 07707
060 18307
061 73297
062 04144
063 94734
064 22821
065 13543
066 26341
067 98453
068 99914
069 60445
070 33160
071 45794
072 38758
073 61476
074 56084
075 20750
076 11204
077 73171
078 77890
079 91498
080 22705
081 37111
082 98368
083 94532
084 67163
085 84270
086 13613
087 51524
088 76903
089 90764
090 30620
091 44320
092 04187
093 17015
094 44061
095 11965
096 95203
097 82046
098 23028
099 62362
100 63133
101 08582
102 86371
103 04132
104 29936
105 99772
106 76323
107 28928
108 45883
109 18571
110 25918
111 81710
112 48854
113 44782
114 01017
115 33179
116 30476
117 88073
118 66601
119 44546
120 28106
