001 37824
002 66438
003 17184
004 95499
005 30198
006 93633
007 18023
008 77366
009 63001
010 38988
011 97995
012 14538
013 87799
014 43453
015 70874
016 00578
017 50086
018 13741
019 70938
020 26428
021 95478
022 21268
023 32724
024 24805
025 82128
026 95225
027 81370
028 34821
029 29952
030 07672
031 05773
032 17848
033 20621
034 84545
035 36076
036 71506
037 19330
038 83506
039 97306
040 30174
041 55905
042 35234
043 76055
044 86665
045 99712
046 98802
047 16568
048 78181
049 43029
050 49937
051 81374
052 52697
053 74897
054 68604
055 54704
056 90003
057 18022
058 53636
059 23384
060 33317
061 43210
062 46196
063 41421
064 10591
065 27733
066 57185
067 79173
068 72760
069 48540
070 54837
071 38381
072 19202
073 40666
074 64220
075 06727
076 12371
077 97336
078 68372
079 64192
080 65841
081 84093
082 46908
083 13381
084 40285
085 68431
086 46333
087 64505
088 88695
089 56313
090 72620
091 64639
092 22451
093 13782
094 53711
095 18858
096 16487
097 25732
098 08617
099 10093
100 18214
101 18421
102 56348
103 28685
104 47571
105 61482
106 05722
107 89985
108 74368
109 95422
110 92884
111 06798
112 00768
113 18680
114 98944
115 33047
116 60769
117 80632
118 55555
119 25198
120 19633
