001 09485
002 40477
003 67446
004 18508
005 60655
006 21270
007 12318
008 61993
009 34814
010 34674
011 35805
012 25218
013 68313
014 94283
015 32223
016 60855
017 57152
018 86647
019 39860
020 98966
021 75622
022 88237
023 71415
024 92110
025 36659
026 48300
027 95239
028 03007
029 64120
030 68562
031 04524
032 98880
033 12711
034 40597
035 01565
036 97297
037 17849
038 49565
039 52700
040 31096
041 93699
042 89671
043 22398
044 17224
045 22205
046 86602
047 46200
048 85542
049 99993
050 43048
051 96724
052 72827
053 64706
054 31913
055 85904
056 23319
057 71951
058 69451
059 13874
060 25538
061 10520
062 83575
063 51826
064 98000
065 70892
066 37681
067 61119
068 42161
069 30029
070 31363
071 87554
072 24576
073 47654
074 08989
075 07157
076 51656
077 85017
078 50140
079 03998
080 26381
081 18454
082 64294
083 05811
084 86737
085 32202
086 88722
087 75136
088 88479
089 91970
090 43568
091 75016
092 13166
093 83699
094 36979
095 82961
096 46109
097 66646
098 48460
099 75695
100 12988
101 49451
102 84983
103 21002
104 18538
105 59706
106 69981
107 38032
108 54506
109 66326
110 47357
111 58272
112 70061
113 33694
114 49860
115 73998
116 67253
117 30557
118 78015
119 97751
120 88513
