001 51743
002 53988
003 62008
004 08707
005 81502
006 87920
007 83697
008 25515
009 03127
010 80319
011 98795
012 24278
013 95633
014 18339
015 39887
016 87652
017 62293
018 34119
019 98232
020 97422
021 66512
022 43291
023 51917
024 16118
025 84754
026 70705
027 86775
028 33513
029 28097
030 02198
031 17576
032 29393
033 71351
034 58060
035 06158
036 83597
037 61237
038 14846
039 56928
040 06704
041 02399
042 58336
043 33322
044 94828
045 24239
046 26021
047 77604
048 91501
049 43318
050 22282
051 81854
052 50094
053 59766
054 45131
055 15017
056 40079
057 69275
058 15526
059 00190
060 53073
061 40845
062 21478
063 94362
064 40296
065 51731
066 19416
067 58607
068 63798
069 88056
070 85315
071 40314
072 41644
073 22420
074 57797
075 74406
076 08392
077 08258
078 07367
079 77654
080 15574
081 46981
082 84242
083 97022
084 88801
085 18848
086 72716
087 51633
088 08611
089 61199
090 48583
091 10536
092 45306
093 79033
094 68904
095 65727
096 38386
097 84233
098 65647
099 90304
100 15197
101 20297
102 22620
103 37843
104 43229
105 36121
106 68501
107 00923
108 12005
109 67072
110 81319
111 24987
112 12064
113 56125
114 11238
115 82492
116 67363
117 14985
118 57405
119 67650
120 94211

