001 95649
002 72504
003 65972
004 15986
005 71416
006 67531
007 88155
008 91377
009 57230
010 25432
011 48705
012 80010
013 12185
014 97747
015 62745
016 43453
017 35759
018 82958
019 45842
020 98573
021 19094
022 98114
023 10150
024 48694
025 57389
026 51729
027 33633
028 69785
029 32746
030 82659
031 27828
032 55771
033 46584
034 51446
035 71828
036 27409
037 69291
038 36143
039 44267
040 87933
041 28040
042 60170
043 97307
044 03748
045 00469
046 80275
047 51960
048 93771
049 61840
050 05126
051 44790
052 83581
053 03486
054 92836
055 53808
056 47845
057 03535
058 50738
059 45849
060 84558
061 85079
062 51989
063 23030
064 36195
065 18375
066 95475
067 70649
068 40602
069 98547
070 15409
071 54388
072 77089
073 84211
074 52277
075 76088
076 38350
077 96874
078 34448
079 47232
080 77732
081 17906
082 98797
083 19334
084 99216
085 13948
086 43501
087 20164
088 81034
089 96834
090 81279
091 93548
092 86832
093 99918
094 83410
095 32921
096 99527
097 43447
098 42698
099 92109
100 57613
101 04514
102 48120
103 58758
104 56032
105 45192
106 51572
107 58411
108 86493
109 04751
110 81404
111 84891
112 32693
113 39957
114 38836
115 69152
116 34515
117 06523
118 46452
119 62721
120 19411

