001 64726
002 44914
003 91013
004 11426
005 61649
006 26559
007 36561
008 14693
009 27882
010 83624
011 75567
012 18447
013 09962
014 15823
015 37246
016 80475
017 61152
018 45826
019 17856
020 35470
021 51065
022 56314
023 03865
024 98912
025 49735
026 16151
027 53183
028 70031
029 08632
030 46994
031 73908
032 55534
033 82764
034 38720
035 52382
036 85198
037 74393
038 43016
039 69874
040 81193
041 07509
042 67191
043 84066
044 19930
045 71441
046 09794
047 57016
048 01679
049 08816
050 42418
051 82886
052 33698
053 89287
054 50621
055 07090
056 55889
057 91334
058 50516
059 18749
060 24712
061 54313
062 99032
063 95704
064 15428
065 80722
066 38382
067 61665
068 78680
069 40600
070 25337
071 18473
072 87038
073 06714
074 60355
075 48986
076 43132
077 67969
078 71850
079 39452
080 04851
081 73043
082 28800
083 29659
084 47216
085 15449
086 42087
087 68449
088 92495
089 20701
090 13848
091 37397
092 28619
093 64279
094 13032
095 39211
096 02758
097 95657
098 62752
099 57390
100 59204
101 17595
102 50480
103 84647
104 49417
105 37884
106 81192
107 42321
108 00965
109 59423
110 72784
111 75326
112 80551
113 96881
114 61721
115 51670
116 91958
117 58859
118 25380
119 73990
120 99303

