001 51216
002 76750
003 88467
004 14706
005 98591
006 60835
007 84522
008 35888
009 09028
010 79612
011 63577
012 01734
013 78955
014 15939
015 08359
016 84946
017 69236
018 26439
019 41428
020 92102
021 31964
022 24157
023 64767
024 65862
025 34085
026 08674
027 85477
028 08593
029 46349
030 11455
031 25324
032 09679
033 27944
034 43907
035 54001
036 32348
037 87609
038 26160
039 63748
040 53927
041 64278
042 17748
043 65660
044 55363
045 71588
046 85528
047 19033
048 44048
049 98083
050 21829
051 74029
052 15380
053 17318
054 84843
055 81312
056 38152
057 45545
058 61738
059 91893
060 45394
061 90873
062 98834
063 22942
064 98334
065 98706
066 91435
067 62029
068 63634
069 35187
070 36618
071 73674
072 15017
073 27646
074 09317
075 36493
076 91167
077 36773
078 03413
079 57270
080 24501
081 19092
082 17522
083 76651
084 35001
085 97866
086 52157
087 43561
088 11508
089 90181
090 78614
091 79122
092 04763
093 68005
094 37892
095 90419
096 00610
097 13582
098 07901
099 71896
100 66230
101 13805
102 49666
103 83517
104 97276
105 01505
106 46715
107 28390
108 99780
109 58804
110 22216
111 05509
112 69058
113 10218
114 54728
115 57512
116 43876
117 25992
118 39162
119 75918
120 40536

