001 62632
002 18445
003 45459
004 70984
005 39964
006 40679
007 46057
008 91841
009 94740
010 52500
011 09493
012 77393
013 25932
014 73132
015 48215
016 16596
017 64829
018 66171
019 75315
020 68542
021 43440
022 51665
023 08597
024 55637
025 52904
026 37297
027 04035
028 36022
029 23515
030 03001
031 26548
032 48612
033 87813
034 35003
035 46816
036 56308
037 12672
038 16734
039 80171
040 65634
041 71999
042 47103
043 68633
044 01297
045 89890
046 61102
047 61781
048 85245
049 80965
050 40555
051 41129
052 29304
053 40993
054 43638
055 75329
056 68039
057 09679
058 66650
059 07143
060 38374
061 25459
062 76009
063 54424
064 06211
065 63525
066 57543
067 69023
068 77212
069 12209
070 97138
071 30173
072 94956
073 50167
074 31454
075 75279
076 14856
077 95509
078 62082
079 83813
080 12043
081 41912
082 01803
083 62247
084 69405
085 56984
086 25635
087 11267
088 20214
089 32620
090 90708
091 58495
092 05724
093 67036
094 58010
095 81414
096 58637
097 48638
098 27475
099 29502
100 39861
101 38939
102 07868
103 79463
104 26185
105 33817
106 81596
107 17624
108 55191
109 88073
110 39958
111 99413
112 67354
113 33081
114 68200
115 55353
116 59577
117 08660
118 78584
119 53181
120 04230
