001 81985
002 51133
003 36238
004 96504
005 79136
006 99520
007 68430
008 90442
009 34233
010 09381
011 19952
012 28666
013 47241
014 44249
015 91438
016 60559
017 44417
018 46923
019 75091
020 75854
021 00749
022 09639
023 58030
024 16054
025 09405
026 80405
027 63556
028 95528
029 60514
030 53301
031 40219
032 22145
033 96969
034 30543
035 43191
036 94333
037 36150
038 96773
039 94701
040 92474
041 61985
042 09721
043 92387
044 30761
045 80869
046 03638
047 81752
048 82813
049 46590
050 98118
051 82507
052 63730
053 11320
054 09317
055 26724
056 63456
057 87679
058 19916
059 30703
060 60470
061 04567
062 24722
063 53517
064 64333
065 90237
066 33017
067 71578
068 46515
069 28510
070 18837
071 02302
072 20658
073 53134
074 60591
075 67981
076 03619
077 79983
078 59412
079 51035
080 05950
081 14095
082 38249
083 72111
084 87062
085 08278
086 69567
087 32056
088 94664
089 52933
090 40953
091 23379
092 01085
093 45853
094 72998
095 02413
096 53571
097 53151
098 74443
099 39787
100 34503
101 62143
102 30079
103 93864
104 81278
105 81759
106 14734
107 08047
108 71276
109 30866
110 54244
111 56256
112 26819
113 23222
114 60401
115 37729
116 83421
117 89963
118 67325
119 43563
120 44157
