001 85007
002 31254
003 60804
004 16676
005 86572
006 97978
007 08402
008 42673
009 52751
010 66158
011 06958
012 14226
013 58106
014 67400
015 51958
016 78826
017 50647
018 68190
019 37983
020 90957
021 45778
022 71825
023 28428
024 38292
025 17448
026 11973
027 57578
028 57273
029 23791
030 78844
031 99582
032 60700
033 87498
034 26416
035 34510
036 23987
037 33677
038 44913
039 34828
040 59187
041 55822
042 78881
043 28267
044 89370
045 03982
046 21024
047 00161
048 66838
049 56498
050 66895
051 46908
052 96653
053 82926
054 34580
055 08248
056 97558
057 47086
058 90219
059 89222
060 55111
061 28114
062 66492
063 58454
064 64621
065 90181
066 85135
067 29048
068 81065
069 93257
070 75600
071 64755
072 94950
073 99011
074 24262
075 40431
076 48581
077 83914
078 47823
079 16202
080 57536
081 36363
082 87458
083 92589
084 16634
085 75350
086 77508
087 11403
088 67260
089 52127
090 12028
091 30573
092 52556
093 80996
094 29883
095 38237
096 93214
097 00897
098 18795
099 53475
100 57427
101 63703
102 17989
103 16289
104 01406
105 13246
106 88508
107 10795
108 01437
109 79735
110 67566
111 14753
112 86413
113 72432
114 00500
115 49439
116 55985
117 89703
118 28306
119 03727
120 63553

