001 73092
002 37734
003 69692
004 88811
005 15237
006 35650
007 10000
008 62689
009 19499
010 86525
011 32790
012 75950
013 65461
014 51372
015 79664
016 78451
017 11982
018 40150
019 99861
020 93248
021 27037
022 84170
023 99668
024 15653
025 86863
026 83719
027 92847
028 47027
029 73643
030 56552
031 60147
032 81543
033 00277
034 04089
035 51245
036 40616
037 77146
038 24328
039 03470
040 75515
041 49223
042 72152
043 98248
044 02326
045 15568
046 78808
047 71553
048 21124
049 76587
050 98206
051 43369
052 30757
053 08368
054 38852
055 90859
056 76330
057 46027
058 50646
059 65802
060 15186
061 01652
062 77995
063 09773
064 23325
065 21430
066 58435
067 53101
068 91087
069 14093
070 88985
071 29852
072 19727
073 51521
074 41724
075 07644
076 65372
077 04963
078 75616
079 56936
080 02380
081 84727
082 84576
083 70175
084 62818
085 18243
086 72687
087 78410
088 15129
089 61717
090 79322
091 48666
092 06444
093 24491
094 28907
095 80020
096 38038
097 75347
098 23212
099 55008
100 41539
101 68243
102 02454
103 84339
104 14217
105 51456
106 48558
107 20566
108 33636
109 95940
110 78210
111 79656
112 68705
113 02084
114 18805
115 02373
116 10731
117 94083
118 09735
119 28995
120 62535

