001 76000
002 43395
003 97445
004 08893
005 05886
006 56877
007 52801
008 80069
009 42360
010 36914
011 84331
012 46873
013 65380
014 34158
015 36098
016 17882
017 90457
018 38546
019 61872
020 91956
021 53201
022 59545
023 42068
024 56539
025 53147
026 43778
027 83816
028 68129
029 18704
030 49099
031 49956
032 74563
033 01483
034 00856
035 15124
036 58599
037 45449
038 85834
039 91932
040 05757
041 43827
042 05180
043 63823
044 99456
045 26646
046 66633
047 20445
048 84978
049 86877
050 72307
051 98316
052 50333
053 21854
054 53062
055 15162
056 40377
057 63603
058 17305
059 80014
060 45139
061 61117
062 68023
063 16238
064 72760
065 87868
066 19246
067 52854
068 60380
069 08042
070 53437
071 43393
072 54278
073 54779
074 69055
075 02553
076 88003
077 24840
078 53371
079 46924
080 52804
081 69716
082 09954
083 93256
084 05027
085 32398
086 85001
087 73635
088 01053
089 43768
090 20459
091 09376
092 38095
093 99067
094 34230
095 58454
096 79902
097 08289
098 00350
099 50010
100 40341
101 90666
102 95340
103 98707
104 54646
105 94347
106 52663
107 24460
108 06415
109 94135
110 81058
111 77725
112 29369
113 31392
114 31315
115 45878
116 10161
117 66051
118 18084
119 55345
120 96199
