001 28281
002 64192
003 62676
004 34403
005 19209
006 58695
007 79766
008 62771
009 62650
010 85295
011 66458
012 18112
013 18647
014 41794
015 12743
016 74578
017 54672
018 66529
019 02042
020 13530
021 38166
022 02752
023 57265
024 04041
025 62780
026 30497
027 97887
028 44816
029 86555
030 95440
031 57642
032 12459
033 10388
034 92807
035 70034
036 17871
037 42056
038 20609
039 48289
040 25712
041 82054
042 72335
043 16587
044 17807
045 01800
046 26480
047 58519
048 12512
049 38328
050 43114
051 64474
052 36360
053 31363
054 67910
055 84779
056 04936
057 33175
058 05620
059 64498
060 62671
061 42895
062 37438
063 73243
064 00965
065 40990
066 99689
067 59042
068 72733
069 15867
070 86982
071 03270
072 84402
073 64353
074 99412
075 69266
076 66200
077 75359
078 46999
079 84812
080 66885
081 25634
082 85112
083 64104
084 55575
085 10167
086 67176
087 88572
088 24671
089 89704
090 39324
091 16857
092 82269
093 90187
094 26012
095 22825
096 62719
097 66312
098 54121
099 83768
100 39793
101 13140
102 34746
103 19062
104 76746
105 59543
106 93762
107 55481
108 33476
109 18220
110 16379
111 44432
112 69627
113 68460
114 33110
115 90863
116 14650
117 92933
118 64179
119 52791
120 61932

