001 12165
002 62791
003 77934
004 85235
005 55668
006 49952
007 45524
008 68716
009 71939
010 86834
011 79472
012 08098
013 06425
014 06018
015 59495
016 78627
017 36961
018 47840
019 17435
020 45559
021 22064
022 69397
023 09777
024 91610
025 42574
026 56275
027 16586
028 71750
029 04374
030 49530
031 39462
032 32467
033 89393
034 79995
035 26100
036 45172
037 09060
038 36404
039 64263
040 11251
041 14082
042 76099
043 99659
044 42034
045 57606
046 71555
047 01653
048 90902
049 06813
050 41385
051 53958
052 51030
053 49174
054 59258
055 92408
056 80399
057 77462
058 03235
059 56449
060 28905
061 81525
062 62858
063 62666
064 88466
065 38422
066 57404
067 76234
068 03402
069 22526
070 64200
071 36903
072 27896
073 66951
074 94889
075 46686
076 47783
077 58266
078 05499
079 44837
080 66491
081 54677
082 03612
083 33708
084 15747
085 51508
086 01841
087 26550
088 01372
089 20678
090 55400
091 39864
092 02342
093 79239
094 48195
095 50964
096 63537
097 90196
098 11517
099 25433
100 51184
101 28117
102 58532
103 71523
104 76345
105 24482
106 20654
107 68953
108 25810
109 96690
110 14357
111 63990
112 62624
113 02530
114 55628
115 00596
116 28675
117 93904
118 84684
119 03914
120 49189

