001 26616
002 39706
003 15229
004 07967
005 62605
006 76865
007 90857
008 56544
009 55605
010 89051
011 76180
012 85900
013 39738
014 74887
015 72512
016 53337
017 23532
018 13609
019 15670
020 50221
021 83889
022 31214
023 89667
024 95473
025 85947
026 99882
027 30317
028 53690
029 80641
030 77205
031 42534
032 25890
033 67625
034 55311
035 11948
036 41192
037 93947
038 57042
039 91364
040 94529
041 75952
042 74515
043 83886
044 75676
045 43556
046 02447
047 23588
048 17465
049 16697
050 21715
051 68412
052 56800
053 60468
054 09502
055 51400
056 80204
057 54887
058 09243
059 77919
060 99220
061 41259
062 81807
063 35373
064 68897
065 99338
066 60875
067 60705
068 47605
069 39302
070 80887
071 46063
072 78532
073 07981
074 54585
075 73743
076 16538
077 07074
078 93512
079 46535
080 54070
081 89887
082 03462
083 69754
084 58492
085 60937
086 94996
087 38661
088 82705
089 74732
090 01113
091 83598
092 35287
093 79930
094 54342
095 94413
096 34391
097 72537
098 25825
099 49841
100 82378
101 45105
102 17384
103 79418
104 90419
105 62890
106 70997
107 02190
108 49534
109 94307
110 66552
111 72117
112 54586
113 95379
114 93670
115 65099
116 04152
117 40739
118 08930
119 17447
120 44225
