001 81594
002 74090
003 64274
004 00217
005 34995
006 20302
007 68421
008 48015
009 09740
010 05286
011 45667
012 50275
013 83185
014 29267
015 14470
016 02602
017 62896
018 47878
019 30127
020 76711
021 57710
022 41546
023 46994
024 40041
025 55307
026 34502
027 39260
028 21947
029 76836
030 53313
031 85643
032 99015
033 35331
034 85180
035 32611
036 94126
037 44669
038 99258
039 05679
040 60851
041 52405
042 80139
043 42728
044 20539
045 59784
046 28705
047 47169
048 39675
049 23978
050 25105
051 53254
052 14126
053 74237
054 31201
055 49389
056 89540
057 38121
058 57784
059 64669
060 02120
061 02377
062 14422
063 82659
064 19925
065 03986
066 55869
067 94021
068 42862
069 28910
070 21422
071 97580
072 13012
073 57971
074 54573
075 40627
076 66521
077 85813
078 30757
079 20927
080 44328
081 46290
082 41039
083 62599
084 25875
085 49262
086 79437
087 66869
088 02092
089 87049
090 78125
091 91868
092 60784
093 84079
094 37228
095 20297
096 69024
097 14778
098 23782
099 05934
100 20180
101 14836
102 11105
103 66524
104 09607
105 13679
106 11878
107 64609
108 67392
109 23831
110 02993
111 91004
112 70156
113 51114
114 67657
115 65779
116 35281
117 50035
118 88601
119 70125
120 29203
