001 47338
002 62540
003 48081
004 85248
005 95951
006 90196
007 11016
008 16993
009 51352
010 12045
011 58635
012 15598
013 25075
014 17385
015 45393
016 55181
017 60050
018 07873
019 50310
020 32350
021 87600
022 28384
023 57940
024 12898
025 76745
026 70418
027 54007
028 27807
029 50377
030 73248
031 99281
032 72775
033 76045
034 56207
035 34247
036 33413
037 22883
038 02436
039 83944
040 32232
041 50147
042 98281
043 42364
044 56275
045 26046
046 35502
047 67177
048 97642
049 54053
050 43061
051 58069
052 34150
053 77006
054 50335
055 07330
056 94526
057 99034
058 27394
059 04973
060 93018
061 17999
062 36037
063 98409
064 57267
065 04373
066 31662
067 71337
068 87359
069 77685
070 48782
071 32301
072 03142
073 95409
074 99615
075 64906
076 04610
077 85856
078 52593
079 85570
080 29055
081 83292
082 79976
083 27837
084 10075
085 40024
086 41755
087 25990
088 73050
089 58415
090 26525
091 31040
092 47718
093 27115
094 72552
095 24206
096 82223
097 59730
098 51820
099 23528
100 05794
101 33070
102 91247
103 33330
104 19598
105 63097
106 82821
107 50764
108 04837
109 50551
110 20253
111 27769
112 09112
113 36702
114 84766
115 11571
116 49269
117 48516
118 65930
119 26433
120 23902

