001 81013
002 76135
003 36722
004 89906
005 21527
006 39548
007 15712
008 99532
009 13374
010 32313
011 10569
012 45250
013 40875
014 00487
015 85635
016 15806
017 52365
018 54061
019 00793
020 93427
021 85803
022 93733
023 94306
024 51570
025 26049
026 40845
027 25405
028 15455
029 39335
030 76994
031 03119
032 69374
033 71701
034 01004
035 02912
036 92427
037 64485
038 78804
039 35283
040 62823
041 66713
042 10928
043 02404
044 42560
045 29889
046 90401
047 89785
048 41034
049 86884
050 05447
051 39497
052 56397
053 23714
054 05344
055 61484
056 94593
057 42493
058 20682
059 48239
060 06839
061 04229
062 63500
063 70438
064 47290
065 80930
066 06068
067 82144
068 46694
069 64115
070 05997
071 81236
072 94081
073 83405
074 49034
075 48019
076 68999
077 88918
078 57297
079 68513
080 98617
081 66502
082 98179
083 97277
084 63996
085 51684
086 91945
087 15919
088 60959
089 43157
090 98901
091 88803
092 70315
093 47168
094 67064
095 26151
096 36523
097 86910
098 52601
099 78222
100 46617
101 13249
102 81944
103 51470
104 30596
105 38803
106 77067
107 26996
108 47031
109 37388
110 03587
111 15255
112 22680
113 99257
114 98779
115 02773
116 07014
117 97750
118 70664
119 21461
120 32940

