001 41366
002 71950
003 61079
004 42442
005 63128
006 98940
007 38261
008 38343
009 53054
010 70992
011 83646
012 91037
013 62379
014 72523
015 14565
016 09013
017 41327
018 37733
019 37183
020 38954
021 79709
022 12534
023 71456
024 53763
025 34359
026 24705
027 14764
028 96033
029 14664
030 18457
031 50662
032 90405
033 92101
034 60467
035 11443
036 41340
037 16536
038 32115
039 25741
040 44199
041 56809
042 79960
043 16471
044 69564
045 47927
046 13088
047 84263
048 48873
049 05984
050 63311
051 50905
052 31846
053 24058
054 34633
055 57992
056 68579
057 89094
058 65229
059 70614
060 88525
061 95085
062 59319
063 18604
064 54904
065 55177
066 00210
067 56645
068 68335
069 11030
070 79982
071 36847
072 84096
073 00890
074 18581
075 49023
076 10498
077 89808
078 88541
079 09794
080 15402
081 71899
082 02639
083 65906
084 67129
085 27927
086 42151
087 12941
088 06011
089 21596
090 77060
091 43763
092 54056
093 37565
094 87018
095 94900
096 08519
097 65368
098 82077
099 62409
100 13250
101 79324
102 79461
103 95240
104 82573
105 26026
106 28472
107 39258
108 58120
109 65191
110 88965
111 43445
112 60079
113 75834
114 44337
115 42251
116 76109
117 32425
118 55185
119 13087
120 55766
