001 10212
002 81271
003 18776
004 94341
005 09452
006 34844
007 93381
008 88114
009 10783
010 19657
011 67843
012 22902
013 44874
014 12805
015 59318
016 54938
017 84942
018 18727
019 00449
020 17891
021 78028
022 78052
023 43234
024 51722
025 30419
026 16087
027 02927
028 60098
029 89673
030 41332
031 14372
032 09090
033 82146
034 68260
035 72663
036 24345
037 38772
038 17105
039 57910
040 09260
041 41072
042 08854
043 05738
044 47337
045 16803
046 89540
047 05746
048 97286
049 05071
050 96107
051 61412
052 39378
053 17602
054 63546
055 41452
056 23984
057 28706
058 33758
059 69510
060 63049
061 66412
062 94704
063 24930
064 08114
065 24319
066 01739
067 84502
068 55335
069 62393
070 57148
071 31786
072 24379
073 77735
074 90996
075 02151
076 09428
077 63604
078 81264
079 62177
080 77647
081 69743
082 70448
083 87785
084 85973
085 17210
086 53836
087 16007
088 76635
089 31863
090 42446
091 67435
092 83306
093 07177
094 27440
095 64851
096 60345
097 00854
098 56873
099 65244
100 01235
101 09221
102 83166
103 23211
104 51302
105 68286
106 32447
107 01834
108 26360
109 04301
110 72336
111 97287
112 48322
113 34921
114 26065
115 78275
116 85088
117 70023
118 59851
119 13563
120 65066
