001 52816
002 38004
003 43594
004 37406
005 99855
006 27709
007 90571
008 64997
009 99195
010 35299
011 61959
012 65261
013 41702
014 70171
015 35832
016 98308
017 28110
018 87683
019 03837
020 13065
021 76854
022 23945
023 97120
024 81194
025 79550
026 36643
027 60145
028 93783
029 87610
030 63880
031 43702
032 93137
033 79729
034 57277
035 15525
036 87115
037 39978
038 77695
039 61556
040 16654
041 19486
042 18088
043 67806
044 27812
045 31777
046 59763
047 89255
048 24437
049 58093
050 02411
051 92679
052 44589
053 75149
054 56132
055 18821
056 31638
057 29068
058 23677
059 27873
060 68590
061 96317
062 16420
063 93181
064 51938
065 36473
066 26377
067 00263
068 18902
069 53673
070 30879
071 14609
072 77369
073 00261
074 97900
075 52106
076 74087
077 09793
078 92556
079 81188
080 28573
081 14214
082 49401
083 58804
084 28913
085 58545
086 93781
087 71420
088 40092
089 29529
090 16364
091 02739
092 24650
093 79583
094 54902
095 66260
096 65073
097 26243
098 08516
099 10553
100 86074
101 29227
102 14140
103 84855
104 44272
105 46449
106 20310
107 06830
108 50586
109 82970
110 51104
111 00083
112 14564
113 94239
114 42941
115 43595
116 41134
117 99014
118 87132
119 65345
120 39172
