001 65140
002 02784
003 83682
004 60422
005 16226
006 49036
007 34866
008 07912
009 46980
010 30321
011 74832
012 62195
013 32407
014 52814
015 56006
016 19138
017 56520
018 04642
019 80286
020 22658
021 17976
022 96823
023 84664
024 23439
025 98405
026 74146
027 03656
028 79561
029 66127
030 93569
031 43084
032 65261
033 24103
034 21756
035 64821
036 77655
037 15038
038 84410
039 75090
040 52114
041 08143
042 34488
043 06214
044 04657
045 20890
046 10678
047 68779
048 83379
049 24137
050 91349
051 30470
052 73329
053 70059
054 89680
055 98490
056 75363
057 39923
058 68299
059 94380
060 75682
061 92581
062 70183
063 56937
064 04014
065 72942
066 68318
067 39600
068 93012
069 78077
070 15966
071 53604
072 15325
073 02575
074 28256
075 50736
076 39946
077 13189
078 36918
079 40866
080 21637
081 11787
082 27880
083 93375
084 36293
085 33155
086 37601
087 81924
088 13640
089 25087
090 09523
091 61678
092 54059
093 33138
094 01867
095 14389
096 54007
097 21810
098 51893
099 85828
100 97859
101 98194
102 94489
103 18801
104 44645
105 33344
106 43724
107 60538
108 98670
109 58145
110 33784
111 09598
112 78418
113 41093
114 21929
115 60890
116 48214
117 62199
118 21478
119 70589
120 56654
