001 96318
002 27551
003 81698
004 26732
005 66681
006 57836
007 65226
008 76976
009 18292
010 83980
011 37190
012 37804
013 31061
014 73672
015 90615
016 04520
017 81880
018 86625
019 06969
020 52364
021 66139
022 05587
023 86401
024 57652
025 17968
026 13866
027 94186
028 25505
029 98725
030 57151
031 96180
032 07940
033 88196
034 61771
035 55207
036 72151
037 03665
038 78244
039 62969
040 80022
041 54368
042 30270
043 04443
044 71010
045 72586
046 00797
047 84596
048 94304
049 74482
050 75310
051 39535
052 94240
053 17637
054 30237
055 54792
056 80214
057 25603
058 75598
059 22609
060 58088
061 54130
062 67264
063 23716
064 31339
065 97461
066 21459
067 01412
068 39821
069 86878
070 53552
071 44510
072 01232
073 53283
074 55795
075 79844
076 57600
077 81249
078 36648
079 17000
080 39323
081 88563
082 94872
083 28798
084 84269
085 74439
086 93309
087 95413
088 19161
089 60495
090 00087
091 00365
092 19511
093 12204
094 92511
095 43331
096 98374
097 26531
098 31694
099 12075
100 43114
101 81366
102 39720
103 88036
104 92072
105 09913
106 10812
107 80329
108 86419
109 67896
110 89499
111 85814
112 74286
113 95651
114 17106
115 99875
116 09380
117 83719
118 97461
119 68894
120 84951

