001 95938
002 74263
003 10926
004 53590
005 85115
006 46164
007 75576
008 30968
009 45525
010 04832
011 72111
012 04997
013 47663
014 55136
015 37858
016 10714
017 73279
018 27784
019 26739
020 29272
021 47898
022 77643
023 66918
024 05767
025 47145
026 54641
027 18766
028 89201
029 55310
030 27356
031 01565
032 53499
033 79607
034 20866
035 16024
036 89344
037 59824
038 68673
039 35781
040 96860
041 05357
042 90814
043 98559
044 90934
045 49667
046 33110
047 42684
048 94167
049 22815
050 95093
051 39602
052 98158
053 90626
054 24574
055 77293
056 18013
057 45601
058 91749
059 13664
060 43672
061 32163
062 81178
063 39521
064 67427
065 61702
066 10866
067 87197
068 07451
069 80661
070 44916
071 79005
072 92730
073 50111
074 28161
075 28112
076 92268
077 24175
078 18776
079 98052
080 40887
081 65962
082 25794
083 11246
084 55900
085 94576
086 64252
087 39938
088 18793
089 90397
090 13289
091 72024
092 14295
093 64018
094 92705
095 23066
096 05442
097 68392
098 73455
099 01360
100 04817
101 56762
102 22897
103 81769
104 93020
105 96839
106 66880
107 70356
108 97635
109 52090
110 17965
111 17716
112 65494
113 71110
114 56844
115 30501
116 14660
117 63938
118 65617
119 22277
120 87831

