001 00870
002 11872
003 52640
004 42475
005 57716
006 83737
007 93238
008 09991
009 08842
010 75265
011 09306
012 60578
013 36367
014 48909
015 35039
016 74948
017 63100
018 47846
019 23903
020 00595
021 74058
022 46934
023 21541
024 85668
025 17256
026 50225
027 83504
028 68572
029 83326
030 01026
031 51141
032 36384
033 40497
034 08660
035 73596
036 33061
037 54026
038 94289
039 19430
040 75982
041 88486
042 43092
043 98426
044 61592
045 18950
046 97004
047 27747
048 35347
049 51963
050 25544
051 82881
052 98074
053 05458
054 64578
055 73221
056 26332
057 13674
058 39360
059 90013
060 21384
061 26624
062 93526
063 40249
064 71417
065 79246
066 06869
067 84423
068 80123
069 92752
070 70760
071 63557
072 87908
073 94219
074 08170
075 36184
076 77178
077 18071
078 48799
079 30192
080 27080
081 91938
082 29846
083 40150
084 07548
085 36268
086 16515
087 27429
088 09606
089 29288
090 90926
091 04546
092 28100
093 52526
094 38120
095 08293
096 46373
097 57431
098 58903
099 85792
100 29959
101 80341
102 05872
103 28248
104 39317
105 54220
106 87746
107 84588
108 15589
109 53632
110 70196
111 56616
112 22942
113 05404
114 07834
115 99097
116 91440
117 38883
118 30430
119 14815
120 34726

