001 09590
002 57891
003 04314
004 33200
005 67740
006 71879
007 09897
008 02267
009 89134
010 27105
011 18058
012 71643
013 84466
014 27930
015 15901
016 40146
017 54635
018 59350
019 98809
020 80773
021 23509
022 97774
023 80105
024 65774
025 00900
026 72156
027 80015
028 97598
029 14989
030 07092
031 82829
032 86030
033 01016
034 40859
035 98221
036 45429
037 21493
038 07648
039 86193
040 45160
041 12851
042 99358
043 54228
044 39390
045 62409
046 55890
047 03753
048 98130
049 01419
050 39421
051 33552
052 54251
053 46065
054 83865
055 65897
056 73767
057 86968
058 50917
059 91546
060 08082
061 29897
062 90370
063 54722
064 56176
065 44560
066 52224
067 22321
068 49741
069 34063
070 40958
071 55836
072 58319
073 19587
074 27129
075 74559
076 12977
077 26048
078 61495
079 76176
080 85170
081 45109
082 14228
083 98079
084 48293
085 92641
086 51260
087 37173
088 58871
089 09845
090 47293
091 12821
092 83208
093 87048
094 16568
095 20865
096 59604
097 54097
098 39776
099 21971
100 23164
101 44726
102 37719
103 69393
104 71301
105 71928
106 30126
107 16158
108 15847
109 17384
110 12242
111 47049
112 38579
113 57886
114 50039
115 30758
116 17309
117 27540
118 37277
119 26342
120 84306

