001 86440
002 93622
003 15365
004 63727
005 32176
006 06283
007 67737
008 75805
009 00571
010 81317
011 02378
012 29527
013 91268
014 43450
015 39927
016 04331
017 38779
018 05313
019 93067
020 76788
021 35215
022 16379
023 82673
024 57811
025 84406
026 37874
027 00360
028 97832
029 65207
030 04335
031 44489
032 00709
033 62813
034 76838
035 12948
036 46644
037 69776
038 95900
039 81589
040 85759
041 79098
042 75759
043 32809
044 30161
045 35556
046 06927
047 11032
048 19163
049 07570
050 74453
051 53763
052 61723
053 61420
054 02513
055 91966
056 91218
057 11549
058 15666
059 69703
060 88638
061 90220
062 52420
063 76328
064 46366
065 26135
066 60616
067 28838
068 19403
069 33560
070 32945
071 08765
072 83670
073 91874
074 19592
075 49527
076 44514
077 96620
078 41436
079 47682
080 01960
081 04076
082 31546
083 34916
084 99579
085 94686
086 60338
087 30890
088 74510
089 14215
090 53825
091 63742
092 28719
093 12860
094 26670
095 99612
096 68089
097 13801
098 78854
099 28305
100 44000
101 90857
102 08903
103 06442
104 72528
105 54197
106 42646
107 58690
108 20948
109 95427
110 46990
111 23386
112 67826
113 72862
114 50751
115 17453
116 10064
117 35106
118 38220
119 81259
120 92910

