001 35853
002 29777
003 85632
004 05497
005 44517
006 91632
007 83094
008 52666
009 84762
010 75653
011 99284
012 28271
013 71787
014 96055
015 46821
016 67916
017 67227
018 67532
019 66312
020 93573
021 78945
022 66210
023 81230
024 52375
025 89107
026 28939
027 76951
028 65740
029 28866
030 40543
031 72315
032 64685
033 70666
034 60603
035 36998
036 75119
037 44685
038 14018
039 22488
040 76309
041 39656
042 87633
043 69128
044 80860
045 46769
046 20852
047 16369
048 37547
049 82987
050 04352
051 60658
052 84876
053 57311
054 92556
055 51711
056 65605
057 21585
058 25527
059 60753
060 89817
061 71945
062 67368
063 99613
064 34162
065 45018
066 53381
067 67683
068 64230
069 08220
070 64462
071 17948
072 34648
073 27960
074 25597
075 06866
076 48678
077 87717
078 61070
079 97395
080 28668
081 88359
082 63012
083 27633
084 31685
085 77071
086 83826
087 10490
088 14688
089 64205
090 13718
091 76595
092 52157
093 68983
094 28259
095 06569
096 47343
097 20567
098 40752
099 85705
100 97208
101 92354
102 23629
103 97828
104 15411
105 08862
106 77913
107 43947
108 60455
109 17285
110 48829
111 84781
112 46896
113 29218
114 47164
115 97462
116 03539
117 89885
118 63966
119 59620
120 96499
