001 70426
002 34546
003 43548
004 75793
005 21967
006 88555
007 69076
008 21340
009 00613
010 64259
011 87360
012 11054
013 12865
014 64201
015 59624
016 29067
017 45762
018 89724
019 58329
020 30008
021 96492
022 81025
023 85733
024 80434
025 99478
026 27109
027 15500
028 81400
029 19156
030 06679
031 21321
032 16685
033 02125
034 95771
035 27156
036 82488
037 77586
038 46485
039 71841
040 55298
041 91917
042 83816
043 27460
044 77894
045 29769
046 76274
047 62867
048 25534
049 17727
050 32155
051 41646
052 71952
053 78062
054 30995
055 26401
056 98231
057 43688
058 47065
059 05366
060 57920
061 28169
062 17392
063 69186
064 48166
065 81964
066 30969
067 00790
068 75224
069 12003
070 94350
071 99826
072 91016
073 30776
074 18897
075 27527
076 06776
077 74228
078 22679
079 91829
080 70869
081 75593
082 73735
083 61766
084 03564
085 45886
086 66184
087 22415
088 96999
089 72814
090 78752
091 45941
092 47772
093 25535
094 88830
095 69541
096 74914
097 95826
098 21718
099 25396
100 34122
101 68804
102 21789
103 35763
104 26478
105 62903
106 78010
107 27746
108 42101
109 08719
110 17443
111 57459
112 88899
113 30310
114 56436
115 14007
116 22900
117 54289
118 41537
119 12661
120 81890
