001 16300
002 16465
003 89170
004 51550
005 12308
006 41713
007 24120
008 51934
009 61900
010 56794
011 30057
012 95564
013 45353
014 83998
015 99853
016 94746
017 61455
018 86762
019 64038
020 54444
021 02692
022 62939
023 09539
024 03775
025 56845
026 62343
027 59244
028 85775
029 59381
030 81078
031 21328
032 49423
033 86627
034 47476
035 36579
036 06816
037 43031
038 03803
039 21684
040 19741
041 84258
042 52908
043 98846
044 60215
045 46958
046 07961
047 76241
048 10662
049 81367
050 71795
051 06480
052 23947
053 39453
054 90013
055 64740
056 28008
057 92473
058 91146
059 44205
060 16389
061 21360
062 89640
063 11350
064 83906
065 31197
066 19793
067 96165
068 72489
069 16127
070 17213
071 82437
072 44894
073 59698
074 87835
075 52459
076 93792
077 80044
078 63865
079 41481
080 73240
081 68567
082 79167
083 67236
084 40183
085 40386
086 12616
087 40834
088 53431
089 68841
090 74040
091 43554
092 59707
093 82379
094 12427
095 68745
096 51909
097 83730
098 00288
099 83698
100 83208
101 64089
102 40501
103 28254
104 57708
105 61074
106 39093
107 44351
108 06855
109 16477
110 53602
111 03727
112 88451
113 78687
114 94945
115 62473
116 96757
117 52930
118 06541
119 69210
120 92011

