001 24893
002 34499
003 23500
004 85977
005 03262
006 13830
007 92604
008 20614
009 71972
010 98181
011 56841
012 44578
013 71829
014 45444
015 60016
016 94469
017 41168
018 55414
019 44654
020 25585
021 99751
022 50930
023 31312
024 06300
025 97794
026 27691
027 62351
028 45860
029 39519
030 78482
031 42983
032 14506
033 89469
034 96072
035 82176
036 86725
037 11060
038 57229
039 97533
040 73088
041 71888
042 92250
043 05961
044 94239
045 74653
046 01925
047 73616
048 94541
049 73796
050 42093
051 42347
052 40833
053 33109
054 47592
055 21113
056 81577
057 19130
058 38911
059 24907
060 24796
061 03307
062 22653
063 54566
064 50856
065 76847
066 15469
067 11397
068 15355
069 51382
070 75361
071 76230
072 13446
073 95655
074 02003
075 51135
076 88734
077 62350
078 09635
079 81355
080 05861
081 91156
082 84852
083 96611
084 96814
085 51809
086 57637
087 43885
088 67977
089 00401
090 47195
091 55442
092 60854
093 04570
094 46192
095 98611
096 12306
097 28097
098 87064
099 09015
100 13864
101 24656
102 63973
103 04184
104 88539
105 42477
106 52674
107 81896
108 14459
109 72154
110 05503
111 98533
112 33462
113 47392
114 99871
115 96439
116 12362
117 97639
118 57902
119 22088
120 06457
