001 47663
002 47963
003 11416
004 54570
005 03887
006 51394
007 94627
008 44555
009 00581
010 91844
011 68433
012 55455
013 57843
014 14043
015 33682
016 96779
017 71612
018 89197
019 28087
020 34370
021 26896
022 51766
023 17267
024 99109
025 71087
026 75989
027 10110
028 69322
029 89926
030 93599
031 42837
032 17427
033 19279
034 22561
035 00572
036 05247
037 82423
038 13395
039 40075
040 54608
041 62471
042 27606
043 29208
044 14982
045 62620
046 49800
047 68426
048 12684
049 70992
050 94549
051 26850
052 94973
053 38238
054 34613
055 45331
056 87525
057 00823
058 43518
059 07066
060 34796
061 43222
062 81756
063 33583
064 18446
065 67354
066 93276
067 07516
068 08279
069 04606
070 22707
071 47114
072 93421
073 38008
074 79476
075 61940
076 81912
077 18151
078 21162
079 59151
080 02363
081 30345
082 53190
083 45684
084 60831
085 80836
086 42723
087 30056
088 34430
089 28043
090 03063
091 73041
092 75508
093 51005
094 40720
095 42956
096 58926
097 83399
098 85986
099 21607
100 58722
101 16363
102 67144
103 00638
104 03524
105 69153
106 86530
107 08444
108 67144
109 48138
110 78431
111 15559
112 20748
113 82420
114 59528
115 51910
116 45677
117 33463
118 02762
119 47396
120 55872

