001 76796
002 72038
003 68029
004 83964
005 29659
006 82061
007 00539
008 84422
009 75029
010 24435
011 46182
012 63103
013 96634
014 69545
015 29338
016 85537
017 20015
018 17874
019 68266
020 04779
021 71071
022 55226
023 35581
024 78906
025 14652
026 44513
027 37527
028 87051
029 27810
030 67574
031 68824
032 32847
033 59089
034 25070
035 62750
036 73050
037 86394
038 52617
039 30288
040 68171
041 86745
042 29501
043 65806
044 26909
045 53953
046 46553
047 21254
048 06531
049 39282
050 58688
051 35378
052 10514
053 31768
054 66075
055 49552
056 34328
057 59356
058 07131
059 78360
060 52932
061 46207
062 65005
063 54362
064 14386
065 58914
066 98615
067 69599
068 07560
069 95937
070 97065
071 56421
072 69121
073 86975
074 94166
075 95739
076 15405
077 31517
078 31919
079 02216
080 25406
081 10954
082 99457
083 31106
084 90868
085 21489
086 55785
087 88129
088 66430
089 33418
090 42611
091 08583
092 34197
093 29319
094 31461
095 25570
096 26251
097 10029
098 23443
099 11192
100 27582
101 96893
102 30767
103 42130
104 96860
105 19534
106 36103
107 53045
108 62571
109 40143
110 12981
111 74337
112 90561
113 03708
114 93244
115 84337
116 77484
117 62165
118 78042
119 90916
120 20850

