001 24857
002 64478
003 39079
004 25319
005 85575
006 93426
007 04084
008 66261
009 14598
010 23283
011 10548
012 13977
013 03752
014 20500
015 51464
016 61585
017 03135
018 10348
019 67790
020 79932
021 58279
022 73528
023 75032
024 83637
025 88994
026 53442
027 13767
028 86868
029 44455
030 92893
031 94946
032 98878
033 99383
034 65134
035 42049
036 09853
037 46604
038 59805
039 39209
040 50361
041 17040
042 68811
043 02434
044 04252
045 13002
046 32231
047 63222
048 18185
049 82587
050 79988
051 49719
052 31802
053 23910
054 46080
055 42479
056 36998
057 57026
058 54993
059 62979
060 09171
061 39686
062 79556
063 76545
064 84745
065 36101
066 20941
067 56920
068 36290
069 48578
070 11718
071 55868
072 06947
073 68548
074 90131
075 08533
076 50576
077 14694
078 51387
079 09995
080 57103
081 71656
082 72571
083 68105
084 75448
085 32266
086 48799
087 24176
088 72480
089 23716
090 52980
091 93085
092 87546
093 21745
094 00146
095 23918
096 64071
097 50908
098 42536
099 48478
100 57701
101 70593
102 59490
103 98971
104 07903
105 32957
106 40544
107 05239
108 00235
109 30718
110 90622
111 76552
112 81320
113 45690
114 76670
115 78476
116 33219
117 29517
118 50444
119 57773
120 02186

