001 90467
002 12174
003 87219
004 51781
005 88084
006 51438
007 62891
008 19811
009 14545
010 19043
011 29563
012 23661
013 00515
014 26579
015 23597
016 13948
017 02620
018 16124
019 25387
020 20921
021 78384
022 93601
023 57832
024 37211
025 48675
026 38384
027 93581
028 25328
029 31608
030 77128
031 19586
032 55960
033 77047
034 99462
035 18537
036 00528
037 16437
038 83297
039 92218
040 57106
041 18846
042 30116
043 43068
044 67137
045 43758
046 60183
047 48245
048 97608
049 40830
050 60747
051 81170
052 53248
053 92325
054 11644
055 79238
056 00516
057 39697
058 54713
059 18416
060 05033
061 58586
062 58483
063 87861
064 49170
065 38468
066 47559
067 30813
068 10227
069 06923
070 28663
071 53844
072 51323
073 48825
074 82257
075 23340
076 13159
077 98065
078 85749
079 01062
080 03255
081 15411
082 03202
083 14142
084 75818
085 53696
086 48177
087 81759
088 08898
089 77266
090 47442
091 50634
092 26074
093 93034
094 90133
095 75293
096 90324
097 23622
098 14298
099 13298
100 38842
101 00947
102 46499
103 38218
104 78195
105 12405
106 11952
107 01210
108 55869
109 59087
110 06373
111 06308
112 40904
113 30767
114 57143
115 78380
116 23262
117 09480
118 24426
119 83695
120 76535
