001 91828
002 26939
003 94092
004 12732
005 20006
006 58050
007 96093
008 33448
009 82474
010 78251
011 45564
012 01620
013 85651
014 37151
015 11012
016 43953
017 75910
018 16340
019 94889
020 57814
021 22928
022 40557
023 34296
024 24313
025 43448
026 55403
027 53340
028 29707
029 73174
030 29945
031 75199
032 28261
033 53927
034 59409
035 72967
036 06571
037 48616
038 00184
039 72049
040 99443
041 21111
042 81394
043 85619
044 64208
045 69707
046 56136
047 97441
048 16507
049 51008
050 81746
051 93503
052 55714
053 24617
054 74110
055 32116
056 80341
057 99269
058 90497
059 53925
060 51580
061 92632
062 82339
063 81273
064 79816
065 99728
066 25814
067 18827
068 33522
069 57010
070 25956
071 96431
072 32756
073 08845
074 97139
075 51299
076 60862
077 44433
078 30164
079 03955
080 12078
081 81497
082 24858
083 21440
084 10992
085 98844
086 36027
087 26292
088 61728
089 23172
090 55776
091 10117
092 37693
093 79454
094 69059
095 93758
096 57336
097 97838
098 47267
099 04093
100 46183
101 88960
102 16132
103 16222
104 53375
105 47752
106 45906
107 25140
108 38552
109 09505
110 02063
111 54404
112 36240
113 52219
114 00486
115 29952
116 47973
117 47023
118 48504
119 06835
120 77135
