001 98384
002 05074
003 00634
004 26471
005 16109
006 02970
007 14664
008 06869
009 97713
010 30352
011 27270
012 44652
013 47436
014 21421
015 57231
016 29784
017 31285
018 20013
019 56710
020 35309
021 98853
022 14715
023 24958
024 06088
025 29171
026 58473
027 30606
028 08727
029 83848
030 91647
031 33981
032 83259
033 14718
034 89062
035 44502
036 30118
037 38021
038 33135
039 94903
040 81859
041 49624
042 86063
043 37334
044 29483
045 18092
046 17202
047 97813
048 59487
049 73367
050 61701
051 71130
052 33910
053 74107
054 43034
055 92370
056 47903
057 90538
058 92083
059 62413
060 42729
061 88093
062 31905
063 48146
064 89182
065 03756
066 90533
067 80526
068 21335
069 43136
070 09741
071 89353
072 60721
073 76503
074 59485
075 07573
076 96326
077 15368
078 60840
079 76089
080 39499
081 07060
082 52631
083 88342
084 27968
085 26600
086 65016
087 49322
088 85318
089 88458
090 35529
091 41291
092 76570
093 08249
094 20739
095 14343
096 43469
097 71112
098 31011
099 78713
100 75194
101 00876
102 60068
103 36345
104 11439
105 54033
106 42518
107 86512
108 22533
109 92993
110 72790
111 82748
112 39400
113 94286
114 64695
115 20808
116 71597
117 92589
118 64550
119 91400
120 33905

