001 81014
002 43812
003 18131
004 67616
005 07648
006 50176
007 37180
008 65430
009 16253
010 11461
011 97328
012 50806
013 47544
014 65229
015 39303
016 33378
017 73621
018 17477
019 13145
020 77349
021 32503
022 61344
023 78911
024 37442
025 42951
026 52364
027 24955
028 75758
029 21538
030 10340
031 51584
032 33373
033 44252
034 25076
035 43267
036 96061
037 07611
038 30913
039 20758
040 80342
041 95963
042 27318
043 03460
044 98019
045 05609
046 00111
047 24230
048 36781
049 10189
050 35731
051 60250
052 46518
053 51048
054 10898
055 90109
056 43598
057 98288
058 61675
059 14658
060 56144
061 27152
062 52515
063 68373
064 35531
065 36322
066 01624
067 37582
068 61246
069 16766
070 14881
071 78892
072 83418
073 64665
074 88101
075 76588
076 50465
077 56366
078 80682
079 39879
080 70841
081 89219
082 79577
083 86973
084 79168
085 78661
086 19429
087 52528
088 85184
089 64024
090 88301
091 40374
092 45373
093 91824
094 52828
095 67894
096 79914
097 76699
098 69895
099 31748
100 94602
101 30917
102 67349
103 91500
104 97747
105 59213
106 53629
107 07876
108 44767
109 74692
110 36551
111 13983
112 74946
113 47633
114 97859
115 68448
116 23731
117 00856
118 26716
119 73810
120 23781
