001 97359
002 54498
003 18584
004 62304
005 99367
006 46193
007 36450
008 39938
009 98234
010 95250
011 94726
012 26098
013 91283
014 74557
015 57820
016 35407
017 00870
018 53444
019 07745
020 56615
021 98710
022 93861
023 83723
024 88595
025 38511
026 20212
027 87803
028 19102
029 80130
030 95154
031 07998
032 07145
033 92202
034 38307
035 79351
036 57268
037 10435
038 51241
039 43973
040 79943
041 48933
042 48091
043 44208
044 60716
045 87616
046 47697
047 99279
048 29333
049 66073
050 07490
051 27389
052 00146
053 98593
054 52507
055 99935
056 46445
057 38281
058 18580
059 72371
060 24693
061 17992
062 64552
063 27002
064 76063
065 29213
066 38380
067 22505
068 79813
069 93188
070 38863
071 51328
072 91343
073 99513
074 73253
075 42390
076 18743
077 11356
078 14198
079 93215
080 45265
081 37449
082 95410
083 43218
084 29094
085 79720
086 01919
087 09074
088 23981
089 27680
090 20704
091 89512
092 03959
093 43529
094 78397
095 69117
096 58171
097 63335
098 10838
099 59075
100 16939
101 14895
102 35922
103 27996
104 83031
105 55792
106 37230
107 13164
108 07376
109 43161
110 42947
111 16512
112 11076
113 62265
114 44485
115 28723
116 85235
117 55669
118 86791
119 06250
120 23994
