001 55944
002 58208
003 02480
004 06976
005 86205
006 37169
007 39805
008 68910
009 01537
010 73545
011 88519
012 31088
013 20643
014 21275
015 31678
016 44754
017 07538
018 05549
019 56811
020 35666
021 83252
022 70242
023 98424
024 08274
025 47186
026 47091
027 27750
028 95901
029 45421
030 86747
031 56407
032 74350
033 60311
034 33333
035 14922
036 48250
037 50469
038 43596
039 15352
040 50388
041 37385
042 81004
043 96829
044 33634
045 08029
046 36377
047 93749
048 75639
049 78938
050 24660
051 43254
052 12446
053 38071
054 42793
055 01340
056 27828
057 56277
058 21884
059 12992
060 00074
061 20865
062 06239
063 38309
064 36495
065 57153
066 06683
067 41860
068 80487
069 71690
070 51032
071 50773
072 29682
073 96874
074 79679
075 81806
076 83424
077 18035
078 74599
079 80153
080 58116
081 72633
082 13744
083 49032
084 56538
085 45299
086 35294
087 20448
088 29370
089 28503
090 93993
091 24502
092 50376
093 37034
094 32859
095 39040
096 09316
097 84989
098 91212
099 13880
100 92162
101 90163
102 83687
103 73183
104 63041
105 90716
106 29523
107 35320
108 12809
109 79770
110 28682
111 52019
112 73563
113 45272
114 40819
115 22960
116 57152
117 54203
118 14583
119 56632
120 34992

