001 88277
002 71291
003 98335
004 55618
005 49547
006 22956
007 71204
008 41208
009 38472
010 68360
011 49754
012 46432
013 95626
014 39953
015 60035
016 78486
017 28320
018 23824
019 91368
020 19733
021 35634
022 68794
023 84464
024 79184
025 47961
026 36199
027 21021
028 83512
029 55278
030 00627
031 89727
032 22873
033 14803
034 53577
035 90001
036 06308
037 42118
038 27624
039 82099
040 08698
041 84441
042 22185
043 31550
044 85748
045 95105
046 59462
047 78695
048 04667
049 88488
050 34395
051 98119
052 55540
053 77496
054 28570
055 38920
056 62158
057 28888
058 25414
059 10191
060 83270
061 56452
062 75186
063 65873
064 84090
065 45536
066 14206
067 24604
068 16910
069 09491
070 85476
071 85456
072 42549
073 27479
074 88420
075 88259
076 30188
077 22010
078 57661
079 26513
080 65138
081 64816
082 10177
083 46431
084 53010
085 78392
086 47322
087 93923
088 49258
089 11375
090 79108
091 94496
092 16024
093 96905
094 61305
095 57045
096 38562
097 40571
098 68669
099 27660
100 29506
101 83218
102 33911
103 07762
104 86541
105 82166
106 42261
107 08275
108 78694
109 55511
110 55694
111 27674
112 10363
113 48757
114 44205
115 05073
116 30716
117 91934
118 85250
119 87853
120 05694

