001 12888
002 26244
003 57156
004 79546
005 70646
006 72730
007 25464
008 14468
009 61938
010 30851
011 02403
012 81641
013 33692
014 93989
015 48296
016 38067
017 18091
018 70046
019 58935
020 55068
021 89578
022 80503
023 13174
024 47089
025 19046
026 10627
027 05713
028 83315
029 09651
030 99793
031 71004
032 27590
033 07886
034 97866
035 94164
036 62472
037 85377
038 37306
039 88841
040 01163
041 75882
042 93645
043 24561
044 32998
045 86111
046 53790
047 59956
048 03150
049 51016
050 60568
051 31329
052 38128
053 42671
054 58829
055 17796
056 47169
057 45642
058 84627
059 22764
060 13053
061 64352
062 90533
063 09142
064 39780
065 05373
066 65137
067 25086
068 69010
069 17968
070 57709
071 95157
072 13353
073 18199
074 95439
075 97340
076 29487
077 76905
078 73550
079 77478
080 97172
081 11010
082 46838
083 32958
084 43361
085 38114
086 36452
087 45301
088 20793
089 72070
090 86347
091 22260
092 35157
093 94585
094 20735
095 91360
096 07481
097 92233
098 03939
099 62443
100 34267
101 80881
102 32948
103 43389
104 52904
105 00871
106 42480
107 44628
108 71687
109 59425
110 36840
111 07074
112 62161
113 52651
114 85948
115 60293
116 94560
117 62165
118 21316
119 39547
120 97731
