001 39035
002 92901
003 57164
004 66696
005 86582
006 51143
007 41740
008 75248
009 89226
010 11261
011 92953
012 71073
013 28932
014 50583
015 30766
016 21792
017 75398
018 36069
019 63638
020 31892
021 25771
022 74141
023 45250
024 24206
025 13550
026 60294
027 24973
028 43660
029 73801
030 53463
031 64756
032 10313
033 98469
034 17973
035 66627
036 11075
037 92560
038 64156
039 17033
040 26446
041 69266
042 29101
043 03926
044 84698
045 08070
046 24106
047 47287
048 56588
049 07920
050 96300
051 97136
052 28719
053 96759
054 45359
055 30035
056 56908
057 00333
058 28153
059 98496
060 93154
061 35200
062 23215
063 20195
064 70862
065 46076
066 32954
067 46339
068 41325
069 62137
070 37740
071 47228
072 55212
073 96722
074 57008
075 04002
076 70788
077 12143
078 07733
079 64048
080 95701
081 74703
082 07979
083 92479
084 00815
085 59667
086 08356
087 52036
088 58931
089 41210
090 33957
091 89782
092 17466
093 57622
094 35478
095 76849
096 56450
097 44193
098 04477
099 37267
100 50582
101 23238
102 27997
103 36075
104 46929
105 34149
106 21426
107 73314
108 20476
109 94345
110 51038
111 42753
112 75814
113 94524
114 27110
115 49627
116 99447
117 14365
118 02501
119 58051
120 81399

