001 90344
002 24891
003 86053
004 33238
005 17872
006 40562
007 64524
008 35189
009 82182
010 49028
011 22977
012 76058
013 38491
014 84588
015 39735
016 37668
017 32592
018 83198
019 86526
020 89316
021 13037
022 87833
023 73093
024 18735
025 75078
026 06623
027 42295
028 78058
029 01188
030 68719
031 25583
032 73988
033 19887
034 81038
035 97621
036 22914
037 32503
038 81892
039 38071
040 60713
041 91548
042 04823
043 69843
044 49334
045 82537
046 04395
047 74022
048 55938
049 23422
050 43643
051 36766
052 37713
053 39617
054 88553
055 38322
056 54454
057 59846
058 89993
059 40893
060 19255
061 10690
062 41549
063 76487
064 26429
065 41927
066 20869
067 01737
068 16594
069 88804
070 55988
071 67672
072 63078
073 90300
074 41587
075 72830
076 42332
077 83140
078 97053
079 96493
080 97881
081 72596
082 57395
083 21845
084 53747
085 26334
086 15029
087 66763
088 01132
089 66172
090 75807
091 55996
092 75494
093 53995
094 56632
095 28583
096 87129
097 17724
098 99647
099 47217
100 11141
101 15581
102 23408
103 45764
104 69124
105 06478
106 28404
107 64499
108 84694
109 04649
110 62413
111 98778
112 69567
113 14003
114 53817
115 20176
116 73639
117 19548
118 61670
119 24959
120 96788

