001 29878
002 25404
003 82210
004 70122
005 77921
006 23218
007 31340
008 74714
009 85517
010 29076
011 08139
012 40252
013 75327
014 47729
015 05903
016 88789
017 92770
018 24293
019 89539
020 63823
021 17711
022 54298
023 22077
024 30280
025 99072
026 55579
027 44338
028 89894
029 86000
030 80987
031 10287
032 50758
033 60972
034 25636
035 17851
036 89361
037 30663
038 35297
039 06750
040 31772
041 04457
042 17935
043 06443
044 13658
045 10891
046 80317
047 82898
048 24351
049 25311
050 72091
051 45503
052 13353
053 54694
054 66487
055 75750
056 73164
057 63606
058 25301
059 83250
060 04398
061 61434
062 46046
063 54213
064 65826
065 67241
066 37728
067 17477
068 81146
069 16660
070 80091
071 73497
072 49322
073 39491
074 30185
075 39205
076 20207
077 29273
078 82927
079 31332
080 84882
081 76734
082 06809
083 68406
084 05837
085 13103
086 37014
087 54911
088 87450
089 22557
090 79581
091 83440
092 50649
093 05618
094 29142
095 11764
096 11189
097 47884
098 16187
099 09628
100 92474
101 28101
102 12047
103 62502
104 35298
105 89766
106 09650
107 35465
108 02636
109 78884
110 50762
111 32151
112 89442
113 01587
114 12485
115 56781
116 78342
117 09403
118 19501
119 10819
120 45215

