001 39103
002 43734
003 70966
004 97712
005 05542
006 46465
007 80870
008 56675
009 60780
010 20231
011 50134
012 93741
013 46758
014 47038
015 45783
016 14599
017 90797
018 69028
019 43580
020 09551
021 36165
022 53350
023 16253
024 54063
025 17036
026 39637
027 71211
028 70610
029 52568
030 20418
031 01256
032 37993
033 73345
034 42283
035 49057
036 29508
037 23604
038 52965
039 48057
040 55377
041 87749
042 24095
043 20908
044 46589
045 02277
046 69709
047 46782
048 97402
049 73061
050 39320
051 58382
052 54714
053 85803
054 80277
055 31838
056 54765
057 75493
058 31818
059 14090
060 67193
061 76391
062 27267
063 42947
064 06445
065 98382
066 39094
067 41344
068 89858
069 97314
070 01875
071 44278
072 50988
073 40010
074 56912
075 97734
076 67550
077 11011
078 82403
079 86574
080 95856
081 48160
082 60339
083 60097
084 46078
085 14062
086 12077
087 90373
088 91495
089 49192
090 52637
091 16438
092 05460
093 53952
094 19233
095 15464
096 65337
097 60398
098 96106
099 74883
100 40885
101 65899
102 27633
103 19509
104 91194
105 14443
106 91720
107 33492
108 13912
109 62246
110 69878
111 03131
112 45883
113 52144
114 47997
115 05645
116 99507
117 57808
118 85139
119 49892
120 47109

