001 35988
002 54281
003 63335
004 02380
005 29870
006 58390
007 04616
008 76544
009 06462
010 02045
011 53941
012 85731
013 80255
014 76856
015 38782
016 98095
017 24437
018 08659
019 83138
020 63860
021 92505
022 40259
023 97017
024 23437
025 10642
026 37597
027 66192
028 57076
029 60593
030 57666
031 59582
032 78584
033 85747
034 20734
035 03206
036 99758
037 58135
038 89792
039 20753
040 40464
041 70116
042 92418
043 51833
044 88890
045 49310
046 65756
047 73121
048 37874
049 94273
050 22982
051 95283
052 78102
053 77047
054 77835
055 81892
056 61547
057 52675
058 77819
059 01507
060 31336
061 68891
062 19033
063 17470
064 78711
065 34251
066 04534
067 33422
068 24813
069 56388
070 35094
071 70490
072 31443
073 62247
074 72817
075 15383
076 44014
077 30914
078 42554
079 69506
080 33871
081 87924
082 09809
083 97101
084 15632
085 92694
086 07007
087 38506
088 73766
089 02188
090 43848
091 78999
092 14815
093 37194
094 25076
095 41311
096 31448
097 46155
098 28432
099 02967
100 32394
101 69473
102 78756
103 41560
104 75106
105 73487
106 42397
107 01387
108 66562
109 36384
110 03685
111 72298
112 33861
113 42171
114 32871
115 26321
116 20094
117 39720
118 41212
119 16557
120 56105
