001 58754
002 36953
003 06880
004 56537
005 23347
006 28771
007 54751
008 95488
009 96708
010 69456
011 24521
012 95511
013 27629
014 01815
015 97235
016 73264
017 17549
018 41840
019 36491
020 13283
021 63446
022 42671
023 24479
024 68000
025 20330
026 96578
027 98914
028 58449
029 66725
030 85772
031 63817
032 04201
033 28644
034 29487
035 45768
036 39591
037 50388
038 11375
039 58394
040 04732
041 50178
042 59946
043 42945
044 18379
045 74768
046 98246
047 96340
048 08553
049 06674
050 48169
051 83372
052 51414
053 11761
054 44423
055 86767
056 87847
057 31079
058 17527
059 40535
060 20674
061 14610
062 69132
063 55635
064 71287
065 38138
066 83090
067 97886
068 59080
069 67003
070 50474
071 64794
072 95765
073 03642
074 66195
075 90359
076 84464
077 20865
078 63128
079 05320
080 05139
081 95369
082 68813
083 09670
084 71004
085 66004
086 57634
087 81486
088 90783
089 62678
090 01980
091 36529
092 96325
093 83665
094 92862
095 25270
096 49608
097 87740
098 76783
099 91144
100 95124
101 72453
102 79797
103 88408
104 98464
105 76438
106 54143
107 23465
108 18642
109 05846
110 03302
111 09395
112 84210
113 62254
114 81556
115 94770
116 82172
117 24425
118 36429
119 16123
120 74796
