001 75932
002 35577
003 42659
004 84733
005 06368
006 31864
007 88802
008 24703
009 59953
010 43169
011 05181
012 57532
013 71169
014 22843
015 44239
016 63841
017 92702
018 12994
019 57438
020 74714
021 50457
022 82957
023 16532
024 40877
025 77026
026 04857
027 87644
028 82178
029 29420
030 19310
031 64631
032 24213
033 92025
034 94307
035 26562
036 61383
037 45716
038 04288
039 30965
040 83068
041 79757
042 09613
043 68632
044 83435
045 70112
046 46591
047 00974
048 04626
049 48955
050 66672
051 40009
052 72300
053 26587
054 83418
055 01754
056 13624
057 48929
058 25736
059 30098
060 45529
061 90588
062 61816
063 41892
064 19981
065 50510
066 84975
067 00645
068 90719
069 57103
070 22758
071 10406
072 87173
073 44998
074 73169
075 86822
076 07190
077 40805
078 24852
079 74676
080 10335
081 28987
082 94037
083 13084
084 50747
085 37221
086 06807
087 99205
088 20485
089 48664
090 11668
091 00327
092 37244
093 98135
094 02992
095 60238
096 55910
097 42402
098 49217
099 53134
100 17031
101 50430
102 38605
103 62571
104 19352
105 61181
106 39148
107 86258
108 58850
109 50004
110 54924
111 36552
112 41763
113 62168
114 54109
115 24326
116 31434
117 93139
118 42454
119 64501
120 25227

