001 52268
002 22172
003 00947
004 24615
005 15485
006 09303
007 55040
008 59161
009 70892
010 67647
011 69339
012 18084
013 24113
014 24538
015 24550
016 98202
017 23905
018 25225
019 60977
020 96491
021 30129
022 53816
023 92652
024 45213
025 61518
026 08029
027 10011
028 86433
029 92113
030 25781
031 27784
032 55124
033 87266
034 23297
035 40020
036 11090
037 01051
038 19429
039 55011
040 17850
041 70686
042 74745
043 38376
044 19504
045 41153
046 08375
047 00848
048 79354
049 83579
050 34130
051 58642
052 45596
053 58629
054 81217
055 77785
056 66027
057 87797
058 59936
059 92007
060 43236
061 96779
062 68208
063 45299
064 10184
065 39008
066 76474
067 00104
068 62723
069 34248
070 16739
071 15932
072 13420
073 51864
074 50287
075 36154
076 64897
077 84654
078 46645
079 84693
080 89986
081 14046
082 28473
083 86717
084 46309
085 64846
086 99813
087 27446
088 60358
089 32147
090 84303
091 30602
092 37289
093 96733
094 88597
095 25879
096 51670
097 44164
098 38485
099 67991
100 78025
101 62149
102 30556
103 92448
104 92425
105 17790
106 82796
107 90491
108 31214
109 53970
110 79268
111 28122
112 10859
113 92455
114 29554
115 78238
116 70065
117 89041
118 52504
119 34405
120 23633

