001 69607
002 69803
003 55773
004 84234
005 25841
006 82914
007 26084
008 85345
009 43481
010 31210
011 05884
012 49001
013 59474
014 54399
015 64512
016 92723
017 32084
018 83838
019 58853
020 15144
021 53565
022 62223
023 33932
024 77197
025 35901
026 81021
027 92314
028 31334
029 48068
030 28876
031 73701
032 52614
033 62154
034 17401
035 21402
036 52012
037 40765
038 35859
039 14353
040 44295
041 10111
042 11008
043 46088
044 11218
045 15074
046 20997
047 61669
048 66066
049 16419
050 78411
051 93319
052 02925
053 25969
054 11100
055 66805
056 45916
057 56218
058 54755
059 06560
060 75110
061 26894
062 28257
063 42876
064 73926
065 56491
066 37830
067 41107
068 75488
069 74224
070 43020
071 76024
072 93733
073 28764
074 16941
075 02635
076 27252
077 43413
078 35637
079 89789
080 40769
081 30588
082 53122
083 66711
084 39414
085 97167
086 28276
087 02243
088 67839
089 76745
090 76245
091 94821
092 36497
093 15817
094 94767
095 74781
096 99824
097 82495
098 63929
099 62790
100 70350
101 45776
102 79372
103 93576
104 75259
105 48324
106 12527
107 63149
108 95916
109 16718
110 05313
111 14427
112 47775
113 44132
114 20860
115 48368
116 04773
117 60744
118 65128
119 55214
120 46333
