001 47768
002 44803
003 53203
004 72187
005 58790
006 65168
007 76398
008 79596
009 62538
010 16317
011 58653
012 59772
013 50336
014 66064
015 28025
016 56235
017 59689
018 88439
019 49323
020 64448
021 38971
022 59023
023 73239
024 02537
025 01129
026 93620
027 10712
028 35624
029 53618
030 34832
031 63942
032 18411
033 53037
034 37805
035 64423
036 98556
037 73981
038 71368
039 14468
040 53984
041 81781
042 17078
043 09100
044 84921
045 63188
046 85614
047 04196
048 39139
049 37862
050 40448
051 06258
052 84390
053 64491
054 04405
055 69915
056 02334
057 22431
058 06440
059 73721
060 73127
061 32290
062 63515
063 23761
064 66807
065 06753
066 70151
067 33058
068 56297
069 68988
070 35245
071 09681
072 96223
073 05521
074 82996
075 43363
076 15253
077 90687
078 80763
079 24588
080 31365
081 53579
082 60211
083 31905
084 52130
085 85210
086 42092
087 93291
088 23005
089 00404
090 99543
091 01895
092 16636
093 27338
094 62060
095 54328
096 44863
097 02802
098 43552
099 54970
100 84217
101 23053
102 57328
103 90537
104 52244
105 08154
106 26011
107 94384
108 24845
109 88499
110 37937
111 70924
112 12633
113 04367
114 26055
115 63342
116 63970
117 40536
118 07113
119 47392
120 78802

