001 40859
002 46107
003 21921
004 49719
005 51002
006 61845
007 59612
008 63743
009 59857
010 14607
011 40250
012 12680
013 01251
014 20043
015 20761
016 44648
017 87016
018 78887
019 09898
020 12716
021 53518
022 29329
023 48512
024 51405
025 72648
026 90409
027 81529
028 96302
029 66829
030 27064
031 87984
032 86862
033 38574
034 36315
035 83608
036 62835
037 09353
038 43900
039 10827
040 40788
041 98661
042 78344
043 75068
044 57181
045 77907
046 23511
047 20542
048 16830
049 56200
050 40111
051 53411
052 32820
053 53543
054 48684
055 07214
056 08717
057 49009
058 79368
059 51201
060 89626
061 18773
062 49169
063 46188
064 21655
065 97855
066 15665
067 34210
068 05826
069 30674
070 48235
071 43399
072 90618
073 85352
074 01652
075 96560
076 33739
077 28646
078 82880
079 92668
080 72152
081 31297
082 08685
083 34372
084 26719
085 87733
086 99142
087 29596
088 90626
089 97457
090 41101
091 49066
092 47846
093 78166
094 22937
095 82215
096 98753
097 53071
098 44795
099 37749
100 69971
101 22218
102 84142
103 47097
104 91040
105 46427
106 44598
107 10285
108 16783
109 07217
110 90016
111 90655
112 22078
113 29569
114 31602
115 51091
116 15036
117 22796
118 12375
119 28430
120 01402

