001 25098
002 62584
003 67526
004 81914
005 01748
006 58975
007 79443
008 02809
009 54479
010 17169
011 47584
012 13301
013 34988
014 24725
015 52385
016 82589
017 85220
018 71679
019 03338
020 84775
021 16661
022 79818
023 09534
024 19903
025 78703
026 06206
027 16212
028 06824
029 49381
030 25895
031 07469
032 53590
033 05496
034 76677
035 50116
036 56743
037 48867
038 65600
039 04188
040 59233
041 26590
042 19465
043 40990
044 81294
045 93713
046 75104
047 51797
048 60302
049 60778
050 72684
051 91882
052 82227
053 33748
054 57328
055 25206
056 50904
057 03986
058 26557
059 00668
060 14193
061 52549
062 45940
063 63719
064 49482
065 05614
066 84078
067 19385
068 15193
069 24996
070 83340
071 24122
072 50595
073 94842
074 25659
075 70217
076 06416
077 89714
078 99025
079 38692
080 07150
081 06620
082 97689
083 85742
084 40975
085 61436
086 15139
087 87199
088 57159
089 22924
090 13524
091 63958
092 64263
093 20342
094 61561
095 85468
096 19011
097 59828
098 73444
099 10047
100 44330
101 92004
102 59868
103 90424
104 89405
105 98542
106 97739
107 30552
108 21171
109 16863
110 14420
111 20708
112 30802
113 27164
114 09543
115 83488
116 51750
117 42030
118 95745
119 71643
120 80175

