001 66569
002 34191
003 46511
004 39241
005 49347
006 90947
007 97358
008 01112
009 33040
010 96320
011 85152
012 64558
013 88491
014 55281
015 23223
016 06153
017 29333
018 84942
019 22878
020 55876
021 91466
022 22638
023 22453
024 18015
025 05472
026 96384
027 96997
028 65230
029 97793
030 87563
031 33085
032 64930
033 59757
034 21181
035 72231
036 47647
037 77454
038 46417
039 33330
040 15388
041 15006
042 43938
043 42096
044 54940
045 59229
046 37578
047 26336
048 76648
049 91039
050 77585
051 00317
052 88218
053 95538
054 54467
055 45303
056 56098
057 81887
058 50314
059 99203
060 42328
061 51085
062 06024
063 94472
064 19536
065 92523
066 09048
067 97139
068 51823
069 92096
070 81841
071 59014
072 83638
073 89202
074 61678
075 44871
076 52079
077 44024
078 20546
079 18099
080 39543
081 74557
082 07032
083 01511
084 06093
085 12382
086 58798
087 01885
088 00565
089 62315
090 76205
091 48526
092 00222
093 69228
094 91514
095 07731
096 50436
097 44122
098 42501
099 84043
100 75032
101 05641
102 31150
103 42814
104 83338
105 47970
106 48464
107 58929
108 52495
109 94716
110 53643
111 56335
112 87266
113 94747
114 18599
115 89549
116 08306
117 06375
118 96572
119 89696
120 64193
