001 84855
002 79388
003 83113
004 35001
005 09491
006 06562
007 28772
008 40052
009 22404
010 40543
011 27141
012 38544
013 09962
014 32987
015 75397
016 67910
017 22502
018 26889
019 51056
020 62217
021 62701
022 18574
023 67596
024 48443
025 09415
026 76030
027 46230
028 27481
029 46063
030 78179
031 25028
032 51711
033 28959
034 79864
035 88501
036 42265
037 87027
038 61548
039 60931
040 44999
041 12059
042 11566
043 63126
044 80436
045 17187
046 74559
047 73429
048 47613
049 14867
050 11594
051 99595
052 53880
053 79319
054 51711
055 18914
056 95995
057 55793
058 23923
059 84146
060 12399
061 73805
062 16040
063 63372
064 24467
065 71830
066 36864
067 32156
068 48936
069 26748
070 37368
071 16834
072 45260
073 94183
074 09500
075 66337
076 05026
077 96913
078 19970
079 39138
080 61626
081 59892
082 48384
083 58782
084 59592
085 35359
086 30385
087 78513
088 43223
089 74583
090 62148
091 80588
092 83392
093 77832
094 04857
095 11379
096 40681
097 46461
098 15088
099 82069
100 67523
101 74990
102 33943
103 33153
104 17212
105 86179
106 47650
107 60472
108 91063
109 69091
110 17972
111 44513
112 47754
113 99379
114 28009
115 74179
116 87797
117 29755
118 68481
119 88567
120 52031
