001 16498
002 01802
003 82263
004 87934
005 42746
006 41932
007 24803
008 96705
009 95845
010 75718
011 23897
012 54293
013 77289
014 96768
015 63919
016 83865
017 91971
018 00678
019 09785
020 94662
021 43526
022 42360
023 91971
024 02261
025 95790
026 22033
027 29747
028 53386
029 30439
030 29602
031 81009
032 62626
033 01301
034 50847
035 81893
036 17809
037 95193
038 55314
039 82787
040 92139
041 61103
042 05108
043 02987
044 42412
045 48943
046 25274
047 30081
048 05946
049 59325
050 40387
051 98498
052 85374
053 39365
054 87817
055 08606
056 62931
057 56658
058 86852
059 16324
060 24563
061 24976
062 10204
063 24578
064 86465
065 73421
066 67476
067 86514
068 84459
069 22299
070 32572
071 56568
072 96900
073 07877
074 65368
075 30042
076 30735
077 60802
078 45653
079 35601
080 64162
081 52794
082 03020
083 97023
084 36442
085 15491
086 77269
087 07849
088 23556
089 62787
090 31909
091 96297
092 90121
093 61372
094 44383
095 08971
096 06544
097 65066
098 03613
099 85625
100 20228
101 22217
102 05371
103 71605
104 30904
105 23141
106 96718
107 87640
108 81581
109 02522
110 87763
111 74159
112 88273
113 62932
114 64109
115 82420
116 51692
117 19060
118 58648
119 67930
120 92193
