001 82083
002 06254
003 18989
004 93008
005 75220
006 77154
007 39009
008 34719
009 73105
010 73847
011 52400
012 15321
013 61664
014 81614
015 85301
016 48834
017 60039
018 69701
019 64026
020 07812
021 47450
022 90379
023 57037
024 57659
025 10091
026 80843
027 65776
028 61960
029 16114
030 37652
031 54955
032 50642
033 07551
034 03967
035 85834
036 83537
037 24106
038 54430
039 15100
040 32974
041 87711
042 41231
043 70720
044 98172
045 84598
046 73957
047 86155
048 48321
049 92202
050 81688
051 13078
052 09579
053 93095
054 73056
055 53924
056 92331
057 10985
058 79441
059 69550
060 84305
061 65649
062 15054
063 89093
064 43924
065 86324
066 32729
067 84020
068 32503
069 76318
070 19913
071 83230
072 83400
073 07364
074 32677
075 25308
076 87212
077 54951
078 08962
079 57177
080 86292
081 79086
082 95901
083 89385
084 83952
085 02263
086 96128
087 75082
088 91914
089 20220
090 23635
091 13938
092 90760
093 06491
094 31099
095 54615
096 38092
097 56062
098 28785
099 59323
100 50048
101 62591
102 89965
103 78154
104 90847
105 38776
106 25930
107 73478
108 79454
109 13292
110 60779
111 64934
112 06035
113 17090
114 57741
115 22581
116 18023
117 10045
118 02990
119 51741
120 87703

