001 93071
002 79495
003 75326
004 54177
005 89485
006 28997
007 70987
008 42182
009 60033
010 31791
011 10929
012 12131
013 50953
014 56203
015 96757
016 90297
017 39527
018 49510
019 60165
020 58266
021 58573
022 04188
023 79018
024 14621
025 12009
026 62528
027 99565
028 66958
029 97938
030 59442
031 56555
032 47886
033 33714
034 37746
035 41358
036 93697
037 30240
038 66105
039 04294
040 22432
041 14210
042 79484
043 24719
044 43986
045 83412
046 41056
047 64974
048 67909
049 79646
050 63580
051 03693
052 31400
053 06066
054 26337
055 31336
056 71448
057 19703
058 48627
059 82461
060 19559
061 22671
062 59243
063 78233
064 75092
065 12236
066 15884
067 06296
068 97211
069 20398
070 07559
071 84478
072 26564
073 06414
074 03434
075 23734
076 16086
077 25254
078 36535
079 97890
080 84999
081 80222
082 90373
083 02248
084 15580
085 05269
086 23112
087 30555
088 64351
089 94206
090 43981
091 73676
092 55597
093 03079
094 05254
095 09757
096 93209
097 60113
098 24045
099 35972
100 11660
101 95685
102 13193
103 38907
104 63617
105 45137
106 46722
107 90211
108 25625
109 53372
110 77865
111 10531
112 47482
113 64511
114 39049
115 31014
116 99712
117 07406
118 98285
119 62412
120 55878
