001 12468
002 31690
003 34425
004 98105
005 71197
006 18427
007 08895
008 53584
009 95873
010 53757
011 26100
012 66043
013 32343
014 15199
015 93728
016 60163
017 54439
018 11178
019 16063
020 98239
021 75064
022 86350
023 50136
024 84431
025 50139
026 09837
027 55980
028 02711
029 37818
030 12297
031 87496
032 91915
033 27308
034 39371
035 25088
036 43914
037 95287
038 64423
039 30984
040 33629
041 29093
042 19915
043 03821
044 47592
045 69893
046 86303
047 46425
048 87291
049 06573
050 01754
051 13043
052 79628
053 80272
054 81530
055 26344
056 42764
057 86156
058 05588
059 66332
060 53331
061 72514
062 21549
063 04986
064 01901
065 90204
066 08389
067 38013
068 88972
069 43241
070 95086
071 30781
072 32311
073 76497
074 42787
075 21351
076 77453
077 62327
078 29062
079 47520
080 59919
081 62455
082 25297
083 46627
084 05795
085 60331
086 41786
087 56216
088 43223
089 27359
090 00700
091 12547
092 46326
093 58611
094 23058
095 19783
096 34977
097 29733
098 37515
099 24804
100 71282
101 35657
102 70473
103 93210
104 23608
105 25025
106 30197
107 17062
108 84566
109 89090
110 02660
111 92035
112 09285
113 02390
114 48546
115 86891
116 60503
117 33738
118 72734
119 40328
120 83866
