001 05833
002 29252
003 55382
004 64617
005 66899
006 82811
007 39346
008 58696
009 87120
010 28622
011 26355
012 33513
013 96455
014 60104
015 83648
016 62175
017 98727
018 76121
019 50464
020 22477
021 31588
022 81252
023 92046
024 61480
025 63748
026 52869
027 57313
028 04551
029 12787
030 37612
031 74175
032 57150
033 13163
034 11270
035 37182
036 44021
037 27823
038 98549
039 58213
040 41336
041 77044
042 93736
043 65754
044 23285
045 00888
046 66827
047 52847
048 42882
049 50614
050 03343
051 42157
052 71368
053 97105
054 13843
055 18676
056 40835
057 88609
058 86178
059 18106
060 71587
061 46495
062 10599
063 74721
064 02303
065 86172
066 60542
067 95093
068 53415
069 39090
070 86267
071 07344
072 86075
073 05370
074 15876
075 42963
076 94055
077 62668
078 99035
079 46770
080 42193
081 91539
082 85606
083 63872
084 41444
085 79206
086 62581
087 86344
088 47356
089 87708
090 34775
091 01848
092 20017
093 71395
094 26192
095 18112
096 43827
097 31026
098 99158
099 03347
100 35041
101 96069
102 13415
103 84217
104 71786
105 40091
106 01480
107 90471
108 06008
109 57169
110 50462
111 68961
112 39016
113 50489
114 86894
115 89903
116 51025
117 97839
118 50590
119 07713
120 55746
