001 02115
002 15742
003 35351
004 83267
005 23522
006 79245
007 29616
008 76445
009 15766
010 70621
011 29164
012 88688
013 88558
014 62816
015 03315
016 61168
017 11447
018 90497
019 36760
020 47660
021 88610
022 41286
023 21480
024 75376
025 87916
026 00234
027 83071
028 10348
029 00203
030 41020
031 24720
032 39321
033 67368
034 43873
035 34866
036 42055
037 04454
038 57872
039 67453
040 85051
041 23655
042 21014
043 67151
044 61593
045 16716
046 08808
047 11526
048 24889
049 73163
050 08587
051 74903
052 00965
053 34727
054 10112
055 92062
056 63478
057 08981
058 05733
059 09868
060 90968
061 79216
062 52341
063 07771
064 58337
065 32544
066 06365
067 12175
068 14980
069 99796
070 72535
071 54974
072 54809
073 71807
074 50612
075 98424
076 11035
077 66244
078 96690
079 33609
080 53367
081 98033
082 68323
083 44943
084 37387
085 62826
086 64284
087 04286
088 84843
089 94987
090 27472
091 62189
092 39523
093 86849
094 58276
095 96272
096 37566
097 90668
098 47352
099 07841
100 96081
101 41542
102 96247
103 31132
104 21018
105 34145
106 98428
107 80848
108 08847
109 90341
110 51474
111 10020
112 82900
113 75957
114 74500
115 98006
116 74702
117 30910
118 75607
119 02510
120 56464

