001 97087
002 66875
003 29589
004 96257
005 78682
006 55029
007 73230
008 76106
009 73277
010 50768
011 31307
012 61998
013 12343
014 12085
015 48377
016 45249
017 26488
018 71346
019 99913
020 10379
021 34934
022 16244
023 97481
024 25525
025 15731
026 52310
027 03605
028 13431
029 56322
030 52178
031 20033
032 22138
033 14807
034 16526
035 83806
036 45396
037 33857
038 52903
039 00355
040 81634
041 12198
042 71339
043 46596
044 69643
045 19531
046 66460
047 89409
048 16216
049 83109
050 55779
051 09312
052 93237
053 74879
054 99029
055 02168
056 14340
057 53734
058 53810
059 33419
060 18115
061 18851
062 45554
063 33030
064 88216
065 32304
066 58276
067 49258
068 60414
069 20402
070 69142
071 89827
072 92870
073 46661
074 28905
075 25713
076 95643
077 27582
078 51221
079 54022
080 81872
081 93276
082 24735
083 66399
084 43233
085 27153
086 44629
087 07996
088 27810
089 92863
090 18435
091 89557
092 07610
093 17799
094 28824
095 74930
096 91190
097 12337
098 59885
099 35231
100 82023
101 30390
102 09922
103 16222
104 58877
105 45365
106 92845
107 15308
108 73294
109 44562
110 76272
111 23841
112 73669
113 28255
114 36816
115 65212
116 85238
117 67041
118 12779
119 71492
120 54849

