001 74430
002 95329
003 21913
004 95527
005 52988
006 63165
007 72326
008 53904
009 36575
010 49548
011 66683
012 77665
013 34803
014 62171
015 56387
016 76084
017 48669
018 61830
019 89755
020 50759
021 36998
022 38344
023 64320
024 02216
025 76757
026 55683
027 02391
028 35982
029 55543
030 22289
031 39973
032 53369
033 14974
034 70455
035 52912
036 41246
037 51820
038 29558
039 28485
040 78398
041 41015
042 88830
043 35554
044 91995
045 79744
046 04551
047 25285
048 09055
049 84452
050 38232
051 79459
052 58920
053 29036
054 23114
055 81696
056 50466
057 94462
058 73022
059 56372
060 03353
061 73243
062 13458
063 64715
064 00593
065 37319
066 71669
067 78554
068 47828
069 13950
070 44614
071 34222
072 13266
073 88623
074 27758
075 58141
076 71040
077 71075
078 89194
079 31264
080 88670
081 40018
082 88335
083 37780
084 80089
085 91707
086 04459
087 24604
088 51688
089 13061
090 22193
091 11622
092 23039
093 80799
094 48666
095 68672
096 06568
097 13080
098 88990
099 95376
100 63428
101 19202
102 67589
103 60877
104 59713
105 43344
106 39624
107 16835
108 17924
109 25708
110 02215
111 04661
112 80970
113 33120
114 47792
115 15259
116 39063
117 28614
118 96877
119 99175
120 42288
