001 14579
002 79521
003 00725
004 08990
005 81136
006 63009
007 45316
008 97305
009 59460
010 81456
011 04098
012 33730
013 15494
014 63342
015 39202
016 97016
017 92944
018 37924
019 41888
020 03651
021 42818
022 15497
023 27457
024 08671
025 83358
026 49334
027 64412
028 11843
029 19316
030 35977
031 62713
032 63130
033 47735
034 08001
035 96186
036 50289
037 99435
038 88168
039 71875
040 10667
041 03187
042 20033
043 71499
044 86414
045 63185
046 61334
047 78322
048 62482
049 98787
050 77036
051 69345
052 55371
053 85388
054 36217
055 22683
056 77228
057 78026
058 84276
059 80262
060 94101
061 06603
062 49736
063 72868
064 74593
065 61394
066 60238
067 05174
068 04471
069 01756
070 41290
071 87381
072 70540
073 57006
074 53602
075 46339
076 81757
077 49275
078 11105
079 34357
080 64672
081 16682
082 71897
083 66548
084 82954
085 56326
086 40713
087 35726
088 53258
089 08823
090 88439
091 51542
092 35175
093 35610
094 93567
095 07781
096 43428
097 98459
098 57017
099 34285
100 79624
101 69126
102 86639
103 28139
104 06314
105 91424
106 38821
107 21026
108 17352
109 11868
110 32230
111 13478
112 89606
113 58441
114 79073
115 94232
116 67458
117 26601
118 96336
119 13601
120 82324

