001 90603
002 68640
003 26303
004 34070
005 95642
006 91391
007 06067
008 18644
009 16296
010 36083
011 48934
012 66559
013 01828
014 74725
015 90133
016 73464
017 78372
018 11143
019 23035
020 25756
021 26074
022 21003
023 97993
024 88464
025 49523
026 75928
027 08578
028 68654
029 90491
030 64039
031 96602
032 27069
033 73907
034 69732
035 31307
036 23525
037 36223
038 29025
039 52084
040 46665
041 64618
042 81852
043 36442
044 98469
045 29475
046 67061
047 80074
048 60117
049 17295
050 23968
051 67061
052 13434
053 50597
054 76704
055 88773
056 81966
057 47995
058 07507
059 16600
060 20999
061 01089
062 98402
063 86016
064 53886
065 68328
066 57423
067 39914
068 33924
069 72248
070 94105
071 49517
072 19768
073 27942
074 89278
075 80820
076 67778
077 54744
078 87479
079 14641
080 76158
081 73261
082 26374
083 07426
084 08766
085 70131
086 27192
087 75159
088 79624
089 54867
090 95006
091 73543
092 58559
093 92509
094 63019
095 07667
096 50964
097 12576
098 79263
099 11685
100 62075
101 20986
102 27189
103 35632
104 50393
105 65611
106 27195
107 64568
108 55622
109 69220
110 55166
111 86334
112 21975
113 56354
114 73803
115 03894
116 42764
117 50575
118 29154
119 65689
120 74381
