001 00996
002 30187
003 69271
004 05379
005 60210
006 13116
007 00678
008 97805
009 39738
010 56796
011 99511
012 59807
013 39580
014 38555
015 25587
016 54682
017 33627
018 31782
019 96497
020 44701
021 54765
022 71590
023 99017
024 89121
025 05602
026 92364
027 43486
028 82532
029 93186
030 40403
031 64802
032 47541
033 67953
034 40037
035 65195
036 80262
037 34673
038 49323
039 97074
040 28822
041 74827
042 17036
043 68460
044 89991
045 32274
046 60920
047 34954
048 19797
049 12807
050 90510
051 02203
052 84269
053 18702
054 74653
055 05976
056 94405
057 64622
058 78390
059 69692
060 67700
061 81886
062 73707
063 83942
064 65186
065 56455
066 21550
067 46661
068 60475
069 43571
070 68951
071 93207
072 40622
073 71442
074 14156
075 71965
076 34890
077 25288
078 58023
079 60052
080 12601
081 81101
082 68821
083 77867
084 53950
085 15136
086 41990
087 90730
088 00416
089 22368
090 60552
091 34817
092 59033
093 74331
094 21286
095 50660
096 41708
097 65046
098 75347
099 62246
100 45708
101 87027
102 63988
103 63692
104 77673
105 57869
106 39334
107 43415
108 45552
109 79745
110 11649
111 58648
112 13827
113 55754
114 72075
115 39516
116 66768
117 67818
118 81815
119 31143
120 34947

