001 81916
002 24749
003 17752
004 00330
005 44510
006 37934
007 28126
008 48573
009 63724
010 64325
011 51523
012 10915
013 77586
014 89377
015 40791
016 30421
017 50721
018 71182
019 84274
020 52944
021 52682
022 28681
023 11115
024 55772
025 80735
026 19284
027 06874
028 50626
029 97648
030 22028
031 95466
032 18519
033 37720
034 22803
035 58177
036 98436
037 58973
038 39617
039 11152
040 73037
041 49513
042 17237
043 97934
044 13745
045 15935
046 29300
047 20039
048 62497
049 96001
050 59523
051 64851
052 21911
053 58697
054 52051
055 68096
056 40863
057 31728
058 56311
059 13789
060 40805
061 77838
062 60457
063 21979
064 84703
065 76523
066 00023
067 87194
068 97835
069 95303
070 00621
071 42773
072 82448
073 90468
074 43209
075 58187
076 78925
077 06643
078 34108
079 70780
080 07858
081 04126
082 54265
083 87275
084 44652
085 79844
086 42000
087 74865
088 20130
089 93322
090 58943
091 87841
092 28302
093 03463
094 41322
095 30783
096 35866
097 07697
098 03391
099 13368
100 04036
101 70211
102 46350
103 70436
104 73434
105 69727
106 30262
107 37006
108 66060
109 36032
110 39473
111 49460
112 14304
113 85776
114 79462
115 63400
116 85873
117 23446
118 81562
119 11559
120 89403

