001 93579
002 90387
003 57242
004 32679
005 20375
006 76928
007 96409
008 55934
009 39846
010 00711
011 91703
012 02199
013 78300
014 41709
015 84387
016 24029
017 64843
018 63252
019 19817
020 45776
021 70545
022 11314
023 62913
024 89221
025 76909
026 38966
027 47723
028 39918
029 41178
030 88198
031 29522
032 70468
033 52978
034 94227
035 47753
036 72977
037 13261
038 14262
039 52347
040 80004
041 85904
042 59430
043 07523
044 25171
045 66874
046 29337
047 54589
048 85868
049 66111
050 32771
051 51488
052 94826
053 34017
054 70040
055 67613
056 87707
057 66175
058 12101
059 93677
060 55616
061 00858
062 20031
063 47672
064 99246
065 96528
066 12713
067 76731
068 23945
069 80990
070 19116
071 10293
072 26171
073 76716
074 22684
075 94606
076 26407
077 71743
078 63078
079 62917
080 21286
081 60871
082 85511
083 68850
084 72136
085 48111
086 84435
087 69003
088 29068
089 07948
090 95079
091 62050
092 63103
093 36993
094 75521
095 55118
096 88886
097 63218
098 01130
099 51490
100 63551
101 25957
102 41262
103 91926
104 35420
105 97743
106 80390
107 36557
108 57153
109 48227
110 17275
111 05324
112 84974
113 95608
114 45530
115 42395
116 61589
117 35967
118 90805
119 53001
120 10292

