001 56627
002 62657
003 53833
004 29397
005 63613
006 60722
007 53871
008 31974
009 48222
010 39547
011 04211
012 71450
013 13394
014 79874
015 62423
016 74009
017 89711
018 56628
019 17093
020 89047
021 57051
022 47269
023 69109
024 19282
025 71507
026 98878
027 77046
028 76107
029 72772
030 93003
031 38990
032 03939
033 63180
034 29590
035 80360
036 39192
037 25231
038 37196
039 46251
040 03837
041 92762
042 60560
043 12479
044 07228
045 49666
046 73487
047 05544
048 55678
049 93562
050 23784
051 41535
052 82930
053 86755
054 02230
055 94629
056 19035
057 94785
058 70609
059 50717
060 31338
061 99945
062 28804
063 12475
064 70284
065 73267
066 37964
067 93976
068 25823
069 85344
070 37008
071 42469
072 55724
073 33611
074 99244
075 11993
076 25825
077 55453
078 05429
079 53668
080 90608
081 16411
082 51039
083 49779
084 25618
085 11991
086 00921
087 14069
088 06186
089 76608
090 63529
091 34482
092 00376
093 42639
094 93457
095 77753
096 11782
097 72126
098 78378
099 58697
100 23376
101 39350
102 75080
103 03336
104 43026
105 02991
106 43400
107 60518
108 99877
109 76397
110 02113
111 68718
112 04786
113 47125
114 41264
115 42878
116 38370
117 06016
118 34576
119 03029
120 34302
