001 26116
002 12600
003 00266
004 09843
005 95118
006 50402
007 78475
008 14204
009 74830
010 50116
011 50720
012 99965
013 30504
014 75852
015 67935
016 47492
017 67247
018 71865
019 99414
020 08914
021 97285
022 37974
023 03576
024 36637
025 44845
026 03855
027 99247
028 81427
029 51645
030 91132
031 06620
032 72919
033 53326
034 13052
035 00656
036 28008
037 49622
038 78927
039 38672
040 30415
041 81741
042 75152
043 25731
044 20262
045 58367
046 44911
047 56690
048 68114
049 25554
050 82336
051 88632
052 99770
053 55205
054 05222
055 33011
056 72570
057 35608
058 51825
059 95312
060 42125
061 89001
062 86267
063 93958
064 54667
065 96431
066 45381
067 09797
068 02296
069 95088
070 10853
071 40551
072 87666
073 58066
074 02065
075 85853
076 38584
077 43957
078 98019
079 86169
080 35490
081 10158
082 18983
083 64668
084 37117
085 32258
086 97798
087 63801
088 64683
089 46212
090 13499
091 22002
092 19136
093 10164
094 85512
095 60744
096 57649
097 77813
098 27289
099 92455
100 98082
101 94562
102 50463
103 56058
104 32687
105 16366
106 01454
107 50737
108 36187
109 70554
110 48088
111 18019
112 92289
113 65072
114 90224
115 93176
116 58467
117 95663
118 06406
119 83309
120 69622

