001 04806
002 72880
003 32958
004 61746
005 06464
006 65455
007 35898
008 45655
009 58243
010 06006
011 14190
012 05631
013 87417
014 58618
015 57708
016 01590
017 12655
018 63698
019 91472
020 87870
021 41605
022 06106
023 09775
024 25034
025 90630
026 36422
027 20941
028 60795
029 37789
030 64858
031 20969
032 67794
033 38576
034 10682
035 09375
036 93548
037 69811
038 23015
039 79247
040 81688
041 92917
042 47634
043 11972
044 62353
045 07627
046 82326
047 11680
048 04293
049 92840
050 13730
051 77614
052 91089
053 16008
054 47189
055 02534
056 99032
057 60038
058 77329
059 59543
060 24526
061 18780
062 37054
063 87113
064 43425
065 72615
066 73298
067 10187
068 92260
069 87321
070 08182
071 19282
072 08822
073 39481
074 71468
075 72469
076 14437
077 18257
078 45468
079 50635
080 32873
081 43489
082 04772
083 79107
084 53159
085 76342
086 43702
087 34868
088 19833
089 11306
090 73368
091 29856
092 14756
093 53489
094 93235
095 56266
096 08401
097 34490
098 59382
099 37295
100 31860
101 41345
102 64355
103 23236
104 56585
105 65151
106 58012
107 91141
108 55249
109 81396
110 30578
111 40325
112 53522
113 58838
114 85549
115 05759
116 69366
117 80685
118 58889
119 81041
120 04472

