001 42138
002 40234
003 86692
004 06017
005 17824
006 62472
007 03602
008 86008
009 69140
010 15943
011 05249
012 63493
013 95107
014 54005
015 06194
016 59296
017 01437
018 26924
019 52460
020 64265
021 10942
022 15958
023 43234
024 02532
025 82813
026 54408
027 27473
028 06497
029 43401
030 76905
031 50964
032 48659
033 96414
034 55309
035 21586
036 22906
037 51323
038 55757
039 84362
040 37339
041 75353
042 64118
043 67563
044 56737
045 24295
046 02720
047 21757
048 00324
049 41344
050 17289
051 83236
052 47746
053 49069
054 93658
055 56349
056 51140
057 39605
058 86889
059 45622
060 34295
061 41163
062 27923
063 55510
064 83442
065 02768
066 15332
067 83096
068 43023
069 23604
070 18369
071 49244
072 75000
073 03731
074 52085
075 38079
076 71827
077 32266
078 57418
079 09608
080 99277
081 26952
082 44776
083 83805
084 08092
085 69727
086 45513
087 38879
088 19436
089 29824
090 19597
091 67943
092 30041
093 32158
094 07391
095 40968
096 72358
097 97951
098 81712
099 99950
100 78575
101 66254
102 39289
103 97028
104 14079
105 63898
106 39991
107 69843
108 74212
109 64028
110 08210
111 45457
112 78368
113 00371
114 37432
115 96700
116 11786
117 84914
118 58312
119 21203
120 51956

