001 79403
002 86163
003 50740
004 57369
005 88872
006 06352
007 01857
008 10708
009 46748
010 79490
011 78215
012 32193
013 96385
014 17175
015 35561
016 42195
017 31211
018 36121
019 71794
020 10922
021 36054
022 92295
023 25582
024 72223
025 45467
026 31296
027 27475
028 01364
029 17516
030 13959
031 53506
032 23890
033 91844
034 12554
035 47190
036 46488
037 72968
038 34078
039 21841
040 87334
041 61598
042 66678
043 68034
044 42518
045 15086
046 63239
047 02016
048 46925
049 81537
050 54107
051 78529
052 04651
053 71765
054 77594
055 99983
056 27921
057 71569
058 14886
059 18070
060 05005
061 87187
062 18801
063 97968
064 24600
065 36904
066 48119
067 54986
068 34119
069 82974
070 07843
071 94405
072 29076
073 72075
074 90564
075 78994
076 00386
077 66778
078 85066
079 68760
080 42774
081 49431
082 69801
083 18480
084 73543
085 72261
086 44769
087 10306
088 58999
089 47078
090 77726
091 17268
092 46415
093 74383
094 74517
095 36674
096 67934
097 14592
098 52221
099 26840
100 10710
101 37340
102 43440
103 17772
104 07551
105 47136
106 73187
107 16805
108 16405
109 21169
110 26249
111 26632
112 71371
113 07350
114 47182
115 28341
116 45494
117 02891
118 92987
119 98427
120 91015

