001 21691
002 31323
003 54537
004 36944
005 47588
006 66292
007 16934
008 15861
009 64155
010 74265
011 01593
012 28650
013 36494
014 49830
015 36529
016 39571
017 29513
018 51963
019 15050
020 84729
021 11136
022 21472
023 37754
024 65158
025 00930
026 98460
027 60888
028 04365
029 22321
030 41968
031 76980
032 98457
033 90053
034 38328
035 29354
036 48567
037 91604
038 12714
039 14543
040 33466
041 95964
042 99555
043 65584
044 95602
045 94916
046 60168
047 50762
048 17288
049 46658
050 18943
051 82739
052 61925
053 24551
054 89036
055 00616
056 67506
057 71903
058 21059
059 24389
060 50522
061 68062
062 66186
063 59839
064 56583
065 30049
066 95346
067 08685
068 11045
069 50700
070 81285
071 76467
072 74751
073 31700
074 97206
075 12610
076 00708
077 02576
078 16392
079 25001
080 58295
081 11816
082 17479
083 96967
084 40161
085 18180
086 17397
087 50965
088 74169
089 33091
090 22087
091 25302
092 33058
093 78992
094 27692
095 98680
096 82646
097 69026
098 56248
099 52592
100 66845
101 39694
102 16774
103 98959
104 13682
105 82332
106 22499
107 11543
108 50874
109 42701
110 96185
111 70404
112 38964
113 72624
114 17787
115 84774
116 90967
117 40851
118 93002
119 14166
120 74190

