001 23480
002 89627
003 18470
004 56416
005 62256
006 75175
007 66937
008 15612
009 64677
010 89234
011 75582
012 64790
013 44816
014 52936
015 25696
016 31337
017 85749
018 22654
019 55525
020 08921
021 36951
022 63418
023 02793
024 42047
025 81373
026 28365
027 51052
028 46360
029 94886
030 44187
031 24974
032 01322
033 71553
034 19947
035 88581
036 08573
037 59763
038 22347
039 71371
040 09569
041 80560
042 14969
043 72834
044 21428
045 11555
046 77660
047 48388
048 34798
049 99315
050 97479
051 05920
052 34033
053 08900
054 32585
055 64039
056 20569
057 29306
058 19305
059 40802
060 86042
061 33632
062 36873
063 96891
064 69312
065 68075
066 23431
067 22949
068 25907
069 57103
070 56046
071 46307
072 84822
073 42988
074 04080
075 85688
076 02190
077 98087
078 81090
079 50452
080 57877
081 30791
082 90911
083 18784
084 06926
085 87218
086 71845
087 71427
088 62370
089 37049
090 53315
091 18852
092 74959
093 90517
094 05297
095 33255
096 20886
097 15322
098 58348
099 60724
100 13562
101 74568
102 15093
103 82153
104 94002
105 30254
106 61858
107 01948
108 22559
109 16845
110 15973
111 42289
112 03603
113 33156
114 06160
115 86246
116 42422
117 09123
118 31808
119 86485
120 70224
