001 45715
002 11864
003 24938
004 01880
005 17729
006 36697
007 14100
008 02483
009 83620
010 83389
011 19491
012 44657
013 39821
014 14140
015 69280
016 87390
017 43663
018 74080
019 11458
020 46246
021 58695
022 97119
023 80782
024 64593
025 95124
026 09363
027 66751
028 57424
029 57708
030 75613
031 74766
032 71864
033 27724
034 88731
035 90130
036 47207
037 80256
038 68344
039 17589
040 13037
041 11145
042 57123
043 42529
044 89745
045 78576
046 71508
047 82611
048 69305
049 03788
050 71188
051 87899
052 18597
053 47915
054 26171
055 36078
056 93002
057 07490
058 49583
059 74867
060 27881
061 15910
062 27313
063 10851
064 55372
065 58275
066 11931
067 74540
068 90762
069 75749
070 53838
071 91785
072 28041
073 03111
074 15042
075 20065
076 18952
077 80451
078 22396
079 75870
080 48528
081 95953
082 77475
083 82792
084 31087
085 91230
086 83968
087 79974
088 05234
089 45163
090 14902
091 26195
092 30513
093 73351
094 35673
095 72920
096 73536
097 79482
098 28657
099 44397
100 01114
101 75863
102 03383
103 93330
104 48475
105 17383
106 23761
107 16598
108 82706
109 21338
110 96357
111 17123
112 51136
113 63942
114 40917
115 31174
116 47978
117 96552
118 86651
119 27261
120 47313
