001 34844
002 93794
003 46251
004 61755
005 81130
006 44959
007 15025
008 51098
009 95020
010 23068
011 86134
012 54368
013 25002
014 38608
015 99787
016 79529
017 40130
018 04026
019 51874
020 83315
021 98573
022 38512
023 12698
024 62638
025 88767
026 54146
027 57111
028 98338
029 84587
030 59758
031 70414
032 42935
033 64793
034 91511
035 40921
036 62651
037 44043
038 95666
039 84059
040 30336
041 98319
042 03088
043 56312
044 80107
045 49486
046 72015
047 41008
048 10281
049 54405
050 95412
051 06748
052 84490
053 63990
054 69654
055 38816
056 11169
057 02787
058 24948
059 82113
060 24360
061 44628
062 71711
063 39582
064 36564
065 97371
066 44156
067 04764
068 76530
069 94017
070 68926
071 15402
072 64647
073 49738
074 03019
075 81242
076 06782
077 17666
078 34336
079 01216
080 82080
081 61798
082 94402
083 45716
084 03812
085 10792
086 47085
087 06563
088 70028
089 96678
090 09465
091 24475
092 67373
093 42751
094 47783
095 99943
096 47874
097 17865
098 94704
099 92431
100 97102
101 98840
102 83502
103 99120
104 37469
105 35895
106 89424
107 04950
108 88646
109 69766
110 98803
111 71501
112 44156
113 73002
114 38662
115 65975
116 16809
117 75032
118 20398
119 60630
120 28871
