001 61039
002 59428
003 86630
004 71774
005 81464
006 53658
007 09619
008 31361
009 29190
010 90014
011 62955
012 80579
013 30430
014 11576
015 74311
016 18041
017 94442
018 38617
019 25631
020 89402
021 56877
022 70649
023 75617
024 55601
025 05441
026 54072
027 09548
028 71542
029 54912
030 27301
031 71178
032 29214
033 92754
034 96048
035 90031
036 34358
037 69019
038 33182
039 79132
040 47085
041 51944
042 22741
043 22879
044 66147
045 34924
046 79505
047 52825
048 97140
049 20087
050 75963
051 55134
052 28119
053 70217
054 27809
055 38548
056 14092
057 41398
058 82915
059 30678
060 14117
061 03684
062 14489
063 34757
064 91646
065 28837
066 20021
067 44843
068 40974
069 61832
070 91538
071 86521
072 10191
073 05886
074 39963
075 15533
076 65401
077 68055
078 65113
079 29379
080 97784
081 30432
082 31153
083 93577
084 64700
085 60594
086 28927
087 16001
088 78320
089 98801
090 49430
091 02653
092 69047
093 22733
094 98838
095 50692
096 79522
097 67251
098 92353
099 45647
100 29772
101 36053
102 14674
103 62709
104 25737
105 31338
106 21735
107 30671
108 55486
109 58399
110 84509
111 58241
112 43705
113 00045
114 65396
115 33579
116 91030
117 89288
118 31844
119 10806
120 62802

