001 50426
002 27478
003 14550
004 55177
005 75789
006 03932
007 11752
008 95952
009 91574
010 08188
011 22483
012 37971
013 09859
014 68057
015 39856
016 47321
017 47940
018 82404
019 50933
020 00044
021 35036
022 40129
023 44944
024 54989
025 99889
026 18527
027 85624
028 01478
029 92003
030 04840
031 84805
032 83451
033 73769
034 56440
035 58043
036 41880
037 02176
038 98607
039 35963
040 68381
041 44113
042 41418
043 07293
044 96650
045 73466
046 40010
047 95240
048 05461
049 20605
050 47066
051 41557
052 81555
053 51804
054 18689
055 32369
056 69835
057 37660
058 41763
059 29593
060 67816
061 66092
062 15758
063 24294
064 60754
065 99298
066 47106
067 21084
068 65602
069 41080
070 98393
071 03630
072 28733
073 39246
074 28381
075 26418
076 42443
077 36120
078 61035
079 49844
080 77826
081 05796
082 73407
083 90978
084 79291
085 50722
086 96883
087 23045
088 37635
089 81618
090 98769
091 85516
092 92844
093 52040
094 82044
095 84697
096 73539
097 56432
098 64161
099 62906
100 29848
101 38010
102 63877
103 62951
104 96001
105 52195
106 54001
107 08698
108 96691
109 20571
110 61708
111 75188
112 10924
113 91332
114 60265
115 07382
116 88593
117 74911
118 12208
119 11156
120 33544
