001 10821
002 51432
003 59597
004 39162
005 77871
006 42844
007 70706
008 35176
009 78711
010 85412
011 79395
012 92718
013 18976
014 75049
015 53071
016 18813
017 24581
018 27482
019 65435
020 13594
021 83333
022 47818
023 19739
024 95277
025 13053
026 73012
027 77328
028 19728
029 65330
030 37687
031 59257
032 86885
033 18487
034 84442
035 86626
036 71896
037 99360
038 68209
039 41872
040 78030
041 23275
042 85386
043 39250
044 74791
045 90645
046 27202
047 83855
048 50444
049 94597
050 57579
051 55238
052 57560
053 55826
054 14426
055 93833
056 74981
057 04948
058 09283
059 78318
060 86898
061 96512
062 08775
063 53902
064 96801
065 27105
066 81601
067 33442
068 09514
069 25591
070 33952
071 85885
072 60071
073 32861
074 09034
075 46915
076 56210
077 92133
078 22918
079 09434
080 32710
081 74392
082 08660
083 54034
084 24700
085 08246
086 77623
087 59243
088 38581
089 83657
090 39135
091 41908
092 84088
093 39251
094 88700
095 77849
096 13642
097 31698
098 85662
099 26290
100 96117
101 11248
102 77619
103 49082
104 08346
105 13221
106 96029
107 74662
108 84882
109 77720
110 21224
111 47434
112 71722
113 03391
114 89574
115 49505
116 70760
117 35929
118 85584
119 74403
120 33382
