001 90201
002 01010
003 23847
004 29368
005 86344
006 12485
007 77297
008 42927
009 14683
010 20120
011 77868
012 39600
013 33471
014 17057
015 81708
016 49259
017 49112
018 75273
019 78262
020 43498
021 10807
022 62798
023 65678
024 66745
025 27714
026 51424
027 27367
028 97551
029 11316
030 47100
031 60752
032 98580
033 21658
034 29415
035 18508
036 03127
037 45975
038 72951
039 14934
040 33796
041 36414
042 47193
043 09052
044 27293
045 46415
046 29651
047 87977
048 60029
049 22988
050 45928
051 06187
052 37596
053 83470
054 85979
055 12690
056 47791
057 65252
058 84006
059 38413
060 98257
061 21049
062 67001
063 19267
064 78891
065 78737
066 89350
067 06844
068 01941
069 76300
070 25358
071 48172
072 14100
073 25475
074 90547
075 42626
076 53036
077 07519
078 94713
079 71610
080 92924
081 25890
082 27690
083 17946
084 67905
085 15420
086 92402
087 38717
088 82926
089 38639
090 20512
091 74068
092 46471
093 55414
094 28274
095 17240
096 25839
097 50263
098 88401
099 21713
100 64449
101 20813
102 33743
103 53618
104 11221
105 78326
106 92326
107 76916
108 62866
109 75479
110 80499
111 41835
112 93251
113 72476
114 25721
115 05913
116 77194
117 77306
118 17150
119 88422
120 68935
