001 64239
002 51780
003 70760
004 63716
005 37335
006 63183
007 06983
008 27134
009 89480
010 17972
011 05700
012 43756
013 05602
014 24538
015 96185
016 90278
017 02797
018 83204
019 60250
020 26291
021 76370
022 89648
023 70541
024 34632
025 24185
026 19203
027 02121
028 86276
029 78834
030 45756
031 99968
032 83051
033 01569
034 90021
035 87996
036 56497
037 74757
038 94380
039 50447
040 98558
041 79585
042 30439
043 15191
044 43478
045 62000
046 36014
047 97596
048 45880
049 88114
050 93487
051 04480
052 65115
053 75282
054 87104
055 96217
056 58288
057 70603
058 74993
059 75420
060 73107
061 19462
062 83435
063 99084
064 41556
065 12926
066 95102
067 64410
068 90029
069 34768
070 42456
071 30334
072 91707
073 86843
074 98225
075 29816
076 02084
077 53617
078 63494
079 83235
080 32938
081 41182
082 69807
083 86162
084 06381
085 29845
086 69685
087 71769
088 98104
089 77369
090 26657
091 72040
092 31688
093 69294
094 66678
095 32488
096 46359
097 23684
098 94157
099 50761
100 67987
101 65523
102 60818
103 95658
104 24959
105 55317
106 84098
107 26083
108 09639
109 33675
110 62785
111 44999
112 01690
113 87515
114 51768
115 54432
116 67095
117 38361
118 91652
119 07113
120 07488

