001 39511
002 65246
003 34817
004 83096
005 49216
006 90267
007 96517
008 88980
009 75079
010 98089
011 54857
012 38703
013 23478
014 04213
015 29976
016 90658
017 67939
018 88290
019 15020
020 00265
021 54822
022 24470
023 71889
024 18477
025 13047
026 66466
027 06366
028 75613
029 69465
030 14370
031 26890
032 78724
033 96418
034 17128
035 56052
036 92184
037 64271
038 20960
039 85985
040 25607
041 91436
042 14101
043 36174
044 67887
045 94666
046 00210
047 21894
048 52478
049 07887
050 24460
051 03207
052 98688
053 11819
054 10481
055 15198
056 98139
057 77897
058 39479
059 16463
060 84820
061 31206
062 03395
063 87970
064 42687
065 64314
066 61523
067 78573
068 29270
069 57018
070 56420
071 99370
072 74414
073 85195
074 17744
075 59813
076 57170
077 48535
078 41487
079 38342
080 02236
081 47147
082 90409
083 92545
084 18923
085 87089
086 64533
087 39919
088 -
089 -
090 -
091 -
092 -
093 -
094 -
095 -
096 -
097 -
098 -
099 -
100 -
101 -
102 -
103 -
104 -
105 -
106 -
107 -
108 -
109 -
110 -
111 -
112 -
113 -
114 -
115 -
116 -
117 -
118 -
119 -
120 -
