001 83750
002 63795
003 27032
004 65970
005 09043
006 18293
007 59027
008 20515
009 05613
010 66963
011 63950
012 08867
013 33379
014 17749
015 21239
016 85346
017 78848
018 36420
019 30795
020 35246
021 56562
022 62740
023 34102
024 52780
025 37016
026 59857
027 37201
028 97245
029 03236
030 16136
031 60424
032 00378
033 51303
034 17459
035 59038
036 76798
037 64791
038 89885
039 13795
040 06657
041 53249
042 97945
043 08948
044 83468
045 94331
046 28752
047 35402
048 63297
049 62975
050 41064
051 82536
052 99867
053 04470
054 19034
055 68714
056 62347
057 71611
058 34351
059 20332
060 40488
061 48964
062 15072
063 26616
064 91376
065 92920
066 02123
067 84815
068 14253
069 85977
070 47464
071 31174
072 35783
073 05334
074 86488
075 21886
076 99397
077 98037
078 93233
079 46680
080 78400
081 11871
082 68544
083 69852
084 72563
085 30871
086 19106
087 90496
088 87393
089 53902
090 53813
091 93153
092 58314
093 70921
094 64648
095 51123
096 34820
097 95508
098 51081
099 28906
100 52964
101 81336
102 59219
103 64205
104 14024
105 85802
106 55844
107 16753
108 78903
109 03615
110 61103
111 00437
112 08202
113 78555
114 28390
115 01839
116 68447
117 18113
118 69917
119 16880
120 44227
