001 81556
002 69403
003 92920
004 68967
005 76058
006 95028
007 26553
008 37813
009 81555
010 18705
011 75476
012 68578
013 57683
014 17549
015 46940
016 44971
017 75881
018 77728
019 67652
020 60725
021 93918
022 51846
023 19151
024 85475
025 84995
026 22212
027 34373
028 32891
029 98794
030 38612
031 91627
032 73997
033 07060
034 05203
035 11920
036 41485
037 49596
038 57549
039 46467
040 44915
041 59132
042 97629
043 69017
044 80822
045 26174
046 29217
047 49543
048 90351
049 81000
050 55854
051 66952
052 05081
053 84260
054 63840
055 53677
056 00452
057 31072
058 23770
059 77609
060 19662
061 36325
062 43322
063 35918
064 45466
065 70060
066 00032
067 41384
068 63522
069 27564
070 26841
071 65036
072 52383
073 83855
074 33475
075 04803
076 79603
077 63219
078 05020
079 52472
080 79099
081 22572
082 50427
083 16826
084 15935
085 24418
086 47674
087 50407
088 03622
089 28778
090 81107
091 77128
092 46248
093 75864
094 38784
095 01334
096 68392
097 29756
098 55630
099 55166
100 96102
101 24569
102 07738
103 28850
104 17813
105 76623
106 78460
107 89298
108 50732
109 66398
110 67407
111 26482
112 45374
113 49081
114 80941
115 04800
116 93893
117 61153
118 52708
119 70347
120 25459
