001 20318
002 02144
003 07475
004 83862
005 06644
006 02123
007 87455
008 62149
009 06963
010 15392
011 10002
012 29615
013 28070
014 57372
015 14533
016 18872
017 10037
018 92185
019 77206
020 77395
021 12554
022 50147
023 62460
024 98293
025 08520
026 84056
027 91191
028 71840
029 64571
030 24212
031 58404
032 40444
033 54284
034 97352
035 76220
036 66534
037 04716
038 41971
039 76089
040 34638
041 53654
042 23436
043 86348
044 04521
045 62716
046 75955
047 99695
048 12314
049 29817
050 03529
051 08790
052 44436
053 10533
054 65108
055 05829
056 67655
057 49953
058 73535
059 32125
060 25650
061 99506
062 06056
063 57842
064 50577
065 86177
066 87367
067 01814
068 45120
069 16077
070 37589
071 18691
072 43705
073 46034
074 40364
075 06588
076 36919
077 39752
078 36416
079 52292
080 20634
081 14007
082 57281
083 53524
084 60375
085 -
086 -
087 -
088 -
089 -
090 -
091 -
092 -
093 -
094 -
095 -
096 -
097 -
098 -
099 -
100 -
101 -
102 -
103 -
104 -
105 -
106 -
107 -
108 -
109 -
110 -
111 -
112 -
113 -
114 -
115 -
116 -
117 -
118 -
119 -
120 -
