001 23236
002 73705
003 28927
004 40472
005 55397
006 43132
007 97320
008 03288
009 91079
010 18165
011 94943
012 44805
013 00523
014 30613
015 66517
016 40895
017 52805
018 58199
019 79029
020 41955
021 77540
022 24257
023 92629
024 12864
025 09587
026 11049
027 99124
028 10761
029 32429
030 15561
031 96592
032 34858
033 99524
034 97946
035 78528
036 95333
037 88520
038 69994
039 15740
040 66545
041 86951
042 49898
043 08502
044 20745
045 49371
046 97940
047 40659
048 58179
049 60786
050 13411
051 42160
052 43958
053 89056
054 75343
055 73004
056 42847
057 48058
058 24783
059 43126
060 27613
061 60064
062 26118
063 42603
064 11435
065 37230
066 58808
067 11963
068 51243
069 28151
070 28632
071 98770
072 63618
073 82076
074 78680
075 85891
076 26015
077 68999
078 55718
079 50369
080 07016
081 92205
082 92868
083 66108
084 70770
085 39517
086 49888
087 16270
088 34916
089 40239
090 25121
091 63433
092 42579
093 76016
094 27434
095 28457
096 62575
097 14461
098 28698
099 60523
100 39957
101 68003
102 57876
103 40492
104 77645
105 81193
106 80057
107 57556
108 06874
109 20795
110 00208
111 84844
112 00714
113 88452
114 82941
115 06294
116 67718
117 86760
118 70603
119 10579
120 05183
