001 97143
002 47175
003 87386
004 20698
005 06576
006 48144
007 58315
008 08087
009 80039
010 13725
011 37538
012 25903
013 54136
014 63842
015 29910
016 53804
017 49735
018 51713
019 68863
020 32854
021 95684
022 18206
023 99087
024 56123
025 69540
026 63860
027 42992
028 71959
029 98281
030 63909
031 25705
032 88820
033 30352
034 29065
035 21468
036 61444
037 84607
038 89246
039 14168
040 98877
041 84180
042 35648
043 47868
044 16057
045 91267
046 05105
047 37060
048 48577
049 95591
050 26435
051 74206
052 50531
053 45037
054 66700
055 06328
056 44821
057 97307
058 61812
059 82994
060 64482
061 26611
062 66128
063 32633
064 46271
065 82258
066 05605
067 78307
068 79432
069 83619
070 56563
071 38301
072 24794
073 21907
074 49199
075 51498
076 13494
077 93681
078 70437
079 34853
080 01671
081 93729
082 33034
083 68462
084 97856
085 12507
086 68322
087 10822
088 28306
089 25883
090 94321
091 68165
092 02585
093 15099
094 73183
095 56497
096 59502
097 14340
098 47979
099 98334
100 84728
101 86790
102 62085
103 50275
104 95479
105 34166
106 53419
107 87828
108 87204
109 90708
110 76828
111 23317
112 14357
113 97744
114 33179
115 26073
116 81309
117 40476
118 77143
119 42878
120 25098
