001 77367
002 03003
003 21147
004 42634
005 42439
006 60634
007 04553
008 50657
009 78951
010 38554
011 35767
012 31290
013 30536
014 46409
015 32274
016 26554
017 71007
018 84187
019 96121
020 17184
021 87103
022 59228
023 -
024 66653
025 -
026 23697
027 81253
028 87720
029 90205
030 86459
031 82016
032 23314
033 91321
034 23348
035 11121
036 91675
037 88961
038 76381
039 33059
040 10793
041 03729
042 25027
043 39858
044 56193
045 34603
046 81090
047 78026
048 51100
049 19495
050 15854
051 75433
052 83575
053 77352
054 08271
055 59764
056 65507
057 75636
058 32386
059 18700
060 03822
061 44299
062 18228
063 63935
064 20190
065 17356
066 00025
067 68792
068 49063
069 09153
070 62575
071 52846
072 32530
073 76005
074 30913
075 06319
076 28902
077 04004
078 51430
079 37123
080 58962
081 37185
082 74565
083 96429
084 77483
085 50175
086 43557
087 78922
088 41443
089 69146
090 65809
091 15501
092 70650
093 95969
094 61352
095 80947
096 22784
097 51657
098 02591
099 45195
100 23704
101 81673
102 81663
103 83067
104 57543
105 52979
106 92617
107 80550
108 00049
109 83288
110 78540
111 59492
112 62761
113 03148
114 08532
115 18189
116 92413
117 02721
118 61254
119 18647
120 47443
