001 23587
002 06211
003 50113
004 33729
005 65356
006 38892
007 56762
008 01675
009 30321
010 63720
011 71646
012 15374
013 86406
014 95708
015 52937
016 21602
017 50590
018 43511
019 73743
020 32022
021 21559
022 94430
023 91879
024 96510
025 79829
026 44298
027 02174
028 86600
029 85796
030 84290
031 83476
032 81445
033 08235
034 22037
035 74805
036 78502
037 08637
038 45098
039 88373
040 57119
041 44272
042 61503
043 15424
044 33723
045 37871
046 64216
047 04486
048 98549
049 74127
050 26538
051 04936
052 19149
053 16656
054 91283
055 77552
056 52208
057 06027
058 59354
059 54726
060 68566
061 39021
062 62781
063 72065
064 33674
065 24587
066 97698
067 67934
068 17446
069 51606
070 02046
071 07575
072 31564
073 54153
074 51416
075 16211
076 35554
077 62864
078 58246
079 02017
080 89243
081 33067
082 36582
083 48892
084 98476
085 23167
086 79287
087 74506
088 27415
089 86748
090 80453
091 86922
092 86432
093 54938
094 11136
095 77056
096 41650
097 23731
098 29263
099 57937
100 01607
101 37274
102 45053
103 54224
104 10367
105 28819
106 42242
107 74876
108 98057
109 19012
110 24814
111 00627
112 48471
113 44345
114 15933
115 73773
116 54393
117 69703
118 83969
119 44708
120 65791
