001 51194
002 12677
003 52064
004 02097
005 65165
006 00050
007 89714
008 86396
009 49843
010 77638
011 60392
012 40606
013 34922
014 12840
015 20171
016 06252
017 25088
018 39464
019 55180
020 88440
021 43865
022 25741
023 04417
024 00454
025 31230
026 35181
027 41904
028 48179
029 18149
030 77883
031 24271
032 54308
033 35417
034 06326
035 73038
036 79848
037 84075
038 89652
039 58408
040 16734
041 95548
042 87221
043 39445
044 66735
045 36165
046 80863
047 35245
048 57407
049 42348
050 88224
051 21634
052 25271
053 47026
054 26676
055 25923
056 75714
057 42902
058 96132
059 98859
060 64269
061 57201
062 81646
063 13494
064 75663
065 26898
066 83000
067 30052
068 23853
069 67312
070 70447
071 49834
072 60222
073 21217
074 40883
075 92468
076 88540
077 93636
078 67011
079 83623
080 59897
081 99782
082 23457
083 41046
084 78708
085 38535
086 44617
087 65619
088 54318
089 45759
090 22187
091 36531
092 73628
093 86100
094 49491
095 12424
096 83031
097 83528
098 96027
099 81928
100 00656
101 76552
102 90781
103 16500
104 58519
105 31307
106 07975
107 68243
108 74320
109 52466
110 45041
111 38224
112 63257
113 67741
114 25351
115 37130
116 82178
117 88580
118 06504
119 24106
120 42932
