001 31162
002 65904
003 10764
004 68039
005 05167
006 36897
007 62177
008 11228
009 78942
010 30388
011 96710
012 75837
013 95519
014 47840
015 60234
016 64727
017 00969
018 89868
019 68546
020 48662
021 30452
022 12087
023 83711
024 16792
025 68184
026 26038
027 42138
028 66178
029 92682
030 52964
031 46493
032 14169
033 23565
034 43436
035 09699
036 49490
037 93178
038 57622
039 10825
040 77331
041 59559
042 11570
043 24522
044 93886
045 15144
046 01084
047 86656
048 99403
049 02007
050 10616
051 64224
052 70566
053 87215
054 22249
055 73663
056 01919
057 98401
058 57295
059 53110
060 27961
061 88984
062 81470
063 40194
064 87357
065 86892
066 18816
067 95117
068 98521
069 75069
070 77960
071 21479
072 63523
073 44213
074 06647
075 61638
076 68655
077 92075
078 85668
079 06300
080 57638
081 67251
082 55522
083 86189
084 17258
085 59690
086 40979
087 58767
088 08706
089 93720
090 37765
091 53258
092 16549
093 41268
094 53551
095 43195
096 06356
097 04011
098 24193
099 16734
100 67759
101 44975
102 35561
103 74742
104 76565
105 13156
106 79831
107 27043
108 56741
109 55619
110 68851
111 49344
112 43794
113 41007
114 96761
115 10282
116 03503
117 24698
118 84496
119 60020
120 61845
