001 54768
002 69243
003 04831
004 98651
005 19709
006 91374
007 34770
008 97148
009 74391
010 48122
011 14298
012 76300
013 66118
014 48414
015 85206
016 85595
017 29694
018 39944
019 05239
020 70025
021 28224
022 70583
023 80268
024 89486
025 08013
026 65738
027 60142
028 74972
029 40765
030 78121
031 06154
032 40545
033 45765
034 29245
035 62043
036 62969
037 42880
038 11534
039 42861
040 12528
041 87346
042 64324
043 01871
044 31244
045 40514
046 65444
047 88379
048 44370
049 74705
050 33296
051 80717
052 90568
053 92235
054 63771
055 65719
056 36159
057 62868
058 84944
059 31334
060 18226
061 12974
062 73709
063 68772
064 25470
065 46175
066 91656
067 62429
068 03960
069 12786
070 76836
071 07736
072 85927
073 45642
074 64597
075 36863
076 33275
077 06305
078 63890
079 35556
080 35044
081 31805
082 98239
083 35746
084 68646
085 92068
086 16666
087 19842
088 96880
089 72810
090 88086
091 06847
092 21438
093 61082
094 76224
095 80381
096 34444
097 29226
098 61515
099 25499
100 01635
101 33634
102 54675
103 36782
104 43890
105 05968
106 10195
107 50321
108 22994
109 95080
110 61153
111 18467
112 02170
113 11805
114 19388
115 83396
116 29468
117 80888
118 84386
119 91252
120 41107
