001 01051
002 28369
003 92704
004 42200
005 25331
006 70496
007 55304
008 11067
009 25606
010 38229
011 01506
012 66790
013 63414
014 86720
015 02901
016 91450
017 06194
018 83544
019 81239
020 65742
021 87361
022 72580
023 56767
024 72393
025 15417
026 41915
027 96483
028 77395
029 62693
030 62907
031 74218
032 63879
033 35159
034 43256
035 05527
036 85749
037 14329
038 42749
039 81115
040 77073
041 32219
042 54004
043 72516
044 68694
045 82256
046 25590
047 02207
048 31558
049 48929
050 70205
051 15866
052 21058
053 28286
054 19992
055 65424
056 71022
057 37633
058 15490
059 11621
060 73098
061 43046
062 69755
063 11825
064 52544
065 82052
066 31535
067 22360
068 28819
069 97607
070 75572
071 56832
072 88781
073 05497
074 28165
075 61578
076 52381
077 69705
078 65524
079 63585
080 21147
081 93617
082 52186
083 65559
084 41722
085 29723
086 89876
087 74779
088 39840
089 41305
090 59037
091 44483
092 37711
093 43581
094 73111
095 26492
096 71666
097 86468
098 48832
099 98582
100 00192
101 09098
102 14193
103 93737
104 50106
105 81729
106 22532
107 27452
108 51374
109 11808
110 88049
111 19377
112 10674
113 28418
114 06342
115 42361
116 24901
117 00036
118 19641
119 09089
120 25986
