001 16425
002 68720
003 70074
004 67715
005 99722
006 43266
007 10464
008 28683
009 33650
010 27074
011 80257
012 98359
013 97861
014 97703
015 06642
016 31372
017 49258
018 33372
019 09451
020 00389
021 34729
022 06908
023 87402
024 62144
025 76531
026 73947
027 17319
028 05857
029 03691
030 19647
031 44994
032 16909
033 57479
034 70655
035 77372
036 65139
037 96472
038 30400
039 22204
040 13737
041 40698
042 40186
043 40356
044 53173
045 39645
046 48368
047 36139
048 04389
049 11028
050 01940
051 28735
052 89254
053 34500
054 06091
055 66991
056 38678
057 82581
058 47332
059 93639
060 69126
061 36256
062 32814
063 81697
064 97351
065 83732
066 73263
067 56804
068 21786
069 77089
070 06557
071 98884
072 47380
073 12726
074 38101
075 49931
076 86732
077 21730
078 84996
079 57133
080 59581
081 43215
082 54755
083 66001
084 31036
085 89201
086 13525
087 27847
088 64815
089 60796
090 19807
091 35723
092 28533
093 35314
094 89910
095 03921
096 36869
097 19606
098 06631
099 79975
100 07799
101 11363
102 93751
103 40700
104 06047
105 65603
106 72680
107 45350
108 88269
109 38845
110 09371
111 72042
112 98313
113 94959
114 93096
115 31937
116 90684
117 37969
118 54808
119 41500
120 75875
