001 00054
002 28736
003 78337
004 12244
005 03029
006 55853
007 44377
008 43273
009 19731
010 14410
011 25816
012 20866
013 16280
014 52679
015 25245
016 79840
017 10501
018 78998
019 20198
020 00509
021 95056
022 87234
023 96088
024 34497
025 51402
026 09136
027 93208
028 41384
029 19308
030 85090
031 70882
032 29908
033 84125
034 11058
035 75642
036 55718
037 83783
038 51776
039 88217
040 49570
041 70477
042 22532
043 53404
044 52902
045 48735
046 10563
047 52433
048 34650
049 84791
050 57614
051 52129
052 50919
053 92688
054 14167
055 22235
056 12647
057 34735
058 21678
059 65294
060 14182
061 46007
062 91755
063 45401
064 75565
065 23860
066 88380
067 23484
068 46836
069 83934
070 56626
071 40606
072 05628
073 81710
074 91415
075 81375
076 79066
077 54533
078 72751
079 77232
080 06667
081 33144
082 05457
083 15032
084 48813
085 79337
086 55444
087 79784
088 26930
089 00359
090 76310
091 09415
092 38406
093 26372
094 61093
095 73650
096 36306
097 21204
098 05800
099 22348
100 45114
101 70757
102 11104
103 41658
104 44895
105 25624
106 97354
107 16898
108 68484
109 39041
110 37006
111 60152
112 05865
113 12442
114 26133
115 42676
116 63351
117 88907
118 34250
119 -
120 -
