001 82329
002 57786
003 80874
004 95013
005 73765
006 40703
007 91637
008 67438
009 38178
010 07126
011 63737
012 05735
013 27002
014 76109
015 67516
016 83612
017 50448
018 79214
019 71811
020 54123
021 02090
022 11803
023 28254
024 67016
025 05018
026 34684
027 37589
028 06674
029 58706
030 06539
031 71237
032 55981
033 16424
034 24643
035 42557
036 55398
037 67747
038 10986
039 09328
040 02206
041 77715
042 60084
043 45904
044 55721
045 66799
046 43138
047 33034
048 50942
049 99550
050 92738
051 41794
052 17464
053 44631
054 70444
055 58104
056 72726
057 53613
058 89323
059 35103
060 76050
061 93398
062 71049
063 64943
064 99925
065 57241
066 77050
067 96182
068 20247
069 11977
070 23783
071 89608
072 51408
073 63982
074 82590
075 24726
076 12809
077 59739
078 85869
079 66611
080 44611
081 61020
082 51225
083 26331
084 94604
085 05750
086 41425
087 73668
088 28214
089 87419
090 84472
091 07461
092 34482
093 74872
094 70981
095 55556
096 70954
097 30589
098 70440
099 00428
100 45074
101 58908
102 75318
103 30397
104 09704
105 69395
106 99995
107 32196
108 81004
109 04953
110 39854
111 37862
112 83052
113 05970
114 80555
115 30489
116 95066
117 13942
118 02697
119 15486
120 25644
