001 60782
002 90306
003 70821
004 25872
005 59703
006 78923
007 65039
008 39548
009 43796
010 46099
011 31483
012 68144
013 52625
014 77650
015 72819
016 33130
017 00842
018 62065
019 40293
020 49522
021 06451
022 41925
023 64706
024 29899
025 51651
026 14602
027 12662
028 89748
029 41899
030 70388
031 34433
032 17681
033 09263
034 39822
035 71438
036 58678
037 34839
038 17488
039 37987
040 70933
041 69390
042 77843
043 09957
044 48375
045 87831
046 52363
047 56034
048 00086
049 08010
050 90082
051 56207
052 12830
053 75079
054 80841
055 69952
056 22891
057 20231
058 07384
059 94797
060 23789
061 87819
062 70171
063 94645
064 57026
065 23725
066 54194
067 07560
068 90118
069 40358
070 27662
071 46085
072 40718
073 86567
074 07201
075 01624
076 18381
077 41875
078 63145
079 21887
080 04592
081 22639
082 53287
083 87264
084 34130
085 07999
086 00804
087 52352
088 30369
089 94338
090 -
091 -
092 -
093 -
094 -
095 -
096 -
097 -
098 -
099 -
100 -
101 -
102 -
103 -
104 -
105 -
106 -
107 -
108 -
109 -
110 -
111 -
112 -
113 -
114 -
115 -
116 -
117 -
118 -
119 -
120 -
