001 79782
002 39179
003 33617
004 53772
005 35696
006 92275
007 48079
008 61488
009 19504
010 26140
011 60631
012 65260
013 18746
014 78136
015 62685
016 74210
017 55919
018 79087
019 31767
020 01180
021 62225
022 35523
023 64512
024 08819
025 29226
026 76119
027 97327
028 91249
029 35981
030 35390
031 48202
032 12154
033 38713
034 63564
035 71788
036 42783
037 49984
038 42189
039 62711
040 82099
041 35271
042 58223
043 85034
044 45300
045 25900
046 67167
047 54818
048 17692
049 78012
050 18332
051 58561
052 44198
053 27579
054 00914
055 02486
056 88389
057 70968
058 56373
059 31350
060 32726
061 60463
062 73547
063 02779
064 90810
065 00555
066 25001
067 14334
068 34088
069 48476
070 69455
071 93600
072 93132
073 91521
074 77202
075 62988
076 03107
077 61002
078 96215
079 04495
080 62638
081 84652
082 61066
083 84969
084 98121
085 80838
086 47366
087 48375
088 33867
089 06935
090 22175
091 40398
092 70333
093 04680
094 30704
095 54164
096 85471
097 14107
098 60194
099 94022
100 49115
101 80811
102 50078
103 72652
104 80464
105 52229
106 92523
107 03526
108 49391
109 60932
110 08005
111 26079
112 53575
113 96970
114 97576
115 33046
116 26535
117 28031
118 79888
119 32110
120 54460
