001 62407
002 54522
003 47483
004 92276
005 45370
006 91349
007 24395
008 10774
009 33283
010 12124
011 99749
012 28889
013 45336
014 76542
015 75055
016 30901
017 24426
018 82757
019 78382
020 18659
021 36243
022 78291
023 35343
024 58355
025 59365
026 01509
027 14657
028 15232
029 47410
030 00233
031 48717
032 00388
033 91405
034 20127
035 44321
036 37216
037 87026
038 94754
039 26924
040 24491
041 57784
042 77960
043 68839
044 59648
045 07318
046 38032
047 46259
048 90946
049 10503
050 79703
051 45156
052 13299
053 61373
054 77038
055 23367
056 95789
057 55773
058 40263
059 86404
060 44102
061 90047
062 21312
063 07986
064 33200
065 42128
066 56694
067 92690
068 38591
069 06532
070 10633
071 68619
072 74802
073 94121
074 10359
075 75395
076 05331
077 71068
078 68554
079 60416
080 12702
081 75285
082 02790
083 25374
084 87082
085 09076
086 51246
087 57836
088 26527
089 89988
090 52116
091 03499
092 62312
093 85855
094 37534
095 89779
096 05452
097 32892
098 83160
099 72159
100 90530
101 27259
102 26399
103 20677
104 19999
105 92827
106 35894
107 97090
108 49723
109 15546
110 28632
111 21828
112 15161
113 56857
114 81284
115 89247
116 03667
117 53605
118 69159
119 30018
120 13775
