001 63265
002 93287
003 36309
004 72391
005 14215
006 97986
007 84344
008 80553
009 14766
010 83562
011 91622
012 92170
013 89288
014 35536
015 82341
016 42909
017 47189
018 99724
019 08057
020 31913
021 02778
022 96754
023 74049
024 10118
025 51190
026 21799
027 85659
028 38589
029 58018
030 48715
031 76711
032 48065
033 73782
034 18369
035 14293
036 77237
037 35424
038 53180
039 50843
040 25150
041 77113
042 01354
043 96958
044 95215
045 17249
046 68892
047 21682
048 38111
049 63854
050 61864
051 61434
052 47037
053 46780
054 02800
055 77317
056 69998
057 80265
058 73648
059 72799
060 24697
061 82274
062 10762
063 94608
064 75397
065 00621
066 93805
067 54432
068 80986
069 77364
070 63188
071 61965
072 43792
073 06166
074 60217
075 20521
076 15223
077 55155
078 51106
079 98354
080 20913
081 65443
082 69329
083 91728
084 49924
085 28903
086 05515
087 69682
088 52052
089 35522
090 10981
091 86062
092 76974
093 59551
094 07433
095 76642
096 72919
097 60278
098 91531
099 26918
100 14153
101 81526
102 70144
103 12607
104 39200
105 89221
106 29014
107 11455
108 03209
109 11359
110 31937
111 47120
112 68820
113 56298
114 30723
115 15597
116 13856
117 39336
118 49850
119 73573
120 10928
