001 18834
002 19558
003 51965
004 85642
005 77135
006 72143
007 01568
008 52471
009 05888
010 49162
011 60390
012 29940
013 95468
014 25830
015 77170
016 64250
017 81565
018 35590
019 48616
020 57012
021 81861
022 17928
023 88825
024 59359
025 43303
026 55544
027 42138
028 14374
029 96094
030 62363
031 15195
032 44868
033 34767
034 22837
035 22990
036 76392
037 24039
038 77052
039 06361
040 50215
041 56901
042 95588
043 15921
044 76989
045 71552
046 13114
047 44424
048 48700
049 97478
050 65942
051 79545
052 22688
053 83127
054 58832
055 15230
056 15178
057 28446
058 24532
059 90338
060 06125
061 58676
062 74798
063 71530
064 31647
065 65373
066 34607
067 98357
068 78607
069 97645
070 86639
071 87404
072 65987
073 68002
074 80466
075 31520
076 26669
077 60602
078 28668
079 59487
080 18990
081 48794
082 33698
083 80164
084 79199
085 27238
086 26418
087 36615
088 00607
089 63146
090 77432
091 56078
092 33870
093 20035
094 08402
095 26525
096 95967
097 41347
098 63537
099 22181
100 56466
101 85867
102 18481
103 73327
104 60555
105 43513
106 28227
107 43223
108 98431
109 60871
110 04254
111 21189
112 01008
113 10995
114 28016
115 84879
116 02776
117 21608
118 37083
119 48771
120 54033
