001 78198
002 47153
003 78162
004 71293
005 11063
006 92959
007 91555
008 56525
009 12625
010 85773
011 76255
012 45898
013 21904
014 53029
015 76340
016 63978
017 53498
018 34476
019 81812
020 64316
021 36153
022 70425
023 87741
024 71826
025 19928
026 68704
027 38009
028 06199
029 36340
030 85202
031 46126
032 53302
033 57928
034 99386
035 58714
036 57526
037 26113
038 11012
039 16215
040 70124
041 67343
042 76984
043 22968
044 65794
045 77373
046 34785
047 44293
048 51863
049 07843
050 51479
051 59433
052 10120
053 26774
054 09856
055 40542
056 48591
057 72249
058 78944
059 40041
060 66882
061 03612
062 14687
063 18263
064 65518
065 97868
066 14616
067 08746
068 72691
069 53919
070 51248
071 45416
072 57097
073 87730
074 80267
075 51400
076 63054
077 83995
078 03820
079 24006
080 04263
081 40506
082 56620
083 53069
084 38359
085 92186
086 92053
087 42551
088 63710
089 52202
090 89755
091 10030
092 21606
093 26472
094 89598
095 26414
096 63378
097 66773
098 52518
099 57539
100 03426
101 05895
102 05544
103 53202
104 12160
105 56595
106 67998
107 71797
108 84940
109 28061
110 68404
111 81180
112 93388
113 87121
114 74674
115 43444
116 17411
117 01714
118 64605
119 -
120 -
