001 19932
002 99214
003 87750
004 05396
005 25351
006 69048
007 33970
008 14346
009 19866
010 37273
011 31185
012 10913
013 72830
014 54032
015 64067
016 05900
017 15989
018 74367
019 04163
020 49588
021 90619
022 64324
023 62399
024 74428
025 11031
026 69944
027 91237
028 01376
029 93380
030 44446
031 98425
032 52916
033 63689
034 56372
035 09660
036 27681
037 45531
038 86100
039 86950
040 78037
041 11106
042 07702
043 36098
044 04965
045 45816
046 09824
047 32354
048 89642
049 24139
050 83284
051 49715
052 07951
053 99645
054 27232
055 01695
056 71159
057 79713
058 13859
059 85551
060 81771
061 92136
062 93133
063 44842
064 40772
065 07047
066 09770
067 43642
068 34111
069 65718
070 62306
071 01981
072 58365
073 35455
074 67052
075 07258
076 71661
077 67918
078 88951
079 27558
080 04911
081 35320
082 40718
083 22904
084 32041
085 05530
086 34940
087 15848
088 71307
089 44083
090 98031
091 42669
092 23966
093 61494
094 20052
095 75880
096 14129
097 19934
098 52400
099 35353
100 36118
101 22165
102 54482
103 64182
104 09915
105 66582
106 55844
107 18341
108 64580
109 27453
110 81908
111 28967
112 60617
113 27942
114 29624
115 60694
116 75702
117 15575
118 02922
119 14968
120 31073
