001 41259
002 64339
003 07540
004 68494
005 79819
006 75037
007 32062
008 58986
009 54787
010 04991
011 07825
012 13730
013 25058
014 72580
015 35141
016 61938
017 90883
018 81295
019 02057
020 68727
021 33470
022 11949
023 89572
024 95598
025 44384
026 74735
027 27590
028 31070
029 73253
030 37777
031 31423
032 55427
033 26928
034 02967
035 54314
036 76928
037 48095
038 46886
039 64237
040 21117
041 32457
042 60204
043 51194
044 09997
045 51790
046 88875
047 83308
048 32624
049 97919
050 20916
051 68311
052 95755
053 64915
054 41967
055 90100
056 67122
057 80212
058 07868
059 18963
060 24902
061 52498
062 98836
063 57069
064 05219
065 45333
066 59022
067 00456
068 50488
069 77952
070 78059
071 36731
072 55338
073 41925
074 51891
075 96443
076 88967
077 19006
078 41811
079 31557
080 15101
081 64027
082 41857
083 53008
084 62079
085 82203
086 09252
087 65945
088 16828
089 01842
090 13573
091 22818
092 24941
093 83991
094 84728
095 07269
096 47451
097 90254
098 36317
099 49059
100 06012
101 08300
102 04340
103 21208
104 94905
105 95285
106 17549
107 70816
108 99315
109 39623
110 06815
111 63959
112 56000
113 37184
114 66038
115 44614
116 11174
117 35997
118 12721
119 72629
120 64033
