001 74323
002 76724
003 87630
004 45186
005 99315
006 59845
007 44371
008 96387
009 56721
010 06989
011 05355
012 61847
013 35459
014 03335
015 96599
016 41139
017 17406
018 65533
019 20094
020 11245
021 04059
022 10906
023 15108
024 66403
025 79141
026 16896
027 21024
028 38806
029 75239
030 49481
031 41690
032 21822
033 82843
034 06807
035 84871
036 31035
037 10905
038 32426
039 07024
040 78402
041 53058
042 00333
043 89709
044 73917
045 13649
046 17842
047 90207
048 19687
049 56029
050 89718
051 10063
052 33305
053 33705
054 94930
055 62983
056 60781
057 80782
058 10473
059 31805
060 28679
061 03729
062 46209
063 26057
064 33113
065 31111
066 43410
067 67698
068 82611
069 89032
070 72798
071 90624
072 20365
073 31973
074 16252
075 99955
076 00841
077 50345
078 19333
079 00830
080 30095
081 50510
082 81308
083 78527
084 22864
085 59171
086 17482
087 99677
088 81594
089 32151
090 37502
091 34235
092 84300
093 12833
094 76970
095 29618
096 68921
097 52322
098 19945
099 30021
100 77401
101 46503
102 72723
103 71665
104 97972
105 76518
106 72771
107 70387
108 56973
109 26449
110 12418
111 80938
112 14623
113 40939
114 04098
115 34462
116 90445
117 83554
118 99331
119 15735
120 04793
