001 21968
002 92488
003 90303
004 77381
005 86700
006 50905
007 25277
008 81979
009 88614
010 14996
011 89194
012 77402
013 13698
014 13219
015 36831
016 96429
017 20373
018 33960
019 66409
020 72986
021 38664
022 85175
023 32608
024 93625
025 12873
026 60641
027 95364
028 76237
029 87103
030 39620
031 92866
032 76870
033 67874
034 97010
035 13318
036 70317
037 42586
038 70575
039 96544
040 14432
041 54288
042 19095
043 16028
044 81687
045 99734
046 05416
047 32949
048 50230
049 47198
050 31735
051 05599
052 72375
053 85334
054 57773
055 54861
056 84747
057 54258
058 34159
059 85967
060 02819
061 69426
062 35245
063 61762
064 75035
065 07750
066 75192
067 56526
068 75030
069 31968
070 20932
071 70516
072 45444
073 40543
074 86256
075 54768
076 44641
077 29913
078 76467
079 57439
080 63565
081 45010
082 50263
083 69370
084 12213
085 81063
086 93936
087 18064
088 03574
089 34763
090 45217
091 07201
092 41302
093 67386
094 78181
095 41046
096 24027
097 06947
098 56427
099 51402
100 70955
101 09712
102 43610
103 56735
104 52691
105 81373
106 67353
107 57631
108 14853
109 51453
110 60378
111 37618
112 70675
113 01132
114 54707
115 86348
116 95332
117 13048
118 98071
119 38251
120 82415
