001 61078
002 33679
003 35267
004 72924
005 61815
006 63983
007 75094
008 57008
009 27551
010 02979
011 86515
012 14271
013 95825
014 84418
015 83221
016 24597
017 41835
018 16913
019 71391
020 19272
021 41630
022 32815
023 52420
024 97926
025 67807
026 32810
027 16358
028 11400
029 78151
030 77144
031 80589
032 90390
033 06422
034 88386
035 22485
036 33625
037 39773
038 48877
039 08604
040 71338
041 81128
042 01743
043 63221
044 95298
045 49965
046 85196
047 89544
048 85899
049 07861
050 49633
051 62557
052 43577
053 94912
054 79602
055 48970
056 80505
057 58359
058 92556
059 15297
060 84428
061 82169
062 98513
063 37118
064 20386
065 52668
066 58363
067 53611
068 48723
069 22665
070 67927
071 55450
072 54053
073 93831
074 34742
075 15695
076 18563
077 34548
078 50940
079 89913
080 83207
081 61466
082 14931
083 01149
084 97073
085 07581
086 43427
087 05701
088 81906
089 36847
090 99622
091 33810
092 47532
093 66308
094 07625
095 26998
096 68959
097 00099
098 64498
099 98884
100 41494
101 29325
102 28032
103 75510
104 41829
105 44761
106 75523
107 81922
108 37034
109 48115
110 87466
111 43043
112 94008
113 38291
114 80119
115 25327
116 11621
117 30523
118 13760
119 92429
120 61830
