001 25516
002 76993
003 73042
004 31610
005 17766
006 74096
007 60176
008 74711
009 41120
010 82542
011 73729
012 22485
013 11826
014 99654
015 95791
016 54805
017 60588
018 58369
019 04096
020 62267
021 77910
022 19404
023 74890
024 85171
025 08898
026 66217
027 13593
028 58550
029 62867
030 15705
031 12133
032 13917
033 65028
034 90240
035 06922
036 01713
037 35097
038 49665
039 50763
040 49761
041 86607
042 97294
043 40424
044 98078
045 14730
046 57334
047 06736
048 86845
049 93397
050 16403
051 34688
052 16874
053 24002
054 48585
055 55448
056 05016
057 31958
058 44820
059 78272
060 75979
061 98033
062 22596
063 97162
064 14193
065 37858
066 21387
067 64215
068 66494
069 28077
070 74817
071 11729
072 72348
073 88116
074 13252
075 03480
076 90186
077 15729
078 00083
079 16604
080 39439
081 88428
082 22121
083 22209
084 49564
085 34342
086 41879
087 82686
088 80229
089 98893
090 65117
091 74878
092 60894
093 33224
094 28397
095 42883
096 04754
097 30045
098 66166
099 63497
100 -
101 -
102 -
103 -
104 -
105 -
106 -
107 -
108 -
109 -
110 -
111 -
112 -
113 -
114 -
115 -
116 -
117 -
118 -
119 -
120 -
