001 35166
002 81100
003 01038
004 44684
005 48368
006 78077
007 68670
008 15981
009 51268
010 56391
011 23574
012 92945
013 08738
014 65300
015 32416
016 87163
017 99072
018 53015
019 99520
020 92920
021 29005
022 94290
023 16487
024 27411
025 59598
026 20901
027 10203
028 65633
029 10648
030 06688
031 97468
032 81948
033 36495
034 86234
035 33393
036 07913
037 25430
038 23345
039 12453
040 30038
041 99212
042 51727
043 04612
044 80053
045 27483
046 99840
047 73308
048 03096
049 83258
050 21612
051 21582
052 00739
053 68802
054 30600
055 70857
056 67911
057 54190
058 20496
059 06543
060 52988
061 43939
062 86900
063 79346
064 79442
065 74371
066 18751
067 94286
068 60959
069 71255
070 28149
071 93161
072 06856
073 34604
074 99952
075 13602
076 24277
077 29508
078 92606
079 62675
080 04160
081 94276
082 90451
083 74534
084 43203
085 14853
086 40818
087 84486
088 54846
089 71714
090 66155
091 03962
092 04328
093 56848
094 24262
095 75414
096 54375
097 50639
098 00031
099 45919
100 56920
101 44621
102 31187
103 17968
104 -
105 -
106 -
107 -
108 -
109 -
110 -
111 -
112 -
113 -
114 -
115 -
116 -
117 -
118 -
119 -
120 -
