001 67721
002 23318
003 25113
004 73740
005 80479
006 74709
007 24159
008 70550
009 46241
010 00263
011 49685
012 54244
013 12435
014 85130
015 22599
016 51416
017 74891
018 99952
019 60545
020 29866
021 99930
022 91792
023 62377
024 59653
025 39633
026 58645
027 66643
028 84263
029 85364
030 62713
031 75885
032 48938
033 78339
034 63815
035 62807
036 73396
037 25226
038 12316
039 56891
040 38603
041 43261
042 03981
043 32839
044 83231
045 09564
046 00265
047 12870
048 45598
049 08779
050 30649
051 17706
052 32946
053 88630
054 67529
055 35408
056 81959
057 90403
058 09102
059 50706
060 46441
061 65583
062 71240
063 19293
064 75304
065 38264
066 34756
067 18946
068 51043
069 58023
070 31954
071 16351
072 14558
073 12781
074 39998
075 75121
076 72506
077 82636
078 66460
079 06124
080 68618
081 93753
082 11903
083 62176
084 03195
085 92915
086 81834
087 61148
088 12367
089 82823
090 36426
091 69402
092 36761
093 79456
094 81320
095 62057
096 50161
097 98153
098 02575
099 63238
100 27162
101 15773
102 36496
103 33544
104 75858
105 16695
106 57094
107 79469
108 22653
109 70061
110 75282
111 87013
112 67558
113 51761
114 20808
115 56122
116 82955
117 04490
118 26854
119 99797
120 80445
