001 64124
002 05618
003 01668
004 12967
005 65654
006 66249
007 47699
008 08696
009 27328
010 24084
011 48290
012 85664
013 53949
014 81653
015 70339
016 00405
017 15188
018 40030
019 99771
020 67361
021 50228
022 94754
023 54516
024 09666
025 87955
026 78684
027 08516
028 72974
029 98115
030 27482
031 06863
032 02338
033 17420
034 24542
035 93457
036 73546
037 03846
038 14268
039 94215
040 16255
041 46985
042 81640
043 07146
044 83426
045 36464
046 03784
047 90328
048 21005
049 89946
050 67312
051 44318
052 51648
053 03706
054 41201
055 02973
056 78542
057 52848
058 59861
059 12408
060 70510
061 33368
062 06444
063 95764
064 66749
065 53440
066 67029
067 43568
068 93045
069 45808
070 80450
071 17406
072 56531
073 20656
074 00554
075 81491
076 60572
077 84664
078 00887
079 02789
080 73151
081 42939
082 18659
083 24157
084 47086
085 22659
086 88732
087 13509
088 06303
089 51751
090 83177
091 00747
092 36182
093 66033
094 26870
095 03586
096 81501
097 27917
098 89030
099 17778
100 50189
101 18034
102 77187
103 64576
104 93064
105 50195
106 22406
107 64195
108 16482
109 71947
110 68845
111 50746
112 09075
113 21356
114 82273
115 35780
116 84196
117 05888
118 45058
119 93102
120 41908
