001 94238
002 07731
003 43292
004 60657
005 63184
006 70749
007 57896
008 05259
009 19064
010 49463
011 39304
012 74489
013 40146
014 89343
015 68482
016 15283
017 61941
018 58218
019 87718
020 32783
021 09777
022 20877
023 18228
024 10133
025 43756
026 55951
027 38155
028 22543
029 58210
030 89458
031 80185
032 05177
033 72162
034 73504
035 97693
036 43433
037 93688
038 28149
039 20585
040 01523
041 74324
042 74611
043 11632
044 86740
045 26720
046 17653
047 05646
048 64401
049 22867
050 54125
051 17989
052 81372
053 11423
054 57283
055 98922
056 99285
057 44450
058 27929
059 73312
060 88056
061 43233
062 83146
063 90475
064 54462
065 37587
066 00502
067 68111
068 52602
069 19218
070 49830
071 96421
072 35759
073 22229
074 62882
075 41172
076 08749
077 20853
078 62775
079 76965
080 87948
081 94982
082 80196
083 92912
084 49157
085 59286
086 56919
087 66928
088 62418
089 23396
090 67028
091 64519
092 27635
093 89584
094 30535
095 63934
096 55318
097 43750
098 04370
099 31835
100 60024
101 98980
102 11053
103 74067
104 73533
105 38760
106 47546
107 08348
108 27196
109 47007
110 93550
111 32425
112 37623
113 79671
114 45387
115 19326
116 13819
117 10748
118 14209
119 39543
120 -
