001 52323
002 89362
003 35096
004 61857
005 19747
006 01242
007 63729
008 21780
009 73945
010 86699
011 72501
012 64212
013 61201
014 57190
015 99642
016 03622
017 89997
018 80651
019 19122
020 21650
021 28861
022 37331
023 48146
024 51555
025 72568
026 27756
027 82653
028 18503
029 35306
030 37624
031 90632
032 41778
033 86141
034 75736
035 44874
036 90754
037 73288
038 88614
039 79630
040 50613
041 54044
042 07077
043 51315
044 31039
045 37481
046 15062
047 87120
048 80004
049 29278
050 96558
051 72728
052 02523
053 29770
054 03353
055 84461
056 09558
057 95894
058 94822
059 12652
060 92416
061 89248
062 04256
063 11972
064 50416
065 58427
066 17500
067 27536
068 03494
069 61688
070 92409
071 82270
072 18197
073 48482
074 99987
075 06635
076 10507
077 68392
078 55972
079 64046
080 85084
081 88244
082 59954
083 73435
084 94966
085 75573
086 16657
087 14861
088 49378
089 86313
090 88750
091 88264
092 86621
093 88617
094 85184
095 16271
096 83990
097 05937
098 96382
099 80366
100 46065
101 05658
102 60720
103 61490
104 77157
105 46273
106 18313
107 00329
108 90623
109 00224
110 60549
111 66790
112 83748
113 11734
114 13880
115 32785
116 28566
117 33048
118 15750
119 88224
120 78927
