001 69590
002 40919
003 99623
004 77253
005 28146
006 84827
007 58313
008 63273
009 18675
010 20537
011 42205
012 46718
013 69676
014 62250
015 78087
016 86101
017 07576
018 60971
019 52118
020 35376
021 29306
022 88326
023 85960
024 85704
025 33925
026 10152
027 48434
028 72351
029 77801
030 15355
031 07554
032 94798
033 61254
034 92830
035 52923
036 72847
037 71245
038 56040
039 88765
040 28519
041 20268
042 82455
043 37593
044 32171
045 67537
046 02099
047 70907
048 30819
049 60912
050 57907
051 06872
052 11949
053 77658
054 23952
055 39207
056 20563
057 59644
058 77948
059 95243
060 60442
061 11710
062 99260
063 84574
064 03846
065 43060
066 83623
067 20807
068 17470
069 33576
070 58875
071 45497
072 29871
073 30556
074 40388
075 98015
076 32477
077 27273
078 60661
079 38206
080 98708
081 30885
082 52231
083 32103
084 02845
085 72078
086 64297
087 16660
088 27861
089 37700
090 40071
091 80405
092 78956
093 01454
094 97591
095 92614
096 31566
097 64926
098 40754
099 02205
100 03475
101 55011
102 53060
103 33278
104 79679
105 60473
106 29574
107 65120
108 79982
109 81618
110 28276
111 63063
112 80621
113 73287
114 24165
115 32801
116 46054
117 00028
118 42320
119 79113
120 22111
