001 27251
002 13884
003 11550
004 53816
005 15272
006 24581
007 80502
008 38161
009 86479
010 36934
011 54874
012 54845
013 95472
014 61564
015 33556
016 85395
017 71795
018 05989
019 01086
020 18147
021 31353
022 27215
023 33419
024 73057
025 66620
026 27702
027 94587
028 72763
029 61339
030 25733
031 29081
032 32353
033 95390
034 26477
035 40964
036 94650
037 87084
038 37769
039 76731
040 53901
041 79532
042 75330
043 60858
044 89588
045 21808
046 21874
047 21208
048 66509
049 59712
050 13682
051 80792
052 59647
053 32363
054 40420
055 19845
056 97460
057 19693
058 67842
059 83441
060 01312
061 61651
062 84530
063 71816
064 84940
065 15241
066 79517
067 81327
068 50625
069 21757
070 80914
071 56066
072 57604
073 28553
074 28847
075 07869
076 10220
077 61850
078 74652
079 26615
080 63884
081 16471
082 41739
083 89462
084 94489
085 11699
086 26568
087 06796
088 39051
089 09165
090 43429
091 99216
092 96221
093 87748
094 87555
095 95810
096 45653
097 39586
098 02871
099 47168
100 37287
101 69690
102 81056
103 68185
104 19087
105 57376
106 63958
107 75662
108 78850
109 87305
110 71709
111 96620
112 62075
113 79757
114 15699
115 15325
116 16283
117 36569
118 00645
119 03553
120 -
