001 67544
002 66005
003 93379
004 98984
005 73738
006 99744
007 53703
008 08092
009 98834
010 55623
011 52024
012 69348
013 42282
014 98785
015 60069
016 62688
017 55939
018 47026
019 55736
020 13453
021 68019
022 70874
023 51286
024 74279
025 80146
026 63364
027 60867
028 22233
029 59247
030 01416
031 04791
032 81390
033 19100
034 53941
035 74039
036 85862
037 59336
038 20542
039 30462
040 99545
041 51704
042 41796
043 66267
044 83931
045 50810
046 25106
047 26654
048 39408
049 54207
050 16206
051 89302
052 33345
053 67356
054 61332
055 07258
056 31608
057 35493
058 45231
059 96565
060 06686
061 66368
062 06923
063 08115
064 17189
065 86605
066 05561
067 56741
068 72088
069 11068
070 77196
071 56772
072 52260
073 45479
074 93970
075 29385
076 75757
077 61000
078 09625
079 79676
080 23654
081 94969
082 45709
083 83749
084 20303
085 03208
086 05337
087 18253
088 64633
089 60168
090 42458
091 10043
092 69674
093 33893
094 20150
095 38460
096 78777
097 10937
098 06974
099 02541
100 33895
101 89406
102 51365
103 50642
104 84230
105 74455
106 99142
107 68813
108 33324
109 09420
110 03006
111 23136
112 72038
113 35445
114 06982
115 19780
116 09138
117 03312
118 44003
119 31547
120 -
