001 54379
002 39714
003 40486
004 55825
005 14040
006 77077
007 22495
008 56140
009 87904
010 05039
011 68421
012 51592
013 12027
014 60785
015 74048
016 16780
017 60048
018 54724
019 32281
020 98123
021 42734
022 83873
023 12734
024 56569
025 79535
026 38023
027 56162
028 81331
029 43583
030 98795
031 65822
032 84468
033 67328
034 67421
035 91652
036 18936
037 67286
038 89579
039 11888
040 16700
041 81172
042 68295
043 12327
044 92775
045 12221
046 37501
047 29980
048 07681
049 80972
050 17956
051 86386
052 29296
053 40563
054 47121
055 68093
056 31548
057 68995
058 26803
059 62718
060 59058
061 92669
062 73129
063 25596
064 58981
065 53792
066 14364
067 97179
068 90860
069 59592
070 49047
071 76799
072 04289
073 08706
074 59060
075 13709
076 55536
077 03469
078 45913
079 12376
080 53153
081 79848
082 90205
083 61740
084 86166
085 49808
086 49958
087 93573
088 46827
089 92666
090 37044
091 19066
092 49904
093 56544
094 11731
095 96992
096 45638
097 95063
098 48103
099 66969
100 70956
101 55004
102 96100
103 33261
104 24311
105 42533
106 54298
107 43553
108 64983
109 29915
110 92037
111 80232
112 59792
113 76795
114 99748
115 90973
116 33439
117 62679
118 87149
119 67959
120 18702
