001 83235
002 10811
003 42533
004 38210
005 83745
006 78537
007 79233
008 82687
009 13347
010 79473
011 12152
012 36046
013 80272
014 37250
015 07212
016 62937
017 03183
018 99958
019 53649
020 50276
021 62362
022 67667
023 49657
024 84464
025 46505
026 71157
027 39511
028 73152
029 01602
030 06324
031 06246
032 79708
033 76727
034 53103
035 90843
036 16300
037 42483
038 10607
039 84244
040 97629
041 33510
042 44049
043 47228
044 78219
045 24850
046 55827
047 17855
048 67194
049 91898
050 56284
051 51010
052 89949
053 29811
054 13815
055 18214
056 61759
057 49185
058 07626
059 22191
060 92607
061 85254
062 56121
063 71015
064 48456
065 65245
066 29493
067 13303
068 99933
069 69592
070 95660
071 81210
072 98226
073 34540
074 29374
075 31098
076 61968
077 31920
078 63781
079 00196
080 05329
081 78546
082 61697
083 45883
084 15088
085 21968
086 10422
087 36624
088 99731
089 96097
090 84358
091 91652
092 -
093 -
094 -
095 -
096 -
097 -
098 -
099 -
100 -
101 -
102 -
103 -
104 -
105 -
106 -
107 -
108 -
109 -
110 -
111 -
112 -
113 -
114 -
115 -
116 -
117 -
118 -
119 -
120 -
