001 69391
002 47342
003 10741
004 47293
005 94777
006 50168
007 81878
008 37835
009 28875
010 49894
011 23423
012 85657
013 31313
014 84738
015 85645
016 10784
017 91834
018 75448
019 37100
020 56827
021 09065
022 74402
023 29088
024 98856
025 78893
026 47137
027 48937
028 25201
029 37516
030 75611
031 02759
032 79048
033 88453
034 09124
035 46395
036 89027
037 08957
038 10977
039 63787
040 47027
041 11946
042 06182
043 22667
044 41463
045 64372
046 13763
047 34490
048 78892
049 92121
050 55010
051 85568
052 99800
053 19561
054 61039
055 11941
056 94513
057 26961
058 92758
059 35336
060 96264
061 30958
062 22268
063 94502
064 64045
065 96715
066 51391
067 69709
068 94663
069 84519
070 64306
071 05851
072 16629
073 73022
074 91090
075 72418
076 86800
077 91890
078 34504
079 86176
080 28846
081 33602
082 83849
083 26155
084 39166
085 07495
086 00338
087 50842
088 88194
089 79514
090 22135
091 83271
092 69043
093 32864
094 78648
095 74247
096 59273
097 77242
098 68709
099 55295
100 81270
101 65210
102 72840
103 02939
104 19771
105 28831
106 01158
107 20916
108 90827
109 71213
110 82139
111 38993
112 19247
113 68156
114 79682
115 75304
116 24492
117 08824
118 58955
119 94262
120 -
