001 79168
002 61058
003 43191
004 67179
005 43060
006 51268
007 22781
008 99133
009 99786
010 53693
011 65913
012 54785
013 42856
014 19858
015 80842
016 29819
017 22884
018 11703
019 46968
020 09577
021 48542
022 61123
023 34795
024 44111
025 96528
026 70427
027 06630
028 16778
029 36340
030 34640
031 62100
032 24584
033 99960
034 24759
035 44732
036 13875
037 04253
038 59703
039 02559
040 35364
041 74261
042 87719
043 32035
044 75380
045 37740
046 98619
047 25159
048 66899
049 25188
050 50509
051 69362
052 75178
053 03031
054 02780
055 09513
056 39499
057 01458
058 01611
059 28923
060 50963
061 55418
062 56644
063 79285
064 92535
065 31437
066 99434
067 40099
068 10278
069 27709
070 31309
071 56027
072 42260
073 40269
074 68323
075 97550
076 67997
077 25094
078 16505
079 49570
080 06202
081 75147
082 48853
083 58164
084 15261
085 63138
086 58903
087 37413
088 16001
089 74461
090 10759
091 05144
092 79106
093 98170
094 38526
095 98443
096 23756
097 42370
098 15967
099 22302
100 22941
101 21625
102 45612
103 34327
104 57600
105 45544
106 59797
107 35249
108 67437
109 29910
110 28499
111 10038
112 42345
113 08378
114 28965
115 79394
116 71716
117 92489
118 07584
119 64938
120 20041
