001 60752
002 82297
003 55907
004 33968
005 86757
006 55591
007 05336
008 40019
009 10987
010 59294
011 01638
012 45613
013 87597
014 11465
015 78565
016 82297
017 84712
018 40248
019 05023
020 80189
021 98219
022 00642
023 68748
024 97291
025 92455
026 97557
027 08791
028 17808
029 32382
030 96780
031 57628
032 09159
033 21759
034 36259
035 38694
036 99978
037 66627
038 75326
039 52370
040 53544
041 73906
042 59036
043 95065
044 67914
045 49926
046 92558
047 57788
048 22144
049 50002
050 46379
051 94930
052 40203
053 04872
054 20891
055 17360
056 29430
057 91377
058 88612
059 24428
060 67550
061 11992
062 83046
063 57955
064 89524
065 14444
066 90803
067 86537
068 26162
069 28553
070 81665
071 12730
072 77987
073 25499
074 59207
075 19266
076 35891
077 44077
078 01035
079 11996
080 03345
081 77820
082 67557
083 02114
084 01857
085 37667
086 76434
087 23844
088 55861
089 19487
090 75676
091 24754
092 63442
093 33047
094 88411
095 98680
096 78242
097 04595
098 09659
099 30363
100 29993
101 91262
102 71884
103 53548
104 19530
105 34421
106 95262
107 21376
108 62100
109 24911
110 78832
111 94832
112 91644
113 20488
114 57875
115 98503
116 21154
117 07512
118 71204
119 65421
120 66335
