001 88525
002 76354
003 22128
004 54621
005 82421
006 60548
007 83026
008 12122
009 23004
010 20529
011 20920
012 16857
013 41082
014 64302
015 78066
016 47063
017 93441
018 49118
019 32399
020 83647
021 53841
022 60078
023 07730
024 95156
025 50939
026 24168
027 28164
028 44573
029 43418
030 59242
031 43319
032 89354
033 62300
034 10439
035 40177
036 99102
037 20849
038 23192
039 09148
040 76727
041 65875
042 56795
043 34407
044 21147
045 26125
046 02909
047 12500
048 82914
049 17758
050 37390
051 04530
052 48273
053 93402
054 72174
055 71093
056 88132
057 22881
058 48041
059 86497
060 86210
061 73108
062 34695
063 14462
064 88613
065 36941
066 00298
067 61980
068 99084
069 03972
070 97498
071 86008
072 72390
073 50519
074 97982
075 83308
076 07518
077 22665
078 74683
079 06058
080 23996
081 28292
082 51622
083 71868
084 81210
085 68833
086 77037
087 11818
088 15572
089 55671
090 97236
091 53896
092 51221
093 48306
094 34828
095 52072
096 31028
097 19649
098 82592
099 49838
100 95143
101 77227
102 27311
103 58166
104 07463
105 47495
106 58710
107 38109
108 42262
109 17752
110 95788
111 49439
112 22955
113 13543
114 78617
115 84605
116 82150
117 52894
118 34303
119 78257
120 60901
