001 14476
002 54776
003 08504
004 86351
005 19097
006 69506
007 22796
008 88980
009 07448
010 09337
011 25280
012 74201
013 24646
014 83884
015 72839
016 11704
017 66056
018 21128
019 43082
020 52732
021 85958
022 36222
023 99617
024 54251
025 54739
026 18607
027 12907
028 93377
029 90589
030 09922
031 31857
032 60767
033 56417
034 07286
035 61827
036 35954
037 11594
038 04793
039 81096
040 89918
041 61128
042 22917
043 82994
044 97233
045 71795
046 33990
047 66770
048 61167
049 25857
050 05374
051 70140
052 54509
053 97936
054 74351
055 70201
056 28080
057 46150
058 03004
059 47610
060 73169
061 72861
062 13584
063 79602
064 10188
065 76230
066 95469
067 40920
068 87069
069 35976
070 95047
071 26709
072 31295
073 61864
074 49383
075 92273
076 39571
077 91886
078 04010
079 97520
080 79523
081 93722
082 11721
083 44951
084 66255
085 79600
086 15668
087 62551
088 36178
089 24947
090 79382
091 98680
092 21048
093 78147
094 90859
095 58180
096 49155
097 34273
098 73168
099 64844
100 85188
101 38019
102 49166
103 32217
104 34045
105 33509
106 04583
107 27959
108 72438
109 42328
110 16175
111 27035
112 44217
113 87091
114 77460
115 51036
116 98876
117 07262
118 43241
119 88637
120 22134
