001 16995
002 53973
003 46742
004 77918
005 91625
006 32784
007 51325
008 37112
009 29094
010 72640
011 46220
012 82544
013 58365
014 17666
015 97307
016 34332
017 35803
018 82357
019 24594
020 31438
021 48738
022 53643
023 18404
024 93968
025 40280
026 34620
027 12456
028 00258
029 05031
030 14112
031 87580
032 60445
033 98027
034 51797
035 39419
036 16622
037 64953
038 67159
039 20800
040 53214
041 04070
042 54743
043 44424
044 59797
045 99263
046 06452
047 94536
048 09899
049 95773
050 54657
051 32921
052 50224
053 10822
054 12503
055 61628
056 57648
057 50503
058 53728
059 67770
060 45483
061 43517
062 96400
063 96344
064 72929
065 43307
066 81773
067 33382
068 69034
069 33115
070 87683
071 12095
072 93076
073 34037
074 55035
075 51852
076 75132
077 97688
078 56126
079 56804
080 71687
081 26319
082 22465
083 13020
084 30673
085 69990
086 02804
087 62522
088 58292
089 73723
090 57077
091 26792
092 28126
093 30782
094 18444
095 70168
096 23415
097 95264
098 42192
099 90990
100 56056
101 69051
102 70666
103 05529
104 96677
105 27493
106 01830
107 22847
108 32152
109 94119
110 65289
111 82222
112 30885
113 31075
114 21532
115 88353
116 16289
117 27367
118 55596
119 89857
120 34704
