001 70426
002 29093
003 12360
004 50319
005 73202
006 42046
007 34838
008 11351
009 25010
010 61150
011 79351
012 51042
013 99457
014 36747
015 76241
016 69498
017 34003
018 27820
019 83151
020 09374
021 19587
022 61369
023 91918
024 38793
025 10701
026 21473
027 00478
028 33124
029 31410
030 78001
031 21868
032 84241
033 43642
034 42066
035 51607
036 53231
037 69725
038 00044
039 28880
040 67466
041 62179
042 67765
043 81441
044 50323
045 65649
046 34351
047 03117
048 16806
049 19305
050 74778
051 29492
052 73795
053 07316
054 47940
055 66154
056 11738
057 27021
058 28381
059 63119
060 54399
061 48959
062 12783
063 41437
064 62799
065 92839
066 79907
067 96883
068 88861
069 92278
070 85958
071 02931
072 97754
073 07339
074 50544
075 17788
076 27858
077 24832
078 62286
079 41018
080 33355
081 31369
082 77986
083 52631
084 16488
085 11438
086 80954
087 88509
088 60155
089 04875
090 15872
091 30386
092 73886
093 64730
094 56417
095 91328
096 97474
097 87974
098 50959
099 30826
100 16737
101 83392
102 94686
103 02296
104 34539
105 04755
106 28348
107 97311
108 29737
109 42294
110 16564
111 94211
112 28470
113 23290
114 51061
115 59394
116 24898
117 50070
118 79348
119 29947
120 43880
