001 32611
002 11517
003 82071
004 63662
005 12800
006 67894
007 18421
008 31615
009 41765
010 98697
011 46618
012 34643
013 28326
014 77568
015 50640
016 02070
017 79005
018 84452
019 87636
020 64241
021 52757
022 22206
023 08292
024 97278
025 34223
026 35740
027 32636
028 28621
029 97194
030 68791
031 10791
032 19911
033 64060
034 96681
035 55218
036 36291
037 12668
038 14422
039 88651
040 26607
041 27912
042 01043
043 59593
044 04504
045 14061
046 37225
047 09609
048 76462
049 11205
050 23506
051 30824
052 31927
053 53255
054 52003
055 89434
056 43844
057 53189
058 99228
059 44253
060 74700
061 45349
062 15864
063 37053
064 06875
065 29166
066 09837
067 82100
068 68586
069 70516
070 74123
071 24883
072 53802
073 69579
074 59818
075 45651
076 50066
077 17907
078 49966
079 30317
080 15667
081 56898
082 82620
083 59708
084 80360
085 19964
086 53854
087 53222
088 53409
089 30259
090 87704
091 61014
092 13679
093 17524
094 26726
095 86517
096 23027
097 37474
098 27548
099 81425
100 99907
101 94377
102 17776
103 85389
104 22637
105 21767
106 95231
107 52220
108 90450
109 93193
110 96235
111 12391
112 86450
113 50296
114 76243
115 00339
116 84323
117 90257
118 85035
119 78916
120 57829
