001 95438
002 40845
003 41522
004 32498
005 74442
006 25910
007 22812
008 18749
009 19482
010 44929
011 20177
012 98324
013 59126
014 65222
015 37346
016 01034
017 35680
018 79710
019 83744
020 60795
021 48281
022 89908
023 42241
024 95540
025 76455
026 33319
027 53886
028 45366
029 48153
030 58733
031 12729
032 66534
033 75318
034 15141
035 94078
036 22067
037 43339
038 99645
039 50326
040 37797
041 90730
042 74884
043 36610
044 33595
045 53282
046 58052
047 18163
048 91835
049 28458
050 71517
051 71176
052 66706
053 40024
054 86706
055 03782
056 54062
057 83743
058 79051
059 17608
060 83153
061 35577
062 06194
063 28482
064 43833
065 63545
066 71665
067 80089
068 07772
069 73826
070 66127
071 12739
072 55120
073 94666
074 37151
075 93014
076 33043
077 86695
078 34914
079 30422
080 66425
081 48317
082 93870
083 99069
084 28486
085 72307
086 32821
087 31170
088 63325
089 20658
090 72468
091 80213
092 24769
093 53213
094 29291
095 33548
096 94460
097 93413
098 06919
099 76453
100 98325
101 97063
102 83559
103 55994
104 94747
105 89768
106 62771
107 60885
108 96978
109 49202
110 15442
111 15356
112 56782
113 66487
114 46138
115 73398
116 29412
117 02635
118 80196
119 50066
120 35907
