001 12581
002 01364
003 15677
004 81832
005 53954
006 37546
007 65177
008 02057
009 40914
010 58315
011 12414
012 39775
013 78136
014 50804
015 90524
016 99211
017 75229
018 88539
019 76540
020 99355
021 61328
022 73150
023 49180
024 69929
025 26786
026 06935
027 26118
028 63483
029 94558
030 18247
031 21426
032 23575
033 78758
034 25656
035 85794
036 48308
037 55526
038 52229
039 45011
040 44998
041 50578
042 80066
043 35737
044 83123
045 76144
046 27306
047 46094
048 15348
049 80001
050 55521
051 84665
052 35139
053 34114
054 75440
055 84957
056 18996
057 31681
058 02529
059 66254
060 84259
061 12293
062 53526
063 46121
064 29746
065 55233
066 17605
067 24152
068 22802
069 09655
070 47562
071 87104
072 60293
073 41023
074 60515
075 34817
076 23932
077 88524
078 31653
079 38048
080 37845
081 96691
082 02292
083 43829
084 81399
085 21836
086 56673
087 09979
088 69167
089 57403
090 23398
091 80581
092 86225
093 84205
094 48676
095 79138
096 48209
097 77830
098 86286
099 42268
100 62201
101 24004
102 79742
103 30728
104 45283
105 95494
106 10072
107 54204
108 05469
109 36584
110 56253
111 86118
112 17476
113 03309
114 32437
115 80478
116 44377
117 60415
118 71654
119 34357
120 28934
