001 55758
002 76513
003 09976
004 59648
005 12449
006 97311
007 63628
008 05225
009 17227
010 56953
011 18396
012 09943
013 01511
014 44376
015 57459
016 70370
017 86517
018 15507
019 63450
020 75740
021 34723
022 02577
023 87867
024 75850
025 73631
026 10149
027 70308
028 00045
029 88204
030 76046
031 04006
032 00983
033 46224
034 83723
035 82423
036 99948
037 04119
038 89886
039 84585
040 59796
041 85818
042 98896
043 61801
044 98231
045 49480
046 71214
047 35053
048 84030
049 54948
050 18971
051 76164
052 37919
053 69751
054 68082
055 90929
056 59883
057 78131
058 70960
059 46768
060 66322
061 83094
062 57492
063 42750
064 97592
065 69383
066 63394
067 90823
068 17291
069 05653
070 93624
071 18650
072 89121
073 06144
074 06474
075 62869
076 81583
077 99442
078 64482
079 09569
080 16212
081 60177
082 39587
083 49457
084 57973
085 04232
086 80855
087 52222
088 36282
089 18828
090 83765
091 85577
092 00051
093 10892
094 34730
095 71479
096 79575
097 94357
098 35185
099 83070
100 25761
101 61677
102 22712
103 44523
104 95863
105 47214
106 64145
107 61726
108 23788
109 25235
110 18006
111 24064
112 09596
113 58799
114 93034
115 53196
116 04771
117 54836
118 15489
119 43493
120 52028
