001 25572
002 23647
003 94097
004 38020
005 13549
006 27973
007 01333
008 93354
009 91030
010 20590
011 78413
012 55668
013 14993
014 42850
015 81717
016 93802
017 10290
018 59097
019 85173
020 95485
021 79377
022 30730
023 02283
024 41389
025 10617
026 13359
027 00393
028 53986
029 00912
030 63682
031 12575
032 72468
033 99433
034 57824
035 51910
036 73770
037 45199
038 27175
039 55194
040 12644
041 60302
042 98156
043 40489
044 30812
045 60487
046 15525
047 33717
048 83133
049 35539
050 59910
051 44727
052 66980
053 62342
054 65078
055 80573
056 52538
057 00870
058 75608
059 52484
060 18978
061 21877
062 78874
063 71499
064 40016
065 78401
066 07499
067 21607
068 26390
069 61685
070 40011
071 17774
072 01541
073 08350
074 88471
075 65369
076 44265
077 98939
078 13111
079 90565
080 07508
081 02235
082 73550
083 51846
084 22385
085 36760
086 69873
087 50105
088 14336
089 57383
090 90828
091 49610
092 14444
093 48867
094 65248
095 36850
096 77348
097 56249
098 86839
099 22145
100 30259
101 30340
102 37276
103 64471
104 98353
105 45671
106 02459
107 01502
108 18141
109 09760
110 27376
111 59534
112 34641
113 80252
114 61845
115 11284
116 04419
117 01703
118 74417
119 61466
120 07564
