001 06098
002 81550
003 51644
004 30773
005 79020
006 36086
007 90722
008 99049
009 98411
010 82366
011 54875
012 75050
013 09301
014 60608
015 71521
016 87791
017 74585
018 32999
019 08769
020 33971
021 97303
022 61739
023 63019
024 64033
025 30929
026 17782
027 48399
028 37573
029 53715
030 66173
031 36846
032 35490
033 00283
034 19916
035 87897
036 06262
037 56556
038 59451
039 43271
040 45104
041 75825
042 62906
043 38553
044 40748
045 00636
046 87778
047 52111
048 69534
049 59005
050 09416
051 15463
052 10223
053 95766
054 82782
055 70254
056 88317
057 33276
058 51154
059 82811
060 95169
061 07025
062 65346
063 59193
064 12829
065 76373
066 33416
067 14235
068 18812
069 05135
070 80012
071 21631
072 96531
073 63929
074 16794
075 92475
076 03386
077 36152
078 43629
079 26593
080 24924
081 97721
082 91712
083 42189
084 43691
085 98096
086 01623
087 94336
088 05424
089 96756
090 37433
091 35470
092 59674
093 60081
094 62933
095 96960
096 45766
097 91898
098 27376
099 73084
100 74951
101 71871
102 76667
103 84152
104 62642
105 51600
106 69673
107 63502
108 66110
109 02964
110 68323
111 21120
112 36804
113 84430
114 82577
115 32356
116 05520
117 66320
118 76991
119 -
120 -
