001 90294
002 89904
003 60948
004 94304
005 48151
006 02776
007 68805
008 00263
009 73464
010 56188
011 33209
012 26513
013 05825
014 09916
015 53627
016 30868
017 37936
018 74472
019 16823
020 25612
021 90438
022 01701
023 18561
024 55710
025 14297
026 92911
027 73596
028 88783
029 16869
030 33341
031 10194
032 13645
033 19493
034 47163
035 28912
036 81770
037 77289
038 73745
039 08457
040 60705
041 99279
042 65495
043 15265
044 24355
045 99859
046 83720
047 77672
048 84131
049 93217
050 04022
051 30497
052 84216
053 82842
054 10626
055 77049
056 34652
057 47995
058 67604
059 85371
060 63603
061 11286
062 23596
063 48334
064 63594
065 13671
066 25415
067 81669
068 41800
069 36808
070 09850
071 16016
072 92730
073 50813
074 44125
075 33456
076 60445
077 75296
078 60433
079 42775
080 56738
081 90816
082 59771
083 20001
084 07207
085 56944
086 60034
087 56500
088 27421
089 60128
090 36235
091 06535
092 05779
093 12118
094 43897
095 66933
096 53910
097 07354
098 34263
099 78979
100 55195
101 36530
102 55256
103 20165
104 31732
105 67702
106 02592
107 25868
108 06164
109 63971
110 73454
111 36825
112 31762
113 67839
114 18773
115 98058
116 12607
117 04717
118 81996
119 85221
120 68878
