001 74739
002 23460
003 99964
004 72503
005 32849
006 06511
007 43441
008 89334
009 52730
010 90895
011 17249
012 02322
013 50390
014 65006
015 81312
016 82945
017 64168
018 95108
019 92208
020 53481
021 69757
022 98859
023 74699
024 90959
025 03677
026 10901
027 84849
028 41291
029 91064
030 41828
031 02260
032 24981
033 10302
034 74688
035 94084
036 26361
037 93403
038 28327
039 06452
040 71740
041 82783
042 84923
043 69088
044 39202
045 03303
046 46419
047 56301
048 20797
049 79010
050 06742
051 28764
052 29574
053 62895
054 38704
055 35283
056 66891
057 20728
058 24779
059 07330
060 21747
061 30292
062 74290
063 12882
064 02861
065 05358
066 09181
067 50662
068 81170
069 20270
070 16566
071 38549
072 89959
073 00576
074 36522
075 45523
076 79879
077 64893
078 64661
079 38524
080 29364
081 73045
082 61883
083 04954
084 79584
085 82431
086 29970
087 24227
088 42060
089 88696
090 56704
091 58368
092 86330
093 40384
094 38555
095 44231
096 99520
097 74963
098 01172
099 22481
100 12146
101 05385
102 24327
103 34233
104 23087
105 91603
106 86704
107 80594
108 84992
109 07099
110 43224
111 88137
112 39125
113 55266
114 73385
115 61826
116 97998
117 03179
118 77189
119 42048
120 55636
