001 82696
002 71920
003 74487
004 06796
005 43090
006 55915
007 38555
008 82287
009 10061
010 19492
011 10937
012 86822
013 62297
014 70292
015 42849
016 28344
017 64772
018 84001
019 20963
020 07910
021 76163
022 76258
023 30708
024 39174
025 50675
026 18541
027 10350
028 70084
029 55148
030 53688
031 86925
032 30049
033 83775
034 28894
035 85187
036 91044
037 29968
038 23942
039 59930
040 35027
041 40365
042 51599
043 60272
044 22648
045 31202
046 22434
047 44226
048 55370
049 03232
050 01410
051 91130
052 07362
053 18533
054 84305
055 43206
056 06432
057 93495
058 65626
059 85453
060 10081
061 41152
062 46090
063 81668
064 73523
065 79773
066 16570
067 50617
068 06585
069 60658
070 16618
071 82125
072 54606
073 42759
074 29204
075 06785
076 65756
077 94370
078 28183
079 83165
080 10460
081 42153
082 89332
083 36045
084 48548
085 41747
086 99604
087 95864
088 10017
089 27810
090 71598
091 83349
092 48727
093 36946
094 57171
095 80731
096 38615
097 01089
098 22977
099 63418
100 96182
101 36573
102 81647
103 89116
104 63754
105 73278
106 16493
107 55744
108 14372
109 87782
110 62626
111 99330
112 15198
113 21663
114 22387
115 80279
116 04697
117 38966
118 13168
119 54745
120 -
