001 20589
002 98293
003 60579
004 88813
005 77992
006 08128
007 45014
008 92312
009 18447
010 16121
011 89654
012 85486
013 03201
014 24324
015 82227
016 45766
017 60926
018 25062
019 56428
020 17411
021 81179
022 26844
023 90228
024 55015
025 45334
026 83933
027 30415
028 52292
029 61610
030 45238
031 25599
032 23224
033 22813
034 52946
035 96817
036 47339
037 90918
038 33676
039 15119
040 04610
041 53196
042 43885
043 53512
044 79469
045 97215
046 43291
047 70449
048 11307
049 84004
050 26928
051 73770
052 97127
053 49177
054 45487
055 05719
056 39142
057 94579
058 50826
059 17342
060 61985
061 23306
062 61341
063 07314
064 33771
065 09805
066 67268
067 46503
068 02454
069 48716
070 03309
071 26296
072 35930
073 89644
074 79688
075 88722
076 14997
077 83850
078 40212
079 38972
080 35416
081 86889
082 85170
083 86679
084 81459
085 79384
086 82190
087 91186
088 64430
089 45825
090 37308
091 98275
092 00661
093 35672
094 76890
095 85931
096 62355
097 34513
098 15510
099 21975
100 11120
101 27426
102 76978
103 82988
104 83625
105 75657
106 01982
107 69082
108 83779
109 15610
110 78776
111 75457
112 96136
113 60544
114 03772
115 92657
116 84242
117 98745
118 04638
119 63983
120 48570
