001 01854
002 36659
003 18282
004 15696
005 73574
006 07986
007 39700
008 46180
009 01715
010 33974
011 25211
012 86789
013 16116
014 62276
015 56417
016 32381
017 01757
018 03726
019 32882
020 67757
021 79043
022 96358
023 72321
024 47068
025 41671
026 96570
027 26943
028 82922
029 82413
030 99066
031 54520
032 53991
033 12920
034 92522
035 54589
036 81497
037 42045
038 82773
039 30811
040 78307
041 34314
042 15628
043 28452
044 56766
045 83131
046 42097
047 79147
048 86074
049 99150
050 90862
051 84010
052 48422
053 69255
054 57375
055 57412
056 98054
057 78404
058 73500
059 10626
060 60007
061 01368
062 50564
063 86323
064 14089
065 37592
066 97369
067 63263
068 13560
069 93364
070 38715
071 90713
072 44160
073 04468
074 80952
075 12225
076 95508
077 29962
078 15971
079 60282
080 41048
081 13613
082 23522
083 50393
084 34962
085 06733
086 70299
087 97627
088 41896
089 08811
090 59175
091 01906
092 53896
093 78374
094 84366
095 40285
096 31095
097 06626
098 12917
099 16715
100 09391
101 95757
102 82243
103 24897
104 73230
105 39593
106 87712
107 54827
108 06954
109 96507
110 14144
111 90216
112 04068
113 93225
114 29297
115 29938
116 69707
117 38245
118 81197
119 15921
120 50104
