001 72283
002 69693
003 31954
004 55928
005 16532
006 48105
007 27470
008 75117
009 18993
010 39666
011 22302
012 03524
013 84225
014 79115
015 66405
016 11686
017 48622
018 80735
019 03774
020 47758
021 43835
022 03954
023 08711
024 89895
025 89276
026 71770
027 63309
028 77603
029 45157
030 87560
031 32709
032 46427
033 70758
034 49815
035 74161
036 60811
037 52615
038 47374
039 19715
040 13393
041 01728
042 11524
043 20766
044 02082
045 59537
046 10681
047 52575
048 94710
049 44507
050 45453
051 55509
052 28889
053 75210
054 37723
055 73664
056 57775
057 05474
058 49088
059 64560
060 80369
061 12325
062 09122
063 22652
064 57767
065 68017
066 60620
067 14886
068 40391
069 00940
070 95379
071 71426
072 84121
073 32283
074 58133
075 98861
076 54526
077 74937
078 23129
079 22369
080 84408
081 23989
082 10947
083 08381
084 26495
085 09184
086 37346
087 41359
088 62453
089 61642
090 77436
091 02834
092 62828
093 78414
094 36756
095 15595
096 73182
097 27961
098 40735
099 69841
100 76043
101 21004
102 26681
103 99408
104 37657
105 46081
106 12052
107 17302
108 26976
109 67738
110 03976
111 63225
112 29507
113 15003
114 64792
115 40014
116 52263
117 39597
118 33693
119 20520
120 25919
