001 06957
002 67084
003 30014
004 72227
005 85166
006 41098
007 00463
008 95321
009 88160
010 37579
011 59355
012 80970
013 46504
014 73447
015 05426
016 50745
017 83455
018 80211
019 65809
020 40003
021 66406
022 58018
023 36423
024 68069
025 45039
026 95293
027 00522
028 37995
029 80662
030 20311
031 70698
032 77876
033 92520
034 07496
035 04450
036 79543
037 28439
038 73369
039 32868
040 09932
041 23422
042 99240
043 60047
044 94106
045 18035
046 84239
047 32143
048 38274
049 14925
050 39157
051 05714
052 74848
053 14807
054 48964
055 11501
056 32326
057 81638
058 07912
059 14960
060 22788
061 87109
062 34872
063 89568
064 82992
065 99937
066 31008
067 91177
068 14005
069 64941
070 48734
071 00556
072 28951
073 93860
074 74355
075 06104
076 68185
077 94269
078 98857
079 18993
080 32908
081 35568
082 33140
083 35245
084 87319
085 79093
086 39217
087 09212
088 02663
089 51416
090 61541
091 91716
092 21199
093 92268
094 50709
095 18408
096 23368
097 91418
098 61700
099 79611
100 08236
101 45731
102 93635
103 92191
104 24279
105 43507
106 38179
107 57919
108 30709
109 44926
110 21564
111 77972
112 31958
113 40742
114 55937
115 87566
116 84953
117 45410
118 78621
119 39973
120 03282
