001 90267
002 23175
003 17997
004 02145
005 68878
006 25987
007 07120
008 73552
009 36258
010 89328
011 97172
012 02105
013 14267
014 15414
015 37584
016 16441
017 42163
018 39685
019 35373
020 87270
021 47633
022 67780
023 29861
024 07147
025 28134
026 45976
027 77799
028 64920
029 87344
030 70668
031 21516
032 59506
033 13209
034 43898
035 28986
036 06367
037 91567
038 06482
039 39150
040 31508
041 40559
042 56756
043 99626
044 00491
045 98912
046 10583
047 41940
048 39159
049 07671
050 58391
051 76311
052 29002
053 46362
054 50124
055 99642
056 75603
057 36112
058 34018
059 94134
060 88935
061 20784
062 47415
063 79491
064 56527
065 09856
066 30727
067 65145
068 43652
069 46987
070 00687
071 36477
072 32582
073 35339
074 67722
075 58569
076 16699
077 42886
078 02923
079 74018
080 69286
081 65782
082 80974
083 46594
084 72010
085 24276
086 19059
087 36057
088 98512
089 03187
090 47886
091 14895
092 68505
093 50729
094 99061
095 26970
096 16217
097 34558
098 36431
099 00249
100 38281
101 35726
102 86578
103 07704
104 76801
105 84217
106 85125
107 99689
108 62298
109 70759
110 83661
111 01061
112 13652
113 43119
114 86246
115 18243
116 76809
117 09864
118 42857
119 95529
120 80957
