001 48300
002 04580
003 34356
004 29084
005 06616
006 49634
007 33784
008 97283
009 73699
010 85804
011 59202
012 78825
013 54405
014 43152
015 09301
016 51314
017 06862
018 03939
019 27634
020 82896
021 31677
022 46758
023 76224
024 23486
025 47545
026 72025
027 52724
028 87778
029 46064
030 46978
031 03882
032 52469
033 15262
034 42678
035 32905
036 54693
037 08737
038 69486
039 90853
040 47437
041 36480
042 06657
043 01785
044 93991
045 43413
046 76374
047 32955
048 42342
049 21391
050 90815
051 88250
052 65162
053 76515
054 20824
055 79930
056 37003
057 26745
058 24016
059 34862
060 55180
061 71610
062 31703
063 65288
064 37272
065 27356
066 69649
067 05087
068 78520
069 74070
070 81083
071 10879
072 19746
073 07056
074 51412
075 81973
076 33476
077 52393
078 21336
079 10591
080 68792
081 01871
082 64460
083 08922
084 84762
085 69312
086 85237
087 33667
088 40903
089 33374
090 -
091 -
092 -
093 -
094 -
095 -
096 -
097 -
098 -
099 -
100 -
101 -
102 -
103 -
104 -
105 -
106 -
107 -
108 -
109 -
110 -
111 -
112 -
113 -
114 -
115 -
116 -
117 -
118 -
119 -
120 -
