001 14874
002 09592
003 05655
004 92245
005 17441
006 73978
007 11450
008 75747
009 36997
010 02863
011 29461
012 28193
013 36595
014 50580
015 40983
016 41385
017 61014
018 07849
019 14451
020 25731
021 90667
022 55453
023 72572
024 48130
025 81910
026 51101
027 37368
028 39287
029 49987
030 87011
031 68078
032 34537
033 38598
034 28043
035 86032
036 93521
037 77492
038 70955
039 45644
040 33266
041 81254
042 19270
043 08625
044 63858
045 63103
046 92360
047 22316
048 27461
049 66586
050 05214
051 31871
052 63609
053 50518
054 52401
055 01450
056 40989
057 87408
058 95336
059 75269
060 51995
061 91723
062 64146
063 58046
064 90974
065 34086
066 13754
067 59051
068 67955
069 65851
070 91884
071 21979
072 31837
073 92899
074 33000
075 69863
076 27872
077 34378
078 07265
079 71723
080 81599
081 69654
082 65937
083 16419
084 31641
085 07769
086 39708
087 63466
088 78933
089 71886
090 03399
091 84333
092 24400
093 40451
094 89368
095 11069
096 99518
097 61270
098 33408
099 64165
100 80233
101 23244
102 10567
103 24944
104 21559
105 34128
106 21724
107 70539
108 98375
109 03491
110 80126
111 76473
112 33589
113 58036
114 37526
115 54053
116 25874
117 58364
118 26742
119 37580
120 47370
