001 99155
002 98637
003 16679
004 10365
005 31657
006 62590
007 59708
008 05466
009 87249
010 08496
011 34364
012 26097
013 70606
014 03219
015 50642
016 50586
017 43165
018 50563
019 64434
020 90784
021 04985
022 82391
023 86621
024 81897
025 02035
026 03405
027 32912
028 34375
029 02232
030 38030
031 50735
032 67884
033 96477
034 43847
035 96418
036 99568
037 81678
038 97227
039 07204
040 82948
041 78948
042 92955
043 85241
044 66328
045 53229
046 23292
047 55660
048 93578
049 75723
050 19264
051 18793
052 98809
053 72664
054 33047
055 67639
056 72191
057 19473
058 90112
059 07279
060 79418
061 08774
062 62788
063 45176
064 62701
065 09224
066 71327
067 00852
068 08267
069 72948
070 50312
071 53730
072 29828
073 90994
074 62169
075 22665
076 02345
077 71875
078 52537
079 99310
080 94701
081 12043
082 38991
083 05486
084 90548
085 12360
086 60259
087 53190
088 92352
089 17457
090 28005
091 45467
092 46117
093 82934
094 54756
095 58257
096 81974
097 56321
098 93897
099 13547
100 66796
101 49192
102 56923
103 11657
104 84875
105 67951
106 26352
107 51939
108 66773
109 56414
110 81309
111 14454
112 81475
113 52492
114 66529
115 23560
116 91682
117 79845
118 66227
119 89436
120 28345
