001 28298
002 20412
003 27102
004 02670
005 46197
006 72675
007 12692
008 33847
009 70395
010 92637
011 83519
012 66311
013 60552
014 89133
015 52614
016 39933
017 48490
018 67563
019 36479
020 74379
021 49886
022 37496
023 18605
024 85660
025 58235
026 78347
027 97873
028 27118
029 70451
030 78579
031 95740
032 51674
033 79863
034 47330
035 37791
036 13432
037 86226
038 58899
039 62387
040 10068
041 42788
042 02353
043 02315
044 72925
045 77215
046 97889
047 52448
048 48651
049 26529
050 09594
051 19816
052 05300
053 01393
054 60977
055 56074
056 00847
057 23319
058 49829
059 51804
060 82120
061 98734
062 64380
063 33230
064 99685
065 33309
066 06476
067 16203
068 93979
069 74066
070 95010
071 51641
072 15729
073 93262
074 85083
075 81450
076 26163
077 22814
078 13663
079 20800
080 80807
081 35278
082 39117
083 28592
084 07603
085 92775
086 33411
087 80777
088 32804
089 52370
090 14273
091 57447
092 59345
093 85518
094 88301
095 42827
096 11639
097 85618
098 71862
099 05365
100 79417
101 19901
102 41052
103 59804
104 13354
105 67411
106 14144
107 03418
108 94815
109 12117
110 13998
111 18950
112 46957
113 52639
114 44654
115 87459
116 29753
117 66999
118 74970
119 17952
120 79024
