001 23780
002 48550
003 49773
004 37574
005 04443
006 44842
007 56069
008 55038
009 75526
010 06192
011 15160
012 33915
013 54343
014 77439
015 50468
016 50458
017 91518
018 46617
019 28268
020 79612
021 66967
022 72181
023 31535
024 96063
025 34894
026 45673
027 92974
028 06390
029 03971
030 90007
031 40623
032 62126
033 04589
034 00788
035 00991
036 63543
037 17731
038 83728
039 89436
040 80724
041 28456
042 19256
043 63054
044 91461
045 03874
046 81909
047 20149
048 50134
049 27193
050 95364
051 84106
052 11658
053 41762
054 02825
055 22435
056 91162
057 86497
058 60645
059 55255
060 39879
061 82474
062 90140
063 50765
064 14186
065 47801
066 50351
067 43303
068 57373
069 03253
070 72206
071 54158
072 01510
073 44546
074 67332
075 11313
076 68547
077 71967
078 30003
079 85069
080 96984
081 20186
082 65344
083 09391
084 33740
085 34843
086 35178
087 64975
088 82713
089 16851
090 31765
091 13109
092 20551
093 84283
094 78930
095 58993
096 90723
097 28741
098 63217
099 40085
100 55943
101 48430
102 37146
103 77169
104 97398
105 20802
106 86358
107 22903
108 73766
109 66250
110 58504
111 71642
112 04166
113 42234
114 71531
115 34572
116 06299
117 65488
118 38876
119 21481
120 91180
