001 98228
002 62490
003 53107
004 93685
005 34946
006 92025
007 11506
008 22104
009 03144
010 96106
011 67684
012 31731
013 56810
014 04790
015 26983
016 12576
017 40620
018 78461
019 69656
020 51855
021 05196
022 32588
023 53135
024 10441
025 96669
026 31679
027 59476
028 80627
029 56259
030 09494
031 37029
032 00034
033 84236
034 53930
035 11951
036 55550
037 32124
038 10756
039 65125
040 68178
041 40774
042 47331
043 38652
044 76785
045 47326
046 33509
047 47972
048 38212
049 77347
050 24786
051 28047
052 40070
053 55906
054 52594
055 48723
056 52318
057 01117
058 57294
059 92351
060 65180
061 57060
062 76006
063 16625
064 78444
065 37959
066 89275
067 83954
068 13093
069 64321
070 02900
071 39168
072 97943
073 98242
074 24011
075 49962
076 92277
077 36866
078 29225
079 00808
080 14864
081 02888
082 32896
083 39208
084 08482
085 12910
086 55776
087 81574
088 83012
089 90272
090 21513
091 59349
092 49879
093 82864
094 05754
095 73366
096 03774
097 90343
098 43642
099 62345
100 39775
101 93247
102 88311
103 57295
104 10295
105 48537
106 75542
107 60071
108 31518
109 31064
110 93050
111 73889
112 27092
113 03768
114 06865
115 13352
116 19469
117 91006
118 70692
119 20835
120 89457
