001 53127
002 83243
003 31792
004 64751
005 22972
006 87178
007 03499
008 15860
009 92053
010 11845
011 51865
012 54323
013 12234
014 39795
015 26637
016 97228
017 43714
018 42729
019 13453
020 03166
021 65795
022 83899
023 63537
024 55294
025 34499
026 05326
027 02218
028 58848
029 22242
030 01576
031 15248
032 69779
033 71201
034 58244
035 75419
036 75391
037 50501
038 07859
039 87647
040 42924
041 99741
042 99144
043 14175
044 88201
045 95864
046 66952
047 85336
048 74526
049 14460
050 13169
051 55188
052 72388
053 41691
054 05437
055 99236
056 23609
057 14105
058 53302
059 11430
060 64519
061 63444
062 31783
063 90865
064 99167
065 27030
066 98935
067 55590
068 51925
069 79128
070 26097
071 94567
072 26080
073 16009
074 70428
075 39553
076 18226
077 65281
078 41669
079 38370
080 45024
081 37248
082 71933
083 69946
084 84853
085 55927
086 59098
087 58819
088 14650
089 77427
090 04635
091 60945
092 79556
093 22822
094 72429
095 35740
096 79661
097 97191
098 26613
099 54419
100 88964
101 68953
102 78184
103 88818
104 78529
105 06256
106 27938
107 91516
108 14970
109 51332
110 65715
111 61063
112 18177
113 07299
114 74360
115 29385
116 45800
117 81656
118 06050
119 95995
120 51576
