001 36927
002 17747
003 22290
004 97808
005 56568
006 45485
007 23926
008 44654
009 56152
010 55390
011 70897
012 29094
013 86012
014 27385
015 53461
016 11533
017 98315
018 15608
019 13749
020 87116
021 57824
022 24695
023 26757
024 20045
025 29456
026 28958
027 81748
028 77395
029 16501
030 08406
031 95109
032 96795
033 88645
034 36294
035 92870
036 99614
037 88994
038 57802
039 47254
040 32147
041 82955
042 09991
043 55772
044 33807
045 07478
046 81878
047 64988
048 75615
049 19323
050 30854
051 84801
052 95715
053 79649
054 99501
055 33811
056 02561
057 31987
058 00363
059 36882
060 68637
061 29201
062 88508
063 61980
064 73744
065 87643
066 17743
067 72538
068 15076
069 51214
070 22461
071 06096
072 27611
073 63064
074 33238
075 29707
076 11876
077 05605
078 84888
079 73115
080 31070
081 52850
082 36247
083 14985
084 04555
085 90535
086 68228
087 21221
088 19008
089 67191
090 20827
091 32973
092 82598
093 26998
094 09762
095 36584
096 53102
097 08928
098 05268
099 83660
100 42757
101 66457
102 43093
103 14701
104 92394
105 84548
106 23954
107 75874
108 62736
109 22716
110 82269
111 43495
112 94974
113 24606
114 21576
115 79226
116 90051
117 15252
118 20768
119 14030
120 66748
