001 52255
002 11893
003 90505
004 80364
005 42530
006 40121
007 19560
008 95653
009 99282
010 52196
011 44111
012 18328
013 57756
014 67530
015 13351
016 12253
017 17257
018 13901
019 93723
020 66037
021 63205
022 32554
023 27835
024 04660
025 95835
026 51371
027 13592
028 90789
029 95317
030 67798
031 58323
032 65581
033 12905
034 29506
035 45919
036 10181
037 99801
038 15381
039 74092
040 99266
041 36513
042 44481
043 46056
044 79394
045 38624
046 98272
047 52232
048 71563
049 51640
050 10019
051 96410
052 63628
053 38807
054 97289
055 56967
056 53769
057 88583
058 50051
059 64760
060 24433
061 89188
062 14821
063 33964
064 33301
065 18824
066 38854
067 63706
068 16741
069 58255
070 70413
071 99516
072 15047
073 77274
074 44546
075 41615
076 67758
077 14001
078 65710
079 48594
080 49557
081 48486
082 93563
083 15741
084 37546
085 71495
086 40698
087 96317
088 52180
089 75015
090 65383
091 94268
092 05469
093 80851
094 25575
095 34363
096 52955
097 88613
098 18162
099 93951
100 79352
101 82930
102 29381
103 15221
104 65430
105 82154
106 57880
107 59991
108 03193
109 06467
110 16541
111 89279
112 20757
113 47211
114 33731
115 44461
116 32700
117 04933
118 84775
119 08782
120 86385
