001 97029
002 03854
003 83834
004 42834
005 08682
006 26583
007 27522
008 41092
009 82307
010 59931
011 22089
012 96612
013 25509
014 77633
015 51477
016 43423
017 98661
018 55076
019 01258
020 13397
021 09960
022 59688
023 07533
024 93481
025 98293
026 07401
027 21749
028 49131
029 68346
030 15285
031 85056
032 07131
033 12579
034 52858
035 26992
036 95967
037 88481
038 92286
039 38392
040 08686
041 54937
042 61810
043 93718
044 95068
045 32740
046 87687
047 21680
048 82279
049 72181
050 64345
051 09223
052 20392
053 67700
054 11561
055 57787
056 42378
057 61171
058 08239
059 00222
060 74740
061 51278
062 07865
063 70982
064 36804
065 38314
066 63376
067 39108
068 36214
069 85630
070 88223
071 76316
072 64683
073 52665
074 56209
075 01959
076 32154
077 02648
078 47277
079 30425
080 06363
081 00600
082 43581
083 88751
084 56935
085 59211
086 38781
087 26932
088 53320
089 95863
090 21410
091 74690
092 32500
093 99876
094 48139
095 31681
096 85239
097 01409
098 47863
099 50629
100 45265
101 48425
102 23060
103 92618
104 50737
105 62960
106 61767
107 05383
108 34829
109 91603
110 04514
111 33497
112 35037
113 02187
114 30434
115 23475
116 02862
117 05160
118 39361
119 00176
120 85558
