001 65458
002 91741
003 03713
004 79448
005 91922
006 81217
007 27184
008 82096
009 31257
010 02152
011 89301
012 67131
013 46527
014 03439
015 53717
016 05522
017 40928
018 45693
019 33313
020 88086
021 15606
022 93113
023 82602
024 43734
025 42432
026 51916
027 37819
028 16889
029 04121
030 77117
031 00198
032 20524
033 53801
034 90361
035 65323
036 74988
037 54353
038 43176
039 16675
040 42708
041 22272
042 66705
043 36607
044 47077
045 69393
046 46178
047 17414
048 07809
049 16524
050 38299
051 91285
052 36525
053 30189
054 18114
055 38310
056 86895
057 80757
058 04306
059 31723
060 03909
061 53814
062 30013
063 57117
064 91084
065 52579
066 25597
067 47591
068 02471
069 60386
070 16392
071 80302
072 38874
073 73041
074 39895
075 42381
076 16158
077 91177
078 59420
079 00369
080 49307
081 31272
082 54594
083 82662
084 72649
085 25731
086 87608
087 21026
088 71801
089 76907
090 02198
091 89786
092 22402
093 76303
094 03331
095 19357
096 53261
097 35944
098 45794
099 85942
100 56692
101 00025
102 27881
103 04983
104 08935
105 98297
106 90350
107 50140
108 04735
109 77760
110 14680
111 77291
112 01689
113 93542
114 07547
115 35400
116 54691
117 35481
118 21273
119 05750
120 62085
