001 08448
002 69673
003 93867
004 36701
005 82643
006 29154
007 04200
008 14719
009 04615
010 21273
011 16508
012 84752
013 34219
014 04371
015 47044
016 97893
017 78153
018 24492
019 50438
020 78372
021 37935
022 79251
023 20877
024 90406
025 44676
026 67047
027 41940
028 75569
029 45849
030 60957
031 98735
032 40392
033 31217
034 65506
035 27511
036 62945
037 96195
038 29517
039 54991
040 06505
041 29757
042 29427
043 07679
044 08963
045 53268
046 40227
047 33453
048 31970
049 07199
050 41621
051 54547
052 42638
053 20322
054 58879
055 47846
056 05912
057 80093
058 83423
059 21076
060 66424
061 41041
062 72389
063 81526
064 55184
065 44750
066 51248
067 93043
068 99377
069 02221
070 18470
071 20869
072 08172
073 37827
074 32736
075 93771
076 73704
077 66588
078 32261
079 87641
080 82000
081 96091
082 07503
083 58195
084 56283
085 48213
086 23662
087 52051
088 41108
089 81330
090 33293
091 78278
092 67783
093 87483
094 51892
095 61582
096 13411
097 17936
098 96301
099 52106
100 60373
101 50306
102 97251
103 49086
104 32608
105 57893
106 36600
107 12767
108 40664
109 02036
110 71084
111 05180
112 85000
113 57806
114 26737
115 05448
116 41250
117 90104
118 22895
119 61624
120 19248
