001 26526
002 43992
003 28712
004 72827
005 70991
006 00280
007 32997
008 35455
009 24485
010 32804
011 52100
012 13562
013 70092
014 84821
015 17972
016 48902
017 42265
018 68151
019 52311
020 19531
021 17857
022 59722
023 99514
024 64383
025 75703
026 88665
027 39302
028 31805
029 30008
030 52524
031 60537
032 79083
033 78627
034 55189
035 09085
036 52892
037 38043
038 98194
039 77978
040 59790
041 04401
042 55365
043 10799
044 21110
045 73787
046 38019
047 99873
048 23091
049 92983
050 67576
051 52785
052 05824
053 34684
054 66426
055 21965
056 87962
057 21271
058 97648
059 73181
060 25522
061 75758
062 59783
063 50322
064 78771
065 82444
066 19499
067 12245
068 33648
069 85173
070 93828
071 92122
072 62215
073 52401
074 68824
075 82730
076 68644
077 57987
078 16910
079 11344
080 22063
081 68221
082 48866
083 82275
084 51813
085 21906
086 38937
087 24834
088 50685
089 87606
090 96487
091 68956
092 14529
093 19939
094 48443
095 02051
096 56372
097 46660
098 42222
099 75588
100 82043
101 42205
102 90241
103 07807
104 35774
105 38440
106 84662
107 97753
108 57572
109 73233
110 30600
111 41427
112 90999
113 79968
114 74022
115 47513
116 09223
117 75480
118 04398
119 47657
120 53482
