001 71806
002 48789
003 20606
004 09557
005 22796
006 24227
007 85796
008 74535
009 23724
010 49423
011 32369
012 58542
013 17086
014 73657
015 56270
016 42120
017 12069
018 35695
019 91034
020 23243
021 06938
022 24475
023 59565
024 67421
025 96577
026 37017
027 06747
028 99523
029 71867
030 45684
031 07975
032 26584
033 27453
034 61399
035 60042
036 22132
037 18623
038 01454
039 23098
040 39028
041 95887
042 74990
043 61389
044 39179
045 09790
046 32232
047 72567
048 77320
049 43267
050 84072
051 94870
052 48442
053 86620
054 16807
055 93401
056 97429
057 60134
058 25026
059 11749
060 50005
061 43060
062 52747
063 80657
064 49112
065 43122
066 25508
067 97637
068 31954
069 67034
070 67359
071 87934
072 51801
073 43412
074 88071
075 22027
076 61695
077 59934
078 11809
079 83838
080 10608
081 47671
082 99043
083 39933
084 36614
085 97088
086 60772
087 49047
088 68335
089 14154
090 91352
091 60188
092 26216
093 63854
094 21557
095 02998
096 61754
097 67273
098 75950
099 42278
100 71211
101 63129
102 08654
103 23646
104 42142
105 44233
106 22342
107 81094
108 81466
109 42184
110 17306
111 02435
112 35414
113 79662
114 25791
115 95606
116 83417
117 96092
118 91213
119 42225
120 16003
