001 19479
002 00848
003 21078
004 09753
005 29797
006 33504
007 47139
008 02759
009 19571
010 41220
011 19861
012 35734
013 16979
014 56868
015 54181
016 84380
017 09250
018 06032
019 50997
020 75506
021 33459
022 29147
023 30199
024 59839
025 75126
026 54786
027 65700
028 34079
029 78680
030 90462
031 11510
032 34807
033 48914
034 67320
035 08408
036 20504
037 87763
038 27736
039 40557
040 50361
041 88227
042 62834
043 99010
044 29992
045 84071
046 35781
047 54225
048 98693
049 96583
050 17485
051 88771
052 78838
053 27922
054 73093
055 27530
056 10213
057 40776
058 75136
059 66574
060 82640
061 90916
062 47568
063 51772
064 96557
065 22294
066 28247
067 40363
068 16556
069 70488
070 15287
071 62128
072 63564
073 24172
074 67317
075 26592
076 14479
077 96726
078 46146
079 97631
080 39026
081 49896
082 30570
083 06364
084 96878
085 47758
086 59440
087 32935
088 42512
089 80904
090 78983
091 90008
092 16730
093 22885
094 69695
095 42627
096 63708
097 51346
098 74323
099 49684
100 45757
101 25794
102 63101
103 61869
104 77978
105 36329
106 57046
107 52415
108 54511
109 20297
110 49111
111 55481
112 29205
113 98088
114 00046
115 61991
116 60470
117 86301
118 68485
119 45196
120 63184
