001 24713
002 63824
003 29550
004 13709
005 99012
006 37739
007 73827
008 63210
009 58405
010 76960
011 31668
012 53672
013 34463
014 69800
015 12089
016 49176
017 40107
018 13372
019 95339
020 80863
021 94931
022 35720
023 50382
024 93666
025 47462
026 98094
027 02337
028 63402
029 25395
030 60733
031 84220
032 77635
033 47665
034 97351
035 95217
036 82263
037 64670
038 66949
039 12035
040 86723
041 83776
042 35079
043 79444
044 77125
045 70886
046 21211
047 82048
048 99219
049 90825
050 94072
051 14230
052 26859
053 66847
054 85910
055 78455
056 84051
057 56037
058 78351
059 80877
060 21900
061 51781
062 43966
063 32617
064 69790
065 28149
066 74643
067 34784
068 53099
069 81530
070 97832
071 06927
072 16089
073 58181
074 43574
075 61824
076 84011
077 16920
078 31501
079 21800
080 96455
081 27589
082 85148
083 91219
084 39498
085 99847
086 95236
087 54992
088 15877
089 62632
090 86639
091 45213
092 15532
093 03103
094 85571
095 84955
096 88045
097 82873
098 64026
099 28111
100 50589
101 87798
102 41108
103 64461
104 77726
105 99973
106 90297
107 32821
108 41774
109 33177
110 80768
111 35899
112 87525
113 30475
114 54957
115 61232
116 33998
117 11780
118 64863
119 64323
120 07195
