001 92238
002 99214
003 63800
004 79211
005 41274
006 87861
007 19012
008 97817
009 62044
010 84422
011 87332
012 81646
013 44339
014 72762
015 63734
016 14589
017 09658
018 66512
019 94691
020 74723
021 30157
022 95045
023 41496
024 27949
025 23714
026 76414
027 71308
028 22458
029 08691
030 68665
031 62357
032 24303
033 41136
034 65172
035 16113
036 88613
037 88001
038 48362
039 64052
040 97503
041 84552
042 67559
043 09365
044 31709
045 83054
046 52605
047 76841
048 40275
049 39262
050 42400
051 94275
052 63308
053 91724
054 38782
055 78574
056 67007
057 49553
058 10056
059 78679
060 76784
061 15109
062 10412
063 60563
064 30422
065 63448
066 83094
067 61930
068 32165
069 74901
070 30407
071 64179
072 06017
073 11583
074 43374
075 19613
076 77303
077 61927
078 49715
079 88841
080 59339
081 37062
082 53698
083 67862
084 02836
085 16899
086 73961
087 92867
088 77760
089 97289
090 82473
091 83741
092 51952
093 88236
094 50534
095 68845
096 95661
097 09726
098 20813
099 82892
100 56143
101 53790
102 35968
103 64548
104 77994
105 62056
106 25629
107 91740
108 64997
109 58985
110 42167
111 63710
112 68180
113 83913
114 49696
115 20545
116 12864
117 96796
118 45354
119 65746
120 13828
