001 07565
002 04614
003 01139
004 25697
005 90812
006 24463
007 75415
008 19767
009 51458
010 04815
011 74669
012 57993
013 43701
014 68259
015 50913
016 04778
017 69532
018 06538
019 40322
020 52959
021 65087
022 13516
023 72047
024 37442
025 28570
026 96767
027 84601
028 39160
029 02384
030 04741
031 20121
032 75886
033 01123
034 88788
035 12081
036 08947
037 41758
038 48962
039 89843
040 33270
041 42206
042 15571
043 71188
044 88382
045 56025
046 12939
047 83110
048 03071
049 19520
050 58543
051 82067
052 63048
053 58817
054 71046
055 35351
056 86273
057 35712
058 47725
059 51706
060 75125
061 40444
062 61230
063 59124
064 64681
065 63667
066 55035
067 93053
068 19157
069 93351
070 60257
071 08796
072 79893
073 19275
074 49858
075 01036
076 83436
077 38705
078 81653
079 71100
080 56022
081 77470
082 71935
083 88324
084 39813
085 37416
086 84724
087 81106
088 65585
089 34922
090 73342
091 58841
092 99359
093 51082
094 74960
095 62730
096 45099
097 81169
098 58542
099 20329
100 47619
101 81314
102 13449
103 07578
104 62078
105 05738
106 26617
107 97995
108 19141
109 94440
110 02422
111 04058
112 18966
113 00946
114 38615
115 42916
116 62993
117 45168
118 22206
119 57957
120 31266
