001 55919
002 25022
003 21084
004 31247
005 21879
006 67188
007 38768
008 38231
009 53176
010 35708
011 58125
012 72676
013 64776
014 46180
015 06581
016 15603
017 18670
018 98642
019 55893
020 62191
021 17701
022 73433
023 54856
024 84325
025 88783
026 00476
027 24383
028 61911
029 61467
030 43842
031 24289
032 25091
033 56624
034 20795
035 70893
036 51629
037 32128
038 74531
039 83991
040 60195
041 66292
042 44361
043 01579
044 51158
045 47387
046 96424
047 39647
048 95854
049 35120
050 54230
051 18802
052 58244
053 41534
054 13831
055 76105
056 34401
057 83756
058 12486
059 33222
060 12366
061 59407
062 73298
063 35301
064 22452
065 66272
066 33796
067 41972
068 53909
069 31100
070 82314
071 27999
072 64056
073 50073
074 15988
075 73277
076 87671
077 75588
078 22010
079 29392
080 20964
081 25191
082 12499
083 85828
084 78963
085 73907
086 62931
087 01540
088 76300
089 12277
090 43188
091 14624
092 49488
093 50770
094 81811
095 45761
096 35468
097 93974
098 57849
099 35455
100 58017
101 11693
102 12219
103 82380
104 46401
105 56211
106 44737
107 87566
108 40854
109 33331
110 81086
111 89825
112 60316
113 66152
114 57766
115 78281
116 49991
117 67796
118 65010
119 51722
120 57086
