001 27993
002 48770
003 50239
004 92683
005 35642
006 60040
007 88419
008 99694
009 59926
010 65439
011 99806
012 87090
013 90432
014 04371
015 55571
016 59735
017 65801
018 91006
019 43515
020 67546
021 74102
022 68242
023 01632
024 61233
025 36384
026 00313
027 22768
028 84160
029 58375
030 82397
031 23844
032 06305
033 77826
034 10410
035 73379
036 87497
037 45899
038 68082
039 30704
040 69550
041 57619
042 32863
043 39821
044 96895
045 05144
046 53574
047 84259
048 10936
049 14442
050 30439
051 35340
052 61180
053 55114
054 60844
055 40805
056 02427
057 96786
058 55555
059 08834
060 38065
061 90721
062 22656
063 13804
064 48670
065 22719
066 32071
067 27096
068 74532
069 40747
070 70664
071 12446
072 97282
073 36346
074 38398
075 85831
076 85911
077 43975
078 03183
079 93430
080 40450
081 36803
082 19168
083 46447
084 14553
085 26313
086 85352
087 19685
088 51431
089 08829
090 55879
091 61032
092 33211
093 19891
094 03563
095 84866
096 82506
097 72422
098 83881
099 14918
100 54330
101 33693
102 44014
103 19618
104 83422
105 93668
106 53923
107 51940
108 20398
109 29409
110 91176
111 41352
112 29102
113 21532
114 97736
115 71845
116 34681
117 83725
118 78891
119 07486
120 72934
