001 96989
002 65253
003 34260
004 04396
005 19939
006 54499
007 05047
008 45022
009 14287
010 70827
011 76687
012 10775
013 39265
014 41097
015 82928
016 88262
017 41501
018 03989
019 48315
020 12605
021 33954
022 12249
023 58736
024 47666
025 06942
026 90072
027 09143
028 12097
029 50385
030 27979
031 60992
032 07651
033 61708
034 41004
035 11330
036 88011
037 69043
038 52387
039 31624
040 00001
041 28071
042 35804
043 53269
044 15106
045 27437
046 70615
047 42670
048 98676
049 32762
050 15771
051 10592
052 39945
053 59288
054 75686
055 27490
056 43912
057 41238
058 43895
059 66534
060 23428
061 92242
062 58233
063 92844
064 72470
065 13550
066 55220
067 51338
068 02281
069 25557
070 35287
071 54141
072 20461
073 10089
074 09614
075 10625
076 86775
077 35805
078 20906
079 56324
080 13007
081 74567
082 83797
083 46564
084 47022
085 95295
086 76971
087 08249
088 70282
089 03576
090 32486
091 49343
092 75062
093 63460
094 46083
095 03860
096 59843
097 94604
098 55544
099 95748
100 76443
101 01067
102 58033
103 87093
104 73311
105 09224
106 41317
107 99617
108 89329
109 07283
110 69689
111 74923
112 00867
113 56423
114 71409
115 08231
116 58898
117 25943
118 03284
119 64702
120 36536
