001 09907
002 42853
003 80083
004 63835
005 82468
006 82459
007 30214
008 17697
009 99224
010 03165
011 97376
012 70301
013 66365
014 33785
015 18336
016 88681
017 22566
018 83737
019 46920
020 57115
021 16456
022 58583
023 24838
024 02565
025 20391
026 01628
027 04115
028 66047
029 78454
030 63198
031 20097
032 68110
033 93142
034 75034
035 78212
036 85116
037 04056
038 22251
039 64753
040 77515
041 17740
042 55889
043 88150
044 20147
045 27965
046 13709
047 31267
048 13854
049 34061
050 29066
051 45894
052 86666
053 19385
054 82223
055 25363
056 87370
057 19803
058 44948
059 11913
060 56503
061 92206
062 73346
063 69307
064 13040
065 70130
066 91236
067 53851
068 28674
069 07346
070 71466
071 30601
072 47149
073 50821
074 58133
075 96416
076 44256
077 44875
078 32351
079 39256
080 52319
081 25334
082 06144
083 82842
084 04813
085 12751
086 79512
087 75961
088 84100
089 12306
090 81719
091 52710
092 60236
093 13236
094 57637
095 73939
096 97430
097 58691
098 47724
099 74442
100 04571
101 28747
102 70922
103 17075
104 06948
105 44163
106 07714
107 96035
108 64862
109 89934
110 02947
111 97913
112 18679
113 40022
114 38156
115 72667
116 90222
117 99086
118 91348
119 03980
120 12430
