001 74820
002 57176
003 33991
004 63248
005 76915
006 81853
007 57696
008 99476
009 73378
010 46629
011 71567
012 85739
013 66499
014 11831
015 93550
016 66173
017 12669
018 39012
019 04588
020 20956
021 56252
022 31892
023 46778
024 25972
025 28989
026 55957
027 17223
028 61585
029 31973
030 85098
031 91238
032 70575
033 05217
034 81046
035 58556
036 11361
037 06587
038 65461
039 42479
040 07872
041 26380
042 80445
043 13427
044 57796
045 56085
046 25354
047 64975
048 74182
049 12546
050 79082
051 93051
052 25644
053 69965
054 24978
055 97095
056 75944
057 16206
058 98726
059 33051
060 97445
061 97379
062 92390
063 78244
064 89866
065 94782
066 37273
067 08837
068 44873
069 81102
070 64902
071 47229
072 52457
073 21512
074 03137
075 25207
076 96548
077 56962
078 40389
079 68006
080 65676
081 35787
082 06137
083 81920
084 05300
085 38808
086 91963
087 12336
088 79489
089 39884
090 72126
091 86019
092 03308
093 05283
094 82029
095 22105
096 25265
097 03080
098 88642
099 20011
100 57489
101 98284
102 63618
103 07428
104 92972
105 36457
106 06994
107 38848
108 85580
109 68454
110 91456
111 92068
112 42067
113 45251
114 72888
115 68630
116 99652
117 25330
118 31617
119 44558
120 84802
