001 48830
002 64322
003 92319
004 22575
005 50917
006 62452
007 87012
008 85827
009 30605
010 79899
011 61105
012 40608
013 22298
014 39168
015 35340
016 27502
017 22322
018 49179
019 31752
020 17540
021 78271
022 79809
023 04548
024 86252
025 68346
026 75656
027 72849
028 61869
029 38634
030 11877
031 57538
032 92481
033 08529
034 90431
035 42574
036 96327
037 21117
038 31237
039 65099
040 43818
041 36376
042 55166
043 54299
044 10174
045 37532
046 19733
047 16714
048 65948
049 87849
050 90402
051 05307
052 90292
053 55114
054 59406
055 65926
056 38103
057 46919
058 77526
059 58485
060 86298
061 37952
062 46051
063 59412
064 54084
065 87568
066 29032
067 58777
068 13902
069 23566
070 23134
071 48638
072 07582
073 03969
074 24507
075 24875
076 31877
077 79217
078 83061
079 43804
080 68526
081 13892
082 62124
083 84068
084 23529
085 98669
086 87994
087 90973
088 25429
089 09625
090 29379
091 56129
092 34218
093 67393
094 81656
095 49703
096 72293
097 34205
098 58897
099 87553
100 90870
101 79046
102 93849
103 64000
104 11125
105 25516
106 26901
107 20861
108 99284
109 82261
110 30650
111 23741
112 57465
113 69906
114 22172
115 33217
116 01118
117 07405
118 14382
119 58447
120 58077
