001 91358
002 36835
003 36530
004 52888
005 56577
006 96976
007 21844
008 86965
009 32475
010 70885
011 92794
012 09780
013 92649
014 72283
015 84569
016 64804
017 55941
018 82565
019 81296
020 18336
021 95502
022 86681
023 93216
024 10758
025 87828
026 90524
027 51974
028 28303
029 74921
030 31011
031 63614
032 15759
033 35279
034 91175
035 11019
036 80733
037 17083
038 23988
039 32464
040 09334
041 64268
042 36537
043 13326
044 08203
045 57335
046 77880
047 08248
048 75080
049 26968
050 97289
051 11108
052 57421
053 92961
054 17524
055 84277
056 18360
057 80564
058 52608
059 20227
060 38097
061 95108
062 72443
063 91007
064 76021
065 39903
066 72359
067 60435
068 44736
069 67232
070 89004
071 39509
072 77840
073 98335
074 78609
075 38801
076 93164
077 02060
078 30079
079 24582
080 02442
081 45684
082 23587
083 45225
084 16632
085 76147
086 04380
087 01494
088 22798
089 85735
090 52462
091 72180
092 12593
093 75364
094 24416
095 49498
096 96305
097 68395
098 17787
099 32173
100 47234
101 21146
102 58059
103 17478
104 32808
105 48902
106 03245
107 32278
108 11858
109 80678
110 95727
111 94035
112 18483
113 44453
114 14383
115 53092
116 05242
117 91409
118 00131
119 56266
120 10128
