001 94917
002 18642
003 68761
004 99694
005 38501
006 70838
007 25303
008 79258
009 89908
010 28415
011 73129
012 69432
013 26988
014 65552
015 26772
016 33541
017 80830
018 59276
019 00410
020 03363
021 04722
022 48595
023 55882
024 04380
025 55579
026 17928
027 42942
028 17009
029 75012
030 43102
031 65705
032 54218
033 18264
034 26680
035 79017
036 83893
037 90069
038 47792
039 68163
040 59544
041 96856
042 70366
043 72266
044 83477
045 93562
046 30690
047 09112
048 04842
049 18855
050 18160
051 41197
052 81274
053 26591
054 06886
055 47825
056 55203
057 95738
058 82850
059 70825
060 12471
061 14732
062 61759
063 08059
064 55843
065 80809
066 20878
067 06363
068 37314
069 68977
070 72521
071 44017
072 26669
073 38988
074 73478
075 92626
076 93131
077 03959
078 50013
079 05040
080 42376
081 10225
082 69038
083 62309
084 69997
085 43990
086 67096
087 73768
088 30101
089 87573
090 40559
091 58634
092 11572
093 62989
094 50281
095 89532
096 77759
097 97743
098 94316
099 51198
100 40809
101 50528
102 17980
103 45551
104 31898
105 28542
106 58816
107 33862
108 08128
109 87899
110 89354
111 47175
112 27176
113 15158
114 28908
115 27513
116 90934
117 27452
118 56823
119 79487
120 87675
