001 47027
002 87867
003 92674
004 -
005 -
006 96259
007 -
008 -
009 -
010 -
011 -
012 -
013 -
014 60493
015 -
016 93146
017 -
018 83614
019 31617
020 19352
021 10000
022 84580
023 63294
024 96155
025 35475
026 78504
027 38515
028 63032
029 83264
030 41971
031 68493
032 43200
033 86690
034 03552
035 18511
036 04480
037 75876
038 43025
039 07428
040 71933
041 56584
042 05811
043 21799
044 77094
045 50341
046 71392
047 57664
048 74554
049 78454
050 22837
051 67160
052 18823
053 62498
054 81424
055 24400
056 42927
057 97808
058 76526
059 74603
060 47827
061 55838
062 69525
063 47806
064 05805
065 89647
066 87500
067 79799
068 66567
069 64962
070 96207
071 16743
072 48867
073 29499
074 23658
075 70971
076 65738
077 69880
078 20548
079 57543
080 17818
081 59948
082 56412
083 92598
084 00784
085 12765
086 57437
087 05972
088 97969
089 33049
090 44668
091 01529
092 32218
093 68678
094 81214
095 80513
096 04765
097 50294
098 28162
099 37443
100 02390
101 63283
102 65617
103 10460
104 36389
105 25371
106 59429
107 26988
108 79183
109 96781
110 48652
111 63350
112 81103
113 29417
114 24406
115 29003
116 17363
117 20895
118 75052
119 14365
120 37496
