001 55973
002 98170
003 62220
004 76146
005 58593
006 65153
007 18217
008 44207
009 31082
010 30067
011 19952
012 26882
013 02861
014 52448
015 06681
016 74615
017 74416
018 20496
019 74196
020 20043
021 92163
022 12450
023 84945
024 58915
025 16543
026 23483
027 99713
028 87410
029 43515
030 20945
031 26072
032 36488
033 23144
034 49460
035 58097
036 06580
037 53686
038 25885
039 04107
040 29991
041 74571
042 62064
043 12216
044 72262
045 67316
046 43313
047 54061
048 01594
049 20398
050 16654
051 53374
052 55148
053 48259
054 07095
055 07752
056 92301
057 28676
058 74605
059 43486
060 93717
061 84083
062 27356
063 03066
064 32124
065 12527
066 17649
067 98948
068 43314
069 25691
070 16316
071 85155
072 74075
073 40564
074 40003
075 15496
076 57979
077 59072
078 16006
079 79985
080 08037
081 21673
082 73272
083 01127
084 78897
085 10505
086 96214
087 33107
088 31863
089 87797
090 63370
091 79179
092 68118
093 13616
094 54684
095 29663
096 64540
097 18149
098 51419
099 81696
100 79388
101 81739
102 25409
103 92915
104 14896
105 59446
106 61257
107 72107
108 26456
109 40993
110 14311
111 90954
112 70854
113 16294
114 19474
115 -
116 -
117 -
118 -
119 -
120 -
