001 13889
002 03502
003 60861
004 00984
005 28868
006 14511
007 08344
008 64049
009 45355
010 86718
011 18773
012 30447
013 62160
014 47142
015 98161
016 19428
017 33902
018 43446
019 19340
020 28691
021 97272
022 07809
023 03413
024 35314
025 69915
026 26108
027 11444
028 90068
029 36719
030 78793
031 28692
032 99716
033 52489
034 48719
035 78323
036 33262
037 95351
038 83065
039 87476
040 23661
041 08259
042 46000
043 08198
044 13751
045 00337
046 89072
047 43972
048 19102
049 74846
050 18559
051 00379
052 -
053 -
054 -
055 -
056 -
057 -
058 -
059 -
060 -
061 -
062 -
063 -
064 -
065 -
066 -
067 -
068 -
069 -
070 -
071 -
072 -
073 -
074 -
075 -
076 -
077 -
078 -
079 -
080 -
081 -
082 -
083 -
084 -
085 -
086 -
087 -
088 -
089 -
090 -
091 -
092 -
093 -
094 -
095 -
096 -
097 -
098 -
099 -
100 -
101 -
102 -
103 -
104 -
105 -
106 -
107 -
108 -
109 -
110 -
111 -
112 -
113 -
114 -
115 -
116 -
117 -
118 -
119 -
120 -
