001 99201
002 10354
003 50270
004 25888
005 69626
006 99140
007 51241
008 75951
009 40629
010 65171
011 95340
012 38367
013 20971
014 61178
015 96549
016 30343
017 89277
018 29325
019 72641
020 69082
021 04519
022 55928
023 03464
024 87353
025 17006
026 84503
027 68644
028 19251
029 46815
030 11704
031 13009
032 49628
033 20537
034 52347
035 34239
036 71718
037 29004
038 35279
039 81818
040 44262
041 63170
042 38533
043 09019
044 68480
045 01678
046 56745
047 75591
048 04428
049 24694
050 38595
051 10507
052 86550
053 58658
054 41040
055 92070
056 21799
057 79051
058 15253
059 67380
060 07380
061 16466
062 89444
063 17492
064 57135
065 38936
066 12558
067 99834
068 94591
069 23514
070 34663
071 71480
072 00072
073 82377
074 69497
075 30270
076 28341
077 91158
078 42640
079 07481
080 23418
081 03824
082 87637
083 44936
084 09439
085 97116
086 94498
087 40048
088 21033
089 78679
090 44840
091 71100
092 09511
093 85748
094 88292
095 46774
096 99973
097 91317
098 73772
099 56147
100 61481
101 37676
102 61692
103 80107
104 06981
105 13619
106 59889
107 68881
108 08477
109 38702
110 51142
111 18777
112 88822
113 61135
114 52517
115 76396
116 40499
117 14843
118 62542
119 90777
120 03102
