001 03073
002 39091
003 46268
004 06058
005 17657
006 55783
007 00661
008 91485
009 64207
010 88517
011 47418
012 01072
013 40623
014 32806
015 24699
016 98038
017 53503
018 57603
019 08747
020 49069
021 70340
022 74949
023 29756
024 48751
025 85306
026 65366
027 18993
028 29284
029 25231
030 75764
031 90525
032 63499
033 53579
034 58436
035 65585
036 66026
037 04643
038 20001
039 38224
040 84011
041 87862
042 81271
043 56246
044 68073
045 45576
046 92515
047 14331
048 23429
049 31672
050 79768
051 41215
052 46962
053 89597
054 87009
055 83486
056 79699
057 14355
058 20969
059 37611
060 18783
061 63473
062 86488
063 87168
064 26195
065 99144
066 76442
067 48228
068 23619
069 29690
070 07431
071 03711
072 34638
073 94587
074 91090
075 51525
076 05524
077 51922
078 96113
079 22947
080 26718
081 09946
082 22342
083 51889
084 80008
085 51941
086 22031
087 16298
088 11843
089 99195
090 70802
091 00604
092 76441
093 57544
094 03414
095 -
096 -
097 -
098 -
099 -
100 -
101 -
102 -
103 -
104 -
105 -
106 -
107 -
108 -
109 -
110 -
111 -
112 -
113 -
114 -
115 -
116 -
117 -
118 -
119 -
120 -
