001 92139
002 54973
003 22005
004 71861
005 27863
006 74920
007 58077
008 53403
009 36291
010 49141
011 07436
012 08007
013 39374
014 05844
015 88746
016 25190
017 14521
018 36537
019 85484
020 55886
021 30449
022 74336
023 65973
024 88547
025 88775
026 92604
027 44499
028 34529
029 48228
030 73348
031 80915
032 87911
033 66364
034 78779
035 87423
036 62937
037 64475
038 01989
039 00125
040 77043
041 94850
042 57319
043 14401
044 47282
045 40997
046 94837
047 99887
048 46831
049 93488
050 33603
051 58739
052 89904
053 79834
054 87597
055 32054
056 80812
057 08326
058 58323
059 10944
060 18903
061 48765
062 28540
063 48570
064 89016
065 15975
066 87793
067 87678
068 78744
069 02008
070 47579
071 61425
072 24459
073 16244
074 78019
075 88046
076 54616
077 16211
078 79996
079 20489
080 78754
081 31501
082 94072
083 50977
084 96256
085 60637
086 22481
087 17448
088 83531
089 90967
090 76619
091 24246
092 08961
093 94996
094 21903
095 84491
096 42118
097 44251
098 10797
099 24913
100 36462
101 62345
102 78594
103 07448
104 88273
105 70957
106 91221
107 77901
108 42994
109 76049
110 51825
111 72671
112 63295
113 16933
114 21124
115 17293
116 27204
117 88839
118 26114
119 33095
120 36996
