001 25987
002 03769
003 58304
004 58104
005 35991
006 94511
007 49681
008 71622
009 98183
010 03003
011 35483
012 71958
013 76053
014 34817
015 33660
016 16648
017 47607
018 13389
019 57869
020 23702
021 60295
022 81587
023 68647
024 98207
025 31590
026 40157
027 46523
028 73483
029 48352
030 91903
031 99123
032 90497
033 48277
034 23164
035 12295
036 57554
037 65354
038 78510
039 73568
040 68845
041 74652
042 47571
043 71964
044 55140
045 87313
046 95025
047 50071
048 45655
049 96759
050 47152
051 83378
052 01156
053 29073
054 51646
055 24448
056 87570
057 07319
058 02386
059 73614
060 95715
061 81189
062 32569
063 69314
064 13873
065 24015
066 58890
067 91606
068 98406
069 12777
070 85926
071 91986
072 31959
073 20900
074 99753
075 53611
076 23750
077 83972
078 88757
079 58426
080 24512
081 79446
082 47115
083 89763
084 54745
085 30450
086 01805
087 00692
088 65131
089 94184
090 53871
091 12141
092 55039
093 25021
094 09901
095 18948
096 75727
097 07430
098 39261
099 16595
100 90783
101 94526
102 41509
103 33668
104 87618
105 40898
106 30287
107 57276
108 62440
109 94715
110 45247
111 32968
112 91989
113 53805
114 30458
115 99245
116 43754
117 59484
118 68162
119 59693
120 60038
