001 -
002 -
003 -
004 -
005 -
006 -
007 -
008 -
009 -
010 -
011 -
012 -
013 -
014 -
015 -
016 -
017 -
018 -
019 -
020 -
021 -
022 -
023 -
024 03583
025 64345
026 79830
027 33728
028 03947
029 29096
030 28099
031 55544
032 65126
033 76690
034 55493
035 26806
036 18326
037 08719
038 55593
039 95588
040 50293
041 37865
042 60325
043 71480
044 79765
045 34918
046 06903
047 77493
048 60199
049 04515
050 36709
051 99026
052 47583
053 32369
054 45388
055 74499
056 65098
057 03470
058 65396
059 73804
060 12666
061 81554
062 09689
063 68220
064 69305
065 59872
066 63024
067 43100
068 61670
069 66613
070 07243
071 00367
072 86255
073 21650
074 10349
075 06632
076 15329
077 95835
078 12810
079 57939
080 10245
081 24333
082 43755
083 92951
084 06955
085 73734
086 14744
087 03190
088 56304
089 62106
090 36194
091 63873
092 68305
093 27578
094 53575
095 29922
096 54234
097 03881
098 31703
099 35139
100 81285
101 28229
102 39392
103 77586
104 77559
105 72632
106 69331
107 71071
108 76315
109 18383
110 89137
111 46470
112 47882
113 78630
114 00497
115 93217
116 78940
117 95467
118 29026
119 70246
120 61492
