001 64068
002 95625
003 91314
004 20010
005 10121
006 01539
007 75572
008 61938
009 35284
010 84003
011 14449
012 65634
013 74984
014 72616
015 32069
016 55150
017 93668
018 60282
019 15775
020 91832
021 15028
022 30855
023 34832
024 23070
025 21024
026 76379
027 99378
028 52780
029 59959
030 37752
031 90800
032 09527
033 41868
034 93510
035 95588
036 10366
037 14670
038 46144
039 14332
040 67732
041 95008
042 13962
043 05631
044 19895
045 67483
046 69765
047 27869
048 61106
049 30133
050 21797
051 93601
052 66986
053 09602
054 59897
055 72611
056 97211
057 13599
058 11619
059 03050
060 71624
061 21765
062 16219
063 71078
064 53541
065 33868
066 10609
067 66548
068 30785
069 25552
070 96178
071 93768
072 19050
073 34073
074 37155
075 25794
076 63036
077 06004
078 49035
079 75895
080 82815
081 02405
082 48330
083 42163
084 51716
085 43631
086 28272
087 93109
088 28384
089 71050
090 28294
091 89164
092 20990
093 03112
094 64808
095 09768
096 00013
097 25679
098 32483
099 81607
100 48058
101 21866
102 82714
103 18546
104 32751
105 32635
106 65195
107 09792
108 09510
109 74028
110 75268
111 95832
112 87873
113 65256
114 94921
115 76914
116 88858
117 89109
118 89909
119 36831
120 55306
