001 96939
002 12426
003 46120
004 56563
005 75173
006 89072
007 89415
008 61694
009 93324
010 68631
011 01655
012 08736
013 70390
014 42274
015 72369
016 20191
017 66166
018 88949
019 74025
020 51765
021 60965
022 47458
023 82645
024 89633
025 51605
026 82332
027 88512
028 90414
029 50999
030 54815
031 83430
032 87086
033 89158
034 75172
035 56936
036 43442
037 81919
038 38555
039 57127
040 34930
041 99051
042 72985
043 95033
044 94278
045 42199
046 78132
047 62309
048 13870
049 45517
050 43355
051 40224
052 32816
053 11038
054 16724
055 61944
056 64902
057 62377
058 62745
059 73730
060 16600
061 25116
062 46424
063 41193
064 09926
065 66137
066 94658
067 87189
068 40050
069 54010
070 58524
071 93149
072 91200
073 95761
074 33647
075 57158
076 72428
077 13344
078 22616
079 43950
080 55675
081 72849
082 36858
083 92820
084 08640
085 73721
086 19976
087 73497
088 04526
089 46742
090 07696
091 39748
092 37686
093 44472
094 57064
095 97250
096 91125
097 40044
098 98354
099 19265
100 50149
101 15716
102 63672
103 37012
104 90091
105 83684
106 07100
107 65313
108 50099
109 54628
110 44427
111 95735
112 04295
113 29109
114 25586
115 48073
116 08666
117 48459
118 24169
119 40771
120 58028
