001 01165
002 64448
003 01363
004 92534
005 34521
006 42655
007 44229
008 42055
009 79291
010 11321
011 45292
012 27228
013 47860
014 92831
015 22757
016 74862
017 29052
018 52672
019 09323
020 19958
021 85199
022 22067
023 20065
024 12720
025 99410
026 09039
027 45988
028 45394
029 52192
030 74375
031 29048
032 25180
033 54946
034 05071
035 79708
036 65637
037 44677
038 20201
039 99088
040 60942
041 92587
042 51852
043 74102
044 84490
045 21411
046 22158
047 32096
048 00184
049 25601
050 21548
051 07132
052 93873
053 68485
054 59363
055 79397
056 92676
057 29628
058 31550
059 71926
060 13673
061 90608
062 40151
063 19724
064 56096
065 69563
066 28330
067 26413
068 34719
069 00453
070 86789
071 83542
072 70069
073 82371
074 59916
075 73119
076 02666
077 51125
078 81313
079 47654
080 25073
081 38236
082 67601
083 46684
084 49940
085 24170
086 43165
087 21111
088 33645
089 98377
090 10863
091 01867
092 86761
093 66184
094 19301
095 80148
096 27002
097 79645
098 89890
099 03134
100 68596
101 93759
102 08078
103 74779
104 09433
105 81209
106 11972
107 03659
108 08270
109 01412
110 84389
111 24690
112 51066
113 08162
114 71307
115 95695
116 09228
117 50792
118 76951
119 87342
120 88368
