001 94151
002 45758
003 59006
004 47350
005 04508
006 40253
007 38282
008 02486
009 34498
010 34299
011 33841
012 30496
013 16866
014 76250
015 14189
016 86658
017 86103
018 15899
019 45263
020 50270
021 79135
022 62416
023 50791
024 13021
025 67904
026 48485
027 72478
028 81690
029 90170
030 10250
031 61424
032 86905
033 37032
034 96961
035 14052
036 21334
037 66439
038 89870
039 21071
040 63495
041 96255
042 09988
043 14767
044 64883
045 10643
046 77414
047 26741
048 89600
049 01283
050 86684
051 36121
052 19871
053 95707
054 32997
055 60931
056 26232
057 55704
058 56487
059 05735
060 64005
061 03548
062 08181
063 20412
064 09624
065 10714
066 84932
067 20350
068 35945
069 69212
070 91301
071 94066
072 83324
073 87502
074 01458
075 81121
076 43149
077 00066
078 51865
079 36372
080 78248
081 33012
082 92949
083 23985
084 78652
085 48351
086 44622
087 79478
088 31709
089 26128
090 75303
091 06560
092 59238
093 54262
094 46275
095 51756
096 11899
097 96432
098 95627
099 18364
100 87344
101 63495
102 96413
103 67595
104 39079
105 68042
106 29325
107 25085
108 28895
109 97588
110 45753
111 02208
112 23130
113 26842
114 11666
115 65323
116 26677
117 21167
118 08446
119 24488
120 24665
