001 98170
002 09699
003 29107
004 87373
005 82236
006 14410
007 63179
008 15893
009 46519
010 35200
011 97769
012 76028
013 44230
014 17121
015 71302
016 20950
017 76480
018 93051
019 11069
020 47282
021 90181
022 24278
023 41318
024 22991
025 35523
026 98814
027 38041
028 43000
029 53032
030 37931
031 21452
032 83803
033 91747
034 42489
035 12947
036 72014
037 84243
038 13443
039 19717
040 01344
041 50233
042 29120
043 45139
044 67494
045 69252
046 79097
047 08303
048 88417
049 26744
050 63451
051 99182
052 06646
053 12609
054 90600
055 49373
056 34524
057 26095
058 60796
059 85921
060 19770
061 37673
062 14830
063 91029
064 98548
065 57866
066 16739
067 43532
068 23508
069 20211
070 60767
071 60706
072 32312
073 50059
074 93911
075 67565
076 60417
077 62684
078 18688
079 52245
080 32459
081 75843
082 95885
083 28640
084 71801
085 30193
086 87376
087 65420
088 21499
089 77536
090 05671
091 54172
092 94954
093 71264
094 86211
095 01621
096 35000
097 11595
098 84698
099 34868
100 61188
101 50835
102 63902
103 97705
104 79208
105 89908
106 13788
107 96949
108 92280
109 22434
110 33801
111 42607
112 75781
113 23839
114 62376
115 29243
116 30771
117 34150
118 13720
119 47727
120 00478
