001 31925
002 68135
003 08461
004 00325
005 05632
006 92103
007 26136
008 97224
009 49599
010 93799
011 73315
012 34391
013 90907
014 02491
015 46158
016 07999
017 29073
018 64671
019 10057
020 16145
021 26411
022 20164
023 44649
024 95399
025 28404
026 16111
027 16479
028 77062
029 04351
030 53617
031 09187
032 39609
033 83257
034 69854
035 32595
036 50528
037 57916
038 43710
039 50871
040 25092
041 02814
042 88503
043 60941
044 34090
045 17915
046 84959
047 00395
048 85755
049 42276
050 08400
051 19720
052 06022
053 16362
054 87431
055 65159
056 70035
057 94491
058 12372
059 97877
060 60941
061 82941
062 88406
063 91328
064 58996
065 11494
066 81489
067 49131
068 22909
069 69926
070 94546
071 96610
072 41976
073 64467
074 65793
075 61112
076 20261
077 75583
078 55679
079 72208
080 24270
081 72676
082 50389
083 67685
084 64913
085 18867
086 97462
087 82581
088 77539
089 60783
090 22216
091 33970
092 29735
093 36624
094 85885
095 24614
096 81265
097 51567
098 98965
099 65450
100 21148
101 -
102 -
103 -
104 -
105 -
106 -
107 -
108 -
109 -
110 -
111 -
112 -
113 -
114 -
115 -
116 -
117 -
118 -
119 -
120 -
