001 98103
002 67308
003 02540
004 26669
005 05362
006 37432
007 51632
008 07707
009 92203
010 61366
011 78595
012 92612
013 26151
014 20893
015 66926
016 79110
017 37227
018 70941
019 77737
020 03908
021 20789
022 69121
023 83976
024 09056
025 28378
026 79411
027 81449
028 35234
029 19242
030 98823
031 83283
032 89879
033 21092
034 12024
035 93144
036 99834
037 32696
038 79443
039 91655
040 85238
041 10003
042 58701
043 46570
044 73087
045 12489
046 25319
047 54154
048 08957
049 82648
050 26573
051 78259
052 07451
053 20068
054 78207
055 67048
056 98254
057 51472
058 01860
059 03821
060 49506
061 01735
062 48172
063 67268
064 07882
065 96098
066 30465
067 42172
068 00850
069 69487
070 56348
071 42645
072 82158
073 05779
074 05172
075 18257
076 98684
077 94883
078 88131
079 26263
080 00147
081 12330
082 49137
083 07651
084 96392
085 81248
086 30650
087 41036
088 06090
089 93417
090 05760
091 78795
092 76941
093 32324
094 09637
095 52292
096 67947
097 23810
098 57004
099 20963
100 13311
101 20715
102 77821
103 65877
104 40053
105 90614
106 95023
107 77305
108 76789
109 06114
110 91961
111 44844
112 46991
113 91895
114 11608
115 49253
116 89205
117 13791
118 40898
119 50871
120 60879
