001 49374
002 52319
003 05940
004 85219
005 61588
006 40147
007 86241
008 38842
009 66405
010 60359
011 71161
012 78435
013 11836
014 78682
015 91701
016 78480
017 32926
018 11986
019 87838
020 10346
021 38837
022 14252
023 81801
024 84315
025 69031
026 83387
027 04037
028 41652
029 26355
030 88755
031 19710
032 08877
033 12128
034 97659
035 37851
036 34576
037 84215
038 70292
039 29974
040 67932
041 69849
042 58323
043 08643
044 89086
045 36629
046 55144
047 95651
048 75060
049 26453
050 23764
051 50866
052 23688
053 62218
054 78795
055 71757
056 30064
057 95561
058 22175
059 74437
060 03020
061 10185
062 90349
063 66419
064 22250
065 58365
066 91503
067 20667
068 19931
069 12450
070 35991
071 42564
072 06107
073 84073
074 88580
075 28524
076 67038
077 38487
078 76474
079 66906
080 96376
081 88606
082 39350
083 45737
084 65528
085 95900
086 52253
087 28998
088 91478
089 64606
090 88212
091 48761
092 40879
093 28489
094 84466
095 21637
096 35786
097 34281
098 49287
099 24707
100 52138
101 70734
102 65497
103 27845
104 66221
105 47710
106 10221
107 36146
108 89608
109 01008
110 71290
111 38124
112 25932
113 68815
114 32971
115 20043
116 77107
117 73300
118 22866
119 28416
120 62489
