001 53489
002 46396
003 76597
004 28651
005 34557
006 06370
007 19318
008 42545
009 50575
010 57135
011 45406
012 37887
013 47666
014 50402
015 98959
016 75230
017 23486
018 49475
019 74609
020 04845
021 96132
022 42319
023 91417
024 99491
025 30998
026 39983
027 07812
028 89674
029 10221
030 93328
031 40299
032 06311
033 27334
034 13756
035 26906
036 49161
037 85744
038 39123
039 20046
040 83650
041 07926
042 24774
043 27723
044 14732
045 26810
046 55222
047 40486
048 80432
049 15660
050 52707
051 78088
052 63843
053 68484
054 02859
055 19367
056 72811
057 73121
058 40463
059 90410
060 80003
061 40127
062 40664
063 13677
064 68490
065 79318
066 42494
067 73022
068 90917
069 66810
070 66745
071 47304
072 89863
073 98280
074 22469
075 23571
076 71815
077 10214
078 72671
079 53824
080 96191
081 64984
082 68674
083 57688
084 56941
085 62124
086 66087
087 50402
088 65979
089 85384
090 37175
091 61359
092 25452
093 92785
094 28451
095 80695
096 40300
097 43808
098 29649
099 22210
100 28317
101 55227
102 70444
103 19560
104 98024
105 44443
106 80880
107 73437
108 80549
109 55314
110 44760
111 07061
112 48412
113 55282
114 34559
115 08247
116 93734
117 14545
118 55545
119 44079
120 17566
