001 49849
002 12103
003 23006
004 34124
005 16220
006 12734
007 14955
008 01037
009 09866
010 87848
011 14213
012 90436
013 56471
014 47422
015 95721
016 47375
017 23647
018 76293
019 95726
020 22210
021 44740
022 00892
023 84806
024 09930
025 72933
026 21461
027 31700
028 76302
029 76667
030 51848
031 24125
032 03083
033 03245
034 31684
035 41756
036 40942
037 95948
038 29559
039 16142
040 90137
041 76704
042 26598
043 86900
044 00489
045 94426
046 64378
047 69711
048 46021
049 58110
050 43044
051 39783
052 07848
053 74989
054 68066
055 69692
056 15916
057 72883
058 59101
059 06041
060 67636
061 36140
062 06615
063 08435
064 93088
065 02684
066 64255
067 10507
068 81893
069 40112
070 03771
071 48300
072 30336
073 83409
074 46453
075 78532
076 48208
077 88487
078 66905
079 42166
080 39095
081 69309
082 07043
083 34588
084 52127
085 43453
086 12386
087 74157
088 93062
089 83984
090 65408
091 37615
092 20891
093 50336
094 79585
095 75038
096 58354
097 81734
098 52292
099 99604
100 44076
101 86018
102 99108
103 51040
104 25567
105 47141
106 47148
107 13263
108 71180
109 70551
110 64271
111 05974
112 15799
113 77210
114 47368
115 01114
116 99666
117 43368
118 74335
119 00764
120 27789
