001 71542
002 93580
003 36276
004 75553
005 34181
006 69501
007 97144
008 06019
009 28924
010 03127
011 19626
012 52111
013 51990
014 47571
015 07180
016 01576
017 33597
018 39511
019 46521
020 52842
021 65910
022 63003
023 15561
024 73354
025 56909
026 47373
027 46042
028 12000
029 34411
030 83276
031 63105
032 29566
033 32940
034 75924
035 55423
036 39749
037 38394
038 09752
039 77451
040 38594
041 70089
042 56693
043 92007
044 65008
045 63848
046 42714
047 98271
048 81967
049 12662
050 33072
051 20328
052 17727
053 91378
054 78564
055 24980
056 60721
057 59029
058 56516
059 49091
060 54893
061 69495
062 02239
063 86726
064 16785
065 97405
066 12814
067 67083
068 30132
069 64243
070 35280
071 77218
072 22572
073 01257
074 75379
075 26568
076 34721
077 65577
078 19917
079 30725
080 32836
081 66686
082 18563
083 63317
084 72363
085 98038
086 48064
087 00123
088 54799
089 82174
090 80505
091 10610
092 38359
093 43890
094 36071
095 46038
096 30377
097 56505
098 68463
099 12704
100 45625
101 89087
102 71713
103 22237
104 21741
105 23682
106 05303
107 10198
108 12124
109 93667
110 02668
111 09081
112 46596
113 21055
114 98490
115 88041
116 82967
117 84719
118 08583
119 99071
120 -
