001 38857
002 04936
003 84500
004 65113
005 14213
006 83756
007 70233
008 08997
009 43618
010 52252
011 25207
012 97043
013 76547
014 69437
015 50143
016 51744
017 29496
018 41111
019 03782
020 21030
021 52766
022 54962
023 96878
024 22876
025 55332
026 13994
027 29388
028 98927
029 75581
030 37723
031 74777
032 09224
033 47207
034 75761
035 13370
036 62167
037 00805
038 89503
039 27747
040 54168
041 80231
042 88146
043 70333
044 05110
045 82317
046 14162
047 86493
048 73014
049 67443
050 87429
051 57283
052 38235
053 33679
054 48851
055 72951
056 68600
057 41579
058 83086
059 36818
060 95349
061 10525
062 38669
063 05395
064 25100
065 29326
066 60019
067 25340
068 81754
069 09252
070 59878
071 60901
072 90804
073 48598
074 50340
075 35319
076 11928
077 87398
078 08427
079 41871
080 33444
081 25341
082 44159
083 06795
084 46613
085 17921
086 93212
087 77425
088 97862
089 64253
090 80888
091 38259
092 94816
093 56838
094 45247
095 21416
096 59549
097 66562
098 88035
099 99260
100 76848
101 60839
102 87938
103 43443
104 77475
105 07118
106 39306
107 82694
108 86200
109 85734
110 57222
111 37339
112 64279
113 65331
114 15533
115 10361
116 03830
117 95427
118 24732
119 98545
120 63846
