001 56996
002 66735
003 71979
004 95271
005 48076
006 93229
007 66484
008 74282
009 49821
010 27483
011 89226
012 30936
013 13762
014 31409
015 91834
016 82305
017 63702
018 09866
019 75353
020 52538
021 13756
022 22235
023 66858
024 97997
025 09670
026 33005
027 15464
028 93924
029 97755
030 88309
031 43693
032 35311
033 72843
034 16588
035 57577
036 05349
037 91914
038 90515
039 22917
040 58817
041 13606
042 19230
043 38292
044 08715
045 17921
046 95826
047 26707
048 17103
049 13325
050 49886
051 34156
052 13194
053 41548
054 15682
055 64403
056 67905
057 41624
058 90511
059 37011
060 -
061 -
062 -
063 -
064 -
065 -
066 -
067 -
068 -
069 -
070 -
071 -
072 -
073 -
074 -
075 -
076 -
077 -
078 -
079 -
080 -
081 -
082 -
083 -
084 -
085 -
086 -
087 -
088 -
089 -
090 -
091 -
092 -
093 -
094 -
095 -
096 -
097 -
098 -
099 -
100 -
101 -
102 -
103 -
104 -
105 -
106 -
107 -
108 -
109 -
110 -
111 -
112 -
113 -
114 -
115 -
116 -
117 -
118 -
119 -
120 -
