001 86373
002 08298
003 78286
004 75089
005 49255
006 77595
007 21748
008 40812
009 06615
010 23594
011 04972
012 77257
013 23093
014 20771
015 15223
016 22416
017 30139
018 97839
019 99175
020 14377
021 23866
022 53338
023 54571
024 36907
025 30562
026 73042
027 70335
028 29515
029 07023
030 34710
031 28996
032 14739
033 70551
034 77999
035 12565
036 82949
037 28592
038 08661
039 23619
040 60322
041 84979
042 76013
043 51503
044 93060
045 18773
046 92072
047 74204
048 98015
049 26205
050 14468
051 69065
052 04408
053 92403
054 41742
055 63303
056 50320
057 06938
058 61737
059 88273
060 -
061 -
062 -
063 -
064 -
065 -
066 -
067 -
068 -
069 -
070 -
071 -
072 -
073 -
074 -
075 -
076 -
077 -
078 -
079 -
080 -
081 -
082 -
083 -
084 -
085 -
086 -
087 -
088 -
089 -
090 -
091 -
092 -
093 -
094 -
095 -
096 -
097 -
098 -
099 -
100 -
101 -
102 -
103 -
104 -
105 -
106 -
107 -
108 -
109 -
110 -
111 -
112 -
113 -
114 -
115 -
116 -
117 -
118 -
119 -
120 -
