001 36845
002 78277
003 54534
004 61911
005 77877
006 81223
007 67674
008 00453
009 41649
010 44348
011 10897
012 92075
013 95180
014 97424
015 15380
016 57279
017 60212
018 95930
019 57531
020 38433
021 06401
022 01765
023 78099
024 22140
025 15713
026 46658
027 37081
028 49786
029 16749
030 70601
031 59531
032 71130
033 77555
034 29925
035 41528
036 08603
037 34396
038 99443
039 15422
040 44206
041 20086
042 86973
043 01985
044 32256
045 73590
046 92425
047 91928
048 79623
049 61014
050 02018
051 75750
052 70843
053 02076
054 41002
055 12981
056 50591
057 16965
058 42902
059 07162
060 -
061 -
062 -
063 -
064 -
065 -
066 -
067 -
068 -
069 -
070 -
071 -
072 -
073 -
074 -
075 -
076 -
077 -
078 -
079 -
080 -
081 -
082 -
083 -
084 -
085 -
086 -
087 -
088 -
089 -
090 -
091 -
092 -
093 -
094 -
095 -
096 -
097 -
098 -
099 -
100 -
101 -
102 -
103 -
104 -
105 -
106 -
107 -
108 -
109 -
110 -
111 -
112 -
113 -
114 -
115 -
116 -
117 -
118 -
119 -
120 -
