001 37193
002 68173
003 90657
004 97604
005 84950
006 64200
007 42262
008 36768
009 54261
010 36776
011 01122
012 37698
013 98031
014 72055
015 75074
016 44831
017 40800
018 70606
019 23781
020 81895
021 65837
022 98394
023 59058
024 39296
025 39525
026 00359
027 59274
028 10581
029 35751
030 25975
031 22551
032 44548
033 71200
034 56919
035 49540
036 66670
037 27770
038 00693
039 85948
040 93200
041 95329
042 37763
043 84632
044 62102
045 88055
046 20248
047 44503
048 51451
049 17025
050 15607
051 49832
052 83266
053 72379
054 91043
055 44230
056 65250
057 52186
058 35696
059 47651
060 -
061 -
062 -
063 -
064 -
065 -
066 -
067 -
068 -
069 -
070 -
071 -
072 -
073 -
074 -
075 -
076 -
077 -
078 -
079 -
080 -
081 -
082 -
083 -
084 -
085 -
086 -
087 -
088 -
089 -
090 -
091 -
092 -
093 -
094 -
095 -
096 -
097 -
098 -
099 -
100 -
101 -
102 -
103 -
104 -
105 -
106 -
107 -
108 -
109 -
110 -
111 -
112 -
113 -
114 -
115 -
116 -
117 -
118 -
119 -
120 -
