001 18811
002 53361
003 12594
004 42147
005 41203
006 21855
007 07436
008 82429
009 83604
010 74790
011 97139
012 18453
013 81705
014 31618
015 71885
016 90231
017 72679
018 79565
019 38844
020 11821
021 62906
022 67776
023 10368
024 21005
025 91282
026 19586
027 27297
028 59516
029 58349
030 72688
031 40736
032 68735
033 74900
034 50057
035 75658
036 85256
037 47475
038 80268
039 18647
040 05926
041 83032
042 92038
043 62917
044 72173
045 02357
046 89584
047 51103
048 62332
049 12121
050 91206
051 08037
052 42418
053 29827
054 21601
055 04946
056 45837
057 36026
058 90289
059 78222
060 -
061 -
062 -
063 -
064 -
065 -
066 -
067 -
068 -
069 -
070 -
071 -
072 -
073 -
074 -
075 -
076 -
077 -
078 -
079 -
080 -
081 -
082 -
083 -
084 -
085 -
086 -
087 -
088 -
089 -
090 -
091 -
092 -
093 -
094 -
095 -
096 -
097 -
098 -
099 -
100 -
101 -
102 -
103 -
104 -
105 -
106 -
107 -
108 -
109 -
110 -
111 -
112 -
113 -
114 -
115 -
116 -
117 -
118 -
119 -
120 -
