001 11110
002 98905
003 96257
004 29395
005 66844
006 03945
007 47498
008 91590
009 24389
010 21772
011 31374
012 21255
013 98007
014 09073
015 74345
016 96216
017 93580
018 20675
019 07396
020 08932
021 22163
022 47922
023 85093
024 01204
025 49060
026 96905
027 73574
028 50799
029 72775
030 41516
031 48963
032 40324
033 68671
034 57516
035 97555
036 46885
037 98750
038 84088
039 51618
040 14071
041 58451
042 53037
043 51066
044 96293
045 63892
046 71068
047 19611
048 76873
049 33097
050 92159
051 43727
052 89515
053 87215
054 30326
055 49553
056 39749
057 39147
058 -
059 -
060 -
061 -
062 -
063 -
064 -
065 -
066 -
067 -
068 -
069 -
070 -
071 -
072 -
073 -
074 -
075 -
076 -
077 -
078 -
079 -
080 -
081 -
082 -
083 -
084 -
085 -
086 -
087 -
088 -
089 -
090 -
091 -
092 -
093 -
094 -
095 -
096 -
097 -
098 -
099 -
100 -
101 -
102 -
103 -
104 -
105 -
106 -
107 -
108 -
109 -
110 -
111 -
112 -
113 -
114 -
115 -
116 -
117 -
118 -
119 -
120 -
