001 71242
002 13187
003 31910
004 24894
005 75867
006 73586
007 81848
008 87065
009 94996
010 79992
011 44755
012 84294
013 74803
014 59882
015 29950
016 16348
017 24863
018 77971
019 89912
020 21776
021 95946
022 65329
023 32107
024 93421
025 19950
026 76129
027 04435
028 94406
029 40211
030 24115
031 57188
032 20457
033 80503
034 13567
035 46720
036 27693
037 93108
038 94889
039 36883
040 86148
041 98217
042 95434
043 11739
044 27376
045 16671
046 08869
047 01944
048 91342
049 16342
050 35115
051 60454
052 35278
053 90043
054 53709
055 25171
056 35997
057 79957
058 81894
059 39489
060 41691
061 24320
062 51503
063 03800
064 26438
065 31860
066 96303
067 92033
068 80297
069 97353
070 84214
071 63800
072 93004
073 69131
074 03493
075 31633
076 89669
077 00634
078 73967
079 82694
080 40767
081 91560
082 70849
083 29800
084 80912
085 11584
086 12661
087 72202
088 87209
089 26539
090 57242
091 02796
092 10288
093 45049
094 03386
095 01425
096 34847
097 24510
098 60290
099 53351
100 74738
101 99363
102 69490
103 89216
104 30155
105 27212
106 51011
107 12167
108 48081
109 80395
110 14667
111 68415
112 76677
113 05949
114 26660
115 73922
116 81253
117 -
118 -
119 -
120 -
