001 51075
002 50922
003 80757
004 70158
005 08404
006 68529
007 94604
008 54308
009 62912
010 26778
011 98983
012 72246
013 07528
014 11800
015 73860
016 68310
017 48669
018 23306
019 41547
020 87407
021 19099
022 32117
023 62754
024 93253
025 51298
026 09292
027 71900
028 28438
029 17469
030 06622
031 35828
032 93853
033 94930
034 69231
035 56375
036 19568
037 46783
038 54908
039 83024
040 46393
041 38671
042 21958
043 40326
044 49245
045 93604
046 55507
047 34333
048 01785
049 56806
050 03476
051 42570
052 22346
053 73742
054 23468
055 00776
056 71683
057 51088
058 47078
059 53419
060 -
061 -
062 -
063 -
064 -
065 -
066 -
067 -
068 -
069 -
070 -
071 -
072 -
073 -
074 -
075 -
076 -
077 -
078 -
079 -
080 -
081 -
082 -
083 -
084 -
085 -
086 -
087 -
088 -
089 -
090 -
091 -
092 -
093 -
094 -
095 -
096 -
097 -
098 -
099 -
100 -
101 -
102 -
103 -
104 -
105 -
106 -
107 -
108 -
109 -
110 -
111 -
112 -
113 -
114 -
115 -
116 -
117 -
118 -
119 -
120 -
