001 44180
002 38983
003 32970
004 47987
005 84200
006 45676
007 87014
008 46209
009 67787
010 75340
011 94284
012 26384
013 50166
014 95902
015 87705
016 47148
017 80572
018 24120
019 25009
020 10531
021 86162
022 74696
023 92538
024 57886
025 96419
026 01263
027 62668
028 06455
029 85390
030 41190
031 39236
032 52391
033 22024
034 00479
035 51204
036 94202
037 47428
038 65488
039 87467
040 54478
041 15459
042 50122
043 38710
044 85479
045 94771
046 31247
047 00581
048 83040
049 47663
050 15453
051 66203
052 63956
053 72779
054 39227
055 53518
056 86961
057 31846
058 56937
059 64687
060 07438
061 50641
062 32208
063 32618
064 71855
065 56221
066 07703
067 17576
068 58376
069 04936
070 22099
071 95013
072 18904
073 89154
074 45000
075 71037
076 10839
077 52940
078 73157
079 89920
080 48463
081 59921
082 97372
083 22604
084 39951
085 99138
086 27495
087 51212
088 50996
089 98617
090 04327
091 15047
092 05216
093 11864
094 97869
095 51695
096 74382
097 95602
098 83123
099 12280
100 78546
101 34993
102 78904
103 96844
104 53334
105 24612
106 95456
107 26076
108 76069
109 44211
110 26788
111 09593
112 07013
113 04084
114 30717
115 98431
116 69066
117 13574
118 78102
119 25836
120 73152
