001 59067
002 13843
003 99542
004 52248
005 82129
006 24538
007 62019
008 53595
009 22575
010 93782
011 38821
012 46901
013 84571
014 94399
015 76667
016 62869
017 22835
018 11400
019 73399
020 63223
021 02461
022 96433
023 95768
024 96758
025 40482
026 58928
027 28674
028 10197
029 94120
030 01548
031 18498
032 89309
033 18969
034 24438
035 48987
036 14302
037 82011
038 42513
039 24445
040 45389
041 31012
042 58667
043 08437
044 25144
045 98545
046 59389
047 73720
048 05382
049 27723
050 52547
051 03312
052 05302
053 11320
054 46576
055 64984
056 23705
057 01071
058 90280
059 99408
060 -
061 -
062 -
063 -
064 -
065 -
066 -
067 -
068 -
069 -
070 -
071 -
072 -
073 -
074 -
075 -
076 -
077 -
078 -
079 -
080 -
081 -
082 -
083 -
084 -
085 -
086 -
087 -
088 -
089 -
090 -
091 -
092 -
093 -
094 -
095 -
096 -
097 -
098 -
099 -
100 -
101 -
102 -
103 -
104 -
105 -
106 -
107 -
108 -
109 -
110 -
111 -
112 -
113 -
114 -
115 -
116 -
117 -
118 -
119 -
120 -
