001 60159
002 68245
003 27373
004 79029
005 93334
006 91052
007 26680
008 28976
009 51120
010 32016
011 74315
012 43192
013 21921
014 61103
015 61456
016 88618
017 74699
018 30616
019 56865
020 69949
021 66148
022 37923
023 86789
024 41842
025 40746
026 94342
027 31511
028 35361
029 39658
030 11128
031 49068
032 85135
033 06349
034 78670
035 72660
036 26998
037 16527
038 58577
039 02437
040 65084
041 68963
042 64161
043 76451
044 44121
045 66749
046 43904
047 29359
048 37719
049 27921
050 20130
051 70161
052 83861
053 92448
054 03388
055 08631
056 91542
057 53914
058 28041
059 41222
060 -
061 -
062 -
063 -
064 -
065 -
066 -
067 -
068 -
069 -
070 -
071 -
072 -
073 -
074 -
075 -
076 -
077 -
078 -
079 -
080 -
081 -
082 -
083 -
084 -
085 -
086 -
087 -
088 -
089 -
090 -
091 -
092 -
093 -
094 -
095 -
096 -
097 -
098 -
099 -
100 -
101 -
102 -
103 -
104 -
105 -
106 -
107 -
108 -
109 -
110 -
111 -
112 -
113 -
114 -
115 -
116 -
117 -
118 -
119 -
120 -
