001 14961
002 36648
003 38950
004 65994
005 75593
006 62032
007 11128
008 10606
009 06531
010 87690
011 82721
012 11413
013 35957
014 58694
015 88352
016 34411
017 63755
018 23817
019 23203
020 00348
021 63346
022 78570
023 57920
024 12677
025 19589
026 15951
027 91731
028 04453
029 36204
030 85613
031 95874
032 32840
033 85831
034 14325
035 47120
036 51385
037 97110
038 29393
039 88989
040 23830
041 79471
042 79887
043 89064
044 03246
045 37046
046 23500
047 11045
048 77829
049 45716
050 73717
051 91905
052 12370
053 68897
054 13090
055 10293
056 29669
057 77640
058 89033
059 96725
060 -
061 -
062 -
063 -
064 -
065 -
066 -
067 -
068 -
069 -
070 -
071 -
072 -
073 -
074 -
075 -
076 -
077 -
078 -
079 -
080 -
081 -
082 -
083 -
084 -
085 -
086 -
087 -
088 -
089 -
090 -
091 -
092 -
093 -
094 -
095 -
096 -
097 -
098 -
099 -
100 -
101 -
102 -
103 -
104 -
105 -
106 -
107 -
108 -
109 -
110 -
111 -
112 -
113 -
114 -
115 -
116 -
117 -
118 -
119 -
120 -
