001 64942
002 71856
003 77325
004 47717
005 85895
006 08485
007 19671
008 13142
009 81257
010 68402
011 08483
012 01726
013 85532
014 35608
015 64472
016 39700
017 44267
018 14313
019 79713
020 03180
021 69513
022 56891
023 68960
024 31708
025 95463
026 43097
027 25056
028 16865
029 40435
030 94011
031 16814
032 25648
033 18872
034 68893
035 85733
036 94024
037 27124
038 56336
039 13461
040 15467
041 11310
042 45824
043 89686
044 84631
045 76150
046 07662
047 28163
048 90246
049 47165
050 -
051 -
052 -
053 -
054 -
055 -
056 -
057 -
058 -
059 -
060 -
061 -
062 -
063 -
064 -
065 -
066 -
067 -
068 -
069 -
070 -
071 -
072 -
073 -
074 -
075 -
076 -
077 -
078 -
079 -
080 -
081 -
082 -
083 -
084 -
085 -
086 -
087 -
088 -
089 -
090 -
091 -
092 -
093 -
094 -
095 -
096 -
097 -
098 -
099 -
100 -
101 -
102 -
103 -
104 -
105 -
106 -
107 -
108 -
109 -
110 -
111 -
112 -
113 -
114 -
115 -
116 -
117 -
118 -
119 -
120 -
