001 60951
002 51187
003 47210
004 75126
005 31605
006 52377
007 49714
008 19643
009 85525
010 62689
011 96237
012 89448
013 27099
014 55397
015 72691
016 93198
017 62213
018 36528
019 78622
020 66536
021 96182
022 00109
023 74291
024 65060
025 27926
026 04718
027 50703
028 35223
029 01740
030 73429
031 24110
032 32213
033 01825
034 07046
035 59535
036 21788
037 81496
038 58168
039 73073
040 87774
041 54427
042 96634
043 90093
044 31357
045 16899
046 35837
047 56056
048 03078
049 17282
050 47202
051 15711
052 30345
053 24966
054 72731
055 63360
056 10214
057 52941
058 42955
059 26076
060 -
061 -
062 -
063 -
064 -
065 -
066 -
067 -
068 -
069 -
070 -
071 -
072 -
073 -
074 -
075 -
076 -
077 -
078 -
079 -
080 -
081 -
082 -
083 -
084 -
085 -
086 -
087 -
088 -
089 -
090 -
091 -
092 -
093 -
094 -
095 -
096 -
097 -
098 -
099 -
100 -
101 -
102 -
103 -
104 -
105 -
106 -
107 -
108 -
109 -
110 -
111 -
112 -
113 -
114 -
115 -
116 -
117 -
118 -
119 -
120 -
