001 41773
002 66201
003 99095
004 68529
005 23698
006 68170
007 83526
008 33351
009 97217
010 24457
011 84719
012 29593
013 08446
014 33895
015 47759
016 35708
017 13796
018 52421
019 70979
020 18970
021 68041
022 97994
023 65292
024 85883
025 49519
026 38937
027 34556
028 45636
029 44955
030 28407
031 90812
032 47737
033 08322
034 25067
035 11187
036 11281
037 85550
038 72109
039 47891
040 10456
041 09882
042 82321
043 87978
044 79030
045 26807
046 13274
047 19292
048 90552
049 94878
050 86100
051 58948
052 15410
053 78224
054 74571
055 38295
056 94166
057 65183
058 16347
059 84873
060 29938
061 80896
062 86035
063 20954
064 21309
065 84319
066 05944
067 53815
068 16164
069 77879
070 66369
071 00209
072 59177
073 72646
074 44591
075 17762
076 49677
077 90940
078 46625
079 30087
080 62190
081 74718
082 60605
083 58218
084 41178
085 03812
086 00714
087 70641
088 86569
089 78696
090 32344
091 -
092 -
093 -
094 -
095 -
096 -
097 -
098 -
099 -
100 -
101 -
102 -
103 -
104 -
105 -
106 -
107 -
108 -
109 -
110 -
111 -
112 -
113 -
114 -
115 -
116 -
117 -
118 -
119 -
120 -
