001 06138
002 03198
003 78419
004 08639
005 49323
006 71444
007 22039
008 19824
009 87187
010 55730
011 99370
012 75950
013 52034
014 96763
015 45462
016 26608
017 82731
018 24528
019 86819
020 99384
021 74282
022 29370
023 02979
024 17128
025 29961
026 68847
027 12937
028 81701
029 98732
030 10559
031 51989
032 77835
033 46286
034 15946
035 52775
036 77422
037 85437
038 65804
039 06560
040 49540
041 30760
042 48091
043 59637
044 38772
045 53100
046 05758
047 03479
048 34325
049 60136
050 35759
051 69280
052 32081
053 41702
054 64909
055 19539
056 36665
057 15948
058 06759
059 46911
060 -
061 -
062 -
063 -
064 -
065 -
066 -
067 -
068 -
069 -
070 -
071 -
072 -
073 -
074 -
075 -
076 -
077 -
078 -
079 -
080 -
081 -
082 -
083 -
084 -
085 -
086 -
087 -
088 -
089 -
090 -
091 -
092 -
093 -
094 -
095 -
096 -
097 -
098 -
099 -
100 -
101 -
102 -
103 -
104 -
105 -
106 -
107 -
108 -
109 -
110 -
111 -
112 -
113 -
114 -
115 -
116 -
117 -
118 -
119 -
120 -
