001 60556
002 91367
003 02461
004 24761
005 58148
006 62101
007 37388
008 17259
009 09058
010 33993
011 54537
012 91163
013 78669
014 62633
015 09213
016 60675
017 67346
018 45839
019 24884
020 87147
021 96817
022 84782
023 19174
024 29341
025 04419
026 48128
027 60369
028 77303
029 47172
030 14646
031 09434
032 80592
033 62221
034 19076
035 33141
036 72813
037 04191
038 25985
039 86623
040 27869
041 51409
042 92511
043 25752
044 40604
045 85144
046 12567
047 19397
048 86270
049 75249
050 13157
051 04862
052 19505
053 44561
054 62306
055 78153
056 70072
057 12807
058 68892
059 45124
060 -
061 -
062 -
063 -
064 -
065 -
066 -
067 -
068 -
069 -
070 -
071 -
072 -
073 -
074 -
075 -
076 -
077 -
078 -
079 -
080 -
081 -
082 -
083 -
084 -
085 -
086 -
087 -
088 -
089 -
090 -
091 -
092 -
093 -
094 -
095 -
096 -
097 -
098 -
099 -
100 -
101 -
102 -
103 -
104 -
105 -
106 -
107 -
108 -
109 -
110 -
111 -
112 -
113 -
114 -
115 -
116 -
117 -
118 -
119 -
120 -
