001 59712
002 68855
003 34496
004 00126
005 58001
006 36057
007 06498
008 86307
009 21921
010 41184
011 10034
012 29707
013 49794
014 09080
015 78792
016 61009
017 56625
018 16451
019 11952
020 56196
021 56176
022 31759
023 19443
024 81037
025 90211
026 40040
027 80990
028 00927
029 25227
030 91206
031 03014
032 78799
033 43615
034 75440
035 65434
036 84846
037 99588
038 58202
039 24219
040 76945
041 10877
042 30153
043 10862
044 54220
045 14995
046 53620
047 99862
048 97463
049 30500
050 53482
051 74243
052 95810
053 03482
054 66596
055 31426
056 31908
057 04853
058 59559
059 01406
060 -
061 -
062 -
063 -
064 -
065 -
066 -
067 -
068 -
069 -
070 -
071 -
072 -
073 -
074 -
075 -
076 -
077 -
078 -
079 -
080 -
081 -
082 -
083 -
084 -
085 -
086 -
087 -
088 -
089 -
090 -
091 -
092 -
093 -
094 -
095 -
096 -
097 -
098 -
099 -
100 -
101 -
102 -
103 -
104 -
105 -
106 -
107 -
108 -
109 -
110 -
111 -
112 -
113 -
114 -
115 -
116 -
117 -
118 -
119 -
120 -
