001 31520
002 61325
003 05789
004 13959
005 39801
006 48292
007 19341
008 70690
009 17504
010 34237
011 02763
012 41433
013 79399
014 19573
015 43738
016 39739
017 16726
018 08979
019 68088
020 98780
021 45487
022 51533
023 45479
024 79998
025 77741
026 10310
027 11783
028 66370
029 04616
030 43115
031 85832
032 82434
033 03782
034 77871
035 34088
036 57379
037 09037
038 19278
039 86211
040 60653
041 86004
042 75916
043 48604
044 53064
045 73474
046 05826
047 92575
048 22507
049 53486
050 84313
051 33361
052 09315
053 10050
054 86648
055 19882
056 54274
057 54452
058 47363
059 75528
060 -
061 -
062 -
063 -
064 -
065 -
066 -
067 -
068 -
069 -
070 -
071 -
072 -
073 -
074 -
075 -
076 -
077 -
078 -
079 -
080 -
081 -
082 -
083 -
084 -
085 -
086 -
087 -
088 -
089 -
090 -
091 -
092 -
093 -
094 -
095 -
096 -
097 -
098 -
099 -
100 -
101 -
102 -
103 -
104 -
105 -
106 -
107 -
108 -
109 -
110 -
111 -
112 -
113 -
114 -
115 -
116 -
117 -
118 -
119 -
120 -
