001 69911
002 48573
003 50249
004 54180
005 55730
006 82288
007 55715
008 99632
009 02487
010 19445
011 41787
012 85744
013 80116
014 38023
015 06778
016 26229
017 31329
018 42749
019 25426
020 35901
021 48126
022 95087
023 25291
024 50065
025 26423
026 98847
027 96622
028 71758
029 11801
030 45030
031 85306
032 77627
033 47969
034 34086
035 71367
036 36630
037 25333
038 76048
039 44263
040 14457
041 69951
042 72113
043 19355
044 04041
045 71252
046 66919
047 60074
048 00632
049 56430
050 27216
051 11886
052 32404
053 91212
054 18768
055 83292
056 70896
057 68554
058 01389
059 10146
060 -
061 -
062 -
063 -
064 -
065 -
066 -
067 -
068 -
069 -
070 -
071 -
072 -
073 -
074 -
075 -
076 -
077 -
078 -
079 -
080 -
081 -
082 -
083 -
084 -
085 -
086 -
087 -
088 -
089 -
090 -
091 -
092 -
093 -
094 -
095 -
096 -
097 -
098 -
099 -
100 -
101 -
102 -
103 -
104 -
105 -
106 -
107 -
108 -
109 -
110 -
111 -
112 -
113 -
114 -
115 -
116 -
117 -
118 -
119 -
120 -
