001 12979
002 63899
003 87221
004 06562
005 49857
006 32657
007 34910
008 81560
009 72869
010 25737
011 81876
012 62080
013 21397
014 09239
015 94991
016 77384
017 89158
018 15680
019 70939
020 94076
021 98858
022 17470
023 27226
024 33928
025 40204
026 32835
027 11171
028 55426
029 61186
030 99076
031 49543
032 42881
033 33898
034 61616
035 81769
036 67587
037 79607
038 26434
039 04741
040 54172
041 65305
042 27404
043 14603
044 83223
045 93217
046 87075
047 82837
048 90409
049 39901
050 42497
051 70128
052 13622
053 47667
054 73708
055 69765
056 04510
057 69799
058 84231
059 20950
060 -
061 -
062 -
063 -
064 -
065 -
066 -
067 -
068 -
069 -
070 -
071 -
072 -
073 -
074 -
075 -
076 -
077 -
078 -
079 -
080 -
081 -
082 -
083 -
084 -
085 -
086 -
087 -
088 -
089 -
090 -
091 -
092 -
093 -
094 -
095 -
096 -
097 -
098 -
099 -
100 -
101 -
102 -
103 -
104 -
105 -
106 -
107 -
108 -
109 -
110 -
111 -
112 -
113 -
114 -
115 -
116 -
117 -
118 -
119 -
120 -
