001 06223
002 44755
003 56451
004 36021
005 17601
006 60196
007 65161
008 82213
009 14436
010 28297
011 62377
012 60116
013 58553
014 78140
015 31323
016 59315
017 34987
018 76588
019 59492
020 89168
021 16355
022 24686
023 27847
024 55476
025 01465
026 73188
027 74111
028 45752
029 13320
030 26098
031 16026
032 32657
033 73683
034 96662
035 96856
036 62030
037 05660
038 16400
039 15523
040 01553
041 63746
042 39884
043 00713
044 31786
045 63999
046 38041
047 73638
048 46620
049 10001
050 67427
051 95693
052 63195
053 58901
054 60221
055 65429
056 08968
057 90991
058 14031
059 27372
060 -
061 -
062 -
063 -
064 -
065 -
066 -
067 -
068 -
069 -
070 -
071 -
072 -
073 -
074 -
075 -
076 -
077 -
078 -
079 -
080 -
081 -
082 -
083 -
084 -
085 -
086 -
087 -
088 -
089 -
090 -
091 -
092 -
093 -
094 -
095 -
096 -
097 -
098 -
099 -
100 -
101 -
102 -
103 -
104 -
105 -
106 -
107 -
108 -
109 -
110 -
111 -
112 -
113 -
114 -
115 -
116 -
117 -
118 -
119 -
120 -
