001 23206
002 61304
003 52995
004 57596
005 84062
006 04715
007 10315
008 52196
009 51934
010 83757
011 25453
012 95928
013 22754
014 72968
015 12408
016 29026
017 35795
018 59513
019 27902
020 67735
021 54290
022 20931
023 99701
024 37747
025 73927
026 30952
027 76841
028 39048
029 71146
030 49977
031 82216
032 39632
033 28021
034 99588
035 95552
036 80213
037 55818
038 14120
039 97158
040 21258
041 95397
042 97556
043 31875
044 90513
045 71173
046 79012
047 73441
048 99492
049 69300
050 40688
051 31136
052 02539
053 19548
054 82860
055 20865
056 10441
057 63108
058 17929
059 69340
060 -
061 -
062 -
063 -
064 -
065 -
066 -
067 -
068 -
069 -
070 -
071 -
072 -
073 -
074 -
075 -
076 -
077 -
078 -
079 -
080 -
081 -
082 -
083 -
084 -
085 -
086 -
087 -
088 -
089 -
090 -
091 -
092 -
093 -
094 -
095 -
096 -
097 -
098 -
099 -
100 -
101 -
102 -
103 -
104 -
105 -
106 -
107 -
108 -
109 -
110 -
111 -
112 -
113 -
114 -
115 -
116 -
117 -
118 -
119 -
120 -
