001 76391
002 41612
003 35324
004 94294
005 34795
006 23462
007 37270
008 30172
009 71963
010 40000
011 49776
012 15463
013 07567
014 44304
015 52278
016 97688
017 24200
018 91171
019 91329
020 77018
021 21663
022 89589
023 79540
024 36938
025 82682
026 92334
027 38005
028 34730
029 05648
030 43134
031 24856
032 99162
033 83279
034 11244
035 24263
036 35040
037 39796
038 22078
039 10306
040 07599
041 18228
042 12564
043 13584
044 96176
045 67625
046 57509
047 40003
048 33741
049 10179
050 99009
051 41111
052 50467
053 89931
054 12757
055 75256
056 21160
057 81179
058 29793
059 64090
060 39923
061 36196
062 43784
063 66697
064 85391
065 51886
066 82057
067 28668
068 35461
069 30980
070 58116
071 42756
072 29162
073 00966
074 98815
075 61198
076 26869
077 18647
078 16291
079 64056
080 08014
081 48632
082 35775
083 98916
084 98121
085 42861
086 79799
087 81353
088 78795
089 12351
090 39504
091 25509
092 57867
093 66569
094 12988
095 97059
096 52985
097 79542
098 45397
099 43801
100 55984
101 21722
102 29901
103 35835
104 51998
105 38430
106 45065
107 62785
108 95395
109 28269
110 93758
111 17985
112 12818
113 47360
114 16832
115 00720
116 70088
117 40202
118 24914
119 94976
120 64673