001 59885
002 33628
003 72955
004 27316
005 78953
006 86494
007 19843
008 32739
009 85099
010 42129
011 86353
012 64155
013 36470
014 41061
015 98107
016 20586
017 80859
018 56544
019 15512
020 44020
021 14970
022 30902
023 82278
024 86135
025 04527
026 32451
027 53570
028 01690
029 22008
030 03587
031 63942
032 36343
033 95712
034 39840
035 66392
036 44390
037 74733
038 56223
039 42743
040 31249
041 63594
042 83571
043 51069
044 33464
045 06056
046 23899
047 63740
048 49215
049 13848
050 26349
051 53821
052 93926
053 03133
054 50291
055 99000
056 21764
057 59155
058 21327
059 20189
060 -
061 -
062 -
063 -
064 -
065 -
066 -
067 -
068 -
069 -
070 -
071 -
072 -
073 -
074 -
075 -
076 -
077 -
078 -
079 -
080 -
081 -
082 -
083 -
084 -
085 -
086 -
087 -
088 -
089 -
090 -
091 -
092 -
093 -
094 -
095 -
096 -
097 -
098 -
099 -
100 -
101 -
102 -
103 -
104 -
105 -
106 -
107 -
108 -
109 -
110 -
111 -
112 -
113 -
114 -
115 -
116 -
117 -
118 -
119 -
120 -
