001 72984
002 25057
003 25754
004 14692
005 32313
006 84106
007 95375
008 63895
009 45249
010 93218
011 60962
012 40513
013 29489
014 12910
015 81579
016 87385
017 49160
018 14797
019 88543
020 42111
021 64987
022 98396
023 34766
024 89135
025 32564
026 37331
027 22873
028 31775
029 82814
030 13344
031 89567
032 76948
033 72016
034 38064
035 14370
036 27233
037 91148
038 01964
039 36645
040 94401
041 20215
042 10278
043 10644
044 21560
045 41171
046 81032
047 43071
048 17566
049 24512
050 27865
051 13652
052 17051
053 56803
054 60982
055 74523
056 97168
057 62188
058 51627
059 35648
060 -
061 -
062 -
063 -
064 -
065 -
066 -
067 -
068 -
069 -
070 -
071 -
072 -
073 -
074 -
075 -
076 -
077 -
078 -
079 -
080 -
081 -
082 -
083 -
084 -
085 -
086 -
087 -
088 -
089 -
090 -
091 -
092 -
093 -
094 -
095 -
096 -
097 -
098 -
099 -
100 -
101 -
102 -
103 -
104 -
105 -
106 -
107 -
108 -
109 -
110 -
111 -
112 -
113 -
114 -
115 -
116 -
117 -
118 -
119 -
120 -
