001 40913
002 85688
003 09801
004 33447
005 92331
006 49648
007 48194
008 33402
009 61188
010 44732
011 21333
012 40782
013 23588
014 28668
015 65320
016 86594
017 49014
018 89298
019 12016
020 12143
021 75460
022 05965
023 69825
024 72736
025 32119
026 98421
027 68262
028 85371
029 37749
030 36337
031 39291
032 05345
033 03766
034 10181
035 54952
036 20049
037 96276
038 96296
039 46110
040 95715
041 53430
042 39479
043 83823
044 57969
045 72417
046 79860
047 25930
048 03894
049 76727
050 29287
051 57446
052 33127
053 39114
054 83120
055 01844
056 84439
057 21439
058 99857
059 16465
060 -
061 -
062 -
063 -
064 -
065 -
066 -
067 -
068 -
069 -
070 -
071 -
072 -
073 -
074 -
075 -
076 -
077 -
078 -
079 -
080 -
081 -
082 -
083 -
084 -
085 -
086 -
087 -
088 -
089 -
090 -
091 -
092 -
093 -
094 -
095 -
096 -
097 -
098 -
099 -
100 -
101 -
102 -
103 -
104 -
105 -
106 -
107 -
108 -
109 -
110 -
111 -
112 -
113 -
114 -
115 -
116 -
117 -
118 -
119 -
120 -
