001 64111
002 35601
003 04485
004 04002
005 00229
006 77365
007 61281
008 74246
009 08296
010 02398
011 89373
012 78582
013 20463
014 43509
015 13169
016 24901
017 29935
018 18377
019 88411
020 60768
021 96205
022 40420
023 72397
024 65289
025 37387
026 48984
027 91672
028 94782
029 05165
030 72044
031 10857
032 35581
033 84571
034 56363
035 90777
036 03302
037 79964
038 34613
039 89233
040 12278
041 17030
042 69775
043 64045
044 49004
045 50309
046 49162
047 39612
048 35745
049 65683
050 59645
051 03131
052 11104
053 10073
054 48829
055 02433
056 59051
057 43842
058 70099
059 85432
060 -
061 -
062 -
063 -
064 -
065 -
066 -
067 -
068 -
069 -
070 -
071 -
072 -
073 -
074 -
075 -
076 -
077 -
078 -
079 -
080 -
081 -
082 -
083 -
084 -
085 -
086 -
087 -
088 -
089 -
090 -
091 -
092 -
093 -
094 -
095 -
096 -
097 -
098 -
099 -
100 -
101 -
102 -
103 -
104 -
105 -
106 -
107 -
108 -
109 -
110 -
111 -
112 -
113 -
114 -
115 -
116 -
117 -
118 -
119 -
120 -
