001 20336
002 38602
003 83052
004 79745
005 15644
006 25407
007 42286
008 06670
009 14606
010 38224
011 79188
012 82112
013 91033
014 51058
015 61735
016 60180
017 44773
018 32505
019 21339
020 42570
021 49276
022 19008
023 17221
024 35567
025 55487
026 36913
027 39120
028 76304
029 61613
030 54215
031 45233
032 17875
033 54519
034 76993
035 64787
036 85817
037 36568
038 77002
039 79363
040 66272
041 52774
042 08833
043 96751
044 21373
045 53801
046 43767
047 91395
048 91907
049 62738
050 02975
051 02561
052 46183
053 07090
054 45126
055 03326
056 24554
057 19622
058 81621
059 43422
060 -
061 -
062 -
063 -
064 -
065 -
066 -
067 -
068 -
069 -
070 -
071 -
072 -
073 -
074 -
075 -
076 -
077 -
078 -
079 -
080 -
081 -
082 -
083 -
084 -
085 -
086 -
087 -
088 -
089 -
090 -
091 -
092 -
093 -
094 -
095 -
096 -
097 -
098 -
099 -
100 -
101 -
102 -
103 -
104 -
105 -
106 -
107 -
108 -
109 -
110 -
111 -
112 -
113 -
114 -
115 -
116 -
117 -
118 -
119 -
120 -
