001 34999
002 56510
003 59598
004 38166
005 54383
006 77230
007 63980
008 60760
009 90091
010 32882
011 04380
012 01424
013 18168
014 34635
015 80881
016 32980
017 32387
018 39874
019 54433
020 20504
021 77924
022 14214
023 67801
024 19398
025 69764
026 03667
027 42017
028 94202
029 24851
030 36613
031 05866
032 73197
033 41687
034 49856
035 28415
036 63352
037 61655
038 38721
039 74060
040 07369
041 63801
042 00879
043 99813
044 63508
045 93832
046 65723
047 09415
048 07892
049 20573
050 34175
051 82694
052 93872
053 54682
054 06578
055 50107
056 16094
057 30390
058 39735
059 86994
060 -
061 -
062 -
063 -
064 -
065 -
066 -
067 -
068 -
069 -
070 -
071 -
072 -
073 -
074 -
075 -
076 -
077 -
078 -
079 -
080 -
081 -
082 -
083 -
084 -
085 -
086 -
087 -
088 -
089 -
090 -
091 -
092 -
093 -
094 -
095 -
096 -
097 -
098 -
099 -
100 -
101 -
102 -
103 -
104 -
105 -
106 -
107 -
108 -
109 -
110 -
111 -
112 -
113 -
114 -
115 -
116 -
117 -
118 -
119 -
120 -
