001 88270
002 56629
003 32857
004 37981
005 40185
006 71007
007 28616
008 55104
009 20932
010 87341
011 02656
012 79614
013 50395
014 70229
015 39348
016 23719
017 73570
018 95659
019 81153
020 60375
021 90614
022 84849
023 55260
024 74319
025 75732
026 61175
027 34122
028 22837
029 62675
030 47277
031 68838
032 37875
033 37162
034 13263
035 32797
036 89964
037 07073
038 18290
039 51686
040 21313
041 07272
042 02224
043 70920
044 02822
045 90180
046 77135
047 64851
048 57967
049 38611
050 84413
051 47892
052 57086
053 29339
054 73878
055 94880
056 48881
057 40176
058 85566
059 77503
060 -
061 -
062 -
063 -
064 -
065 -
066 -
067 -
068 -
069 -
070 -
071 -
072 -
073 -
074 -
075 -
076 -
077 -
078 -
079 -
080 -
081 -
082 -
083 -
084 -
085 -
086 -
087 -
088 -
089 -
090 -
091 -
092 -
093 -
094 -
095 -
096 -
097 -
098 -
099 -
100 -
101 -
102 -
103 -
104 -
105 -
106 -
107 -
108 -
109 -
110 -
111 -
112 -
113 -
114 -
115 -
116 -
117 -
118 -
119 -
120 -
