001 07187
002 06341
003 21860
004 23631
005 07976
006 08265
007 89985
008 52145
009 87683
010 78717
011 89811
012 48724
013 85222
014 63575
015 74467
016 09597
017 37733
018 31904
019 92206
020 83357
021 08374
022 17858
023 67464
024 02043
025 61707
026 19611
027 83360
028 89483
029 84747
030 60899
031 62479
032 60063
033 61727
034 60592
035 72106
036 19949
037 34104
038 67909
039 25950
040 33493
041 79574
042 27589
043 54790
044 90651
045 32071
046 11380
047 54563
048 24247
049 33658
050 10519
051 00189
052 97007
053 51446
054 85035
055 49070
056 25080
057 77134
058 82983
059 64210
060 -
061 -
062 -
063 -
064 -
065 -
066 -
067 -
068 -
069 -
070 -
071 -
072 -
073 -
074 -
075 -
076 -
077 -
078 -
079 -
080 -
081 -
082 -
083 -
084 -
085 -
086 -
087 -
088 -
089 -
090 -
091 -
092 -
093 -
094 -
095 -
096 -
097 -
098 -
099 -
100 -
101 -
102 -
103 -
104 -
105 -
106 -
107 -
108 -
109 -
110 -
111 -
112 -
113 -
114 -
115 -
116 -
117 -
118 -
119 -
120 -
