001 68949
002 82177
003 45382
004 02178
005 86617
006 97458
007 87868
008 25734
009 33843
010 57408
011 85149
012 82388
013 91564
014 69656
015 71141
016 84629
017 51122
018 61805
019 65959
020 74894
021 99307
022 29583
023 28830
024 47054
025 90276
026 71083
027 36552
028 14228
029 87882
030 04799
031 43668
032 46346
033 59506
034 48672
035 79227
036 66674
037 49875
038 20393
039 83142
040 85834
041 55655
042 86979
043 74383
044 45476
045 62074
046 92181
047 70826
048 81089
049 26351
050 47715
051 96132
052 04107
053 26824
054 20484
055 80765
056 61285
057 55826
058 62647
059 50236
060 08707
061 04885
062 43723
063 10213
064 08050
065 63385
066 91973
067 77760
068 21708
069 36604
070 07893
071 98925
072 68587
073 89664
074 66407
075 28778
076 80454
077 64117
078 75244
079 38380
080 62714
081 20154
082 78288
083 73868
084 49055
085 49269
086 73497
087 44027
088 22848
089 05214
090 03049
091 -
092 -
093 -
094 -
095 -
096 -
097 -
098 -
099 -
100 -
101 -
102 -
103 -
104 -
105 -
106 -
107 -
108 -
109 -
110 -
111 -
112 -
113 -
114 -
115 -
116 -
117 -
118 -
119 -
120 -
