001 78534
002 46063
003 97045
004 48523
005 52843
006 05946
007 52231
008 92480
009 74664
010 98032
011 75699
012 66536
013 68406
014 90225
015 81034
016 06817
017 55128
018 48602
019 30017
020 41379
021 44381
022 49327
023 26508
024 67024
025 97415
026 74608
027 48144
028 43229
029 25205
030 81257
031 88398
032 16386
033 34022
034 62966
035 92293
036 44456
037 48194
038 24498
039 76626
040 77905
041 78186
042 89878
043 12545
044 26368
045 15213
046 74092
047 61844
048 75946
049 26831
050 08588
051 41756
052 50125
053 02124
054 39638
055 68248
056 03006
057 06759
058 08165
059 94370
060 -
061 -
062 -
063 -
064 -
065 -
066 -
067 -
068 -
069 -
070 -
071 -
072 -
073 -
074 -
075 -
076 -
077 -
078 -
079 -
080 -
081 -
082 -
083 -
084 -
085 -
086 -
087 -
088 -
089 -
090 -
091 -
092 -
093 -
094 -
095 -
096 -
097 -
098 -
099 -
100 -
101 -
102 -
103 -
104 -
105 -
106 -
107 -
108 -
109 -
110 -
111 -
112 -
113 -
114 -
115 -
116 -
117 -
118 -
119 -
120 -
