001 01129
002 49187
003 10271
004 94465
005 27772
006 53170
007 25432
008 91254
009 29478
010 67020
011 27786
012 80433
013 05585
014 13941
015 65775
016 92567
017 78388
018 91157
019 12206
020 35842
021 33695
022 54179
023 74803
024 05838
025 23049
026 90670
027 92862
028 29759
029 93107
030 16118
031 25420
032 46591
033 69031
034 37307
035 46651
036 25323
037 58760
038 03598
039 57963
040 56550
041 40401
042 88009
043 63576
044 04211
045 79678
046 25667
047 87727
048 41728
049 42408
050 55564
051 21994
052 91155
053 79819
054 40891
055 69191
056 12518
057 74006
058 67177
059 22614
060 98998
061 79341
062 79858
063 16809
064 56660
065 36160
066 47030
067 36389
068 33897
069 16149
070 13544
071 32871
072 10216
073 56152
074 86314
075 77158
076 16965
077 46965
078 49405
079 04333
080 40852
081 19343
082 05893
083 88131
084 87150
085 86855
086 06542
087 78929
088 27519
089 32208
090 98160
091 44659
092 74148
093 21256
094 43549
095 41492
096 38800
097 05985
098 48370
099 27604
100 12613
101 19736
102 00667
103 99148
104 63959
105 96377
106 21830
107 10966
108 49326
109 93655
110 39612
111 90539
112 17005
113 90162
114 51716
115 11188
116 17099
117 08931
118 17124
119 69988
120 09460