001 77256
002 31569
003 15448
004 11672
005 90935
006 74061
007 20334
008 12975
009 14312
010 23386
011 62596
012 21430
013 97895
014 02538
015 67397
016 15121
017 85215
018 42794
019 27664
020 78314
021 23745
022 52712
023 68112
024 03520
025 67991
026 94818
027 27467
028 55174
029 55428
030 32254
031 76570
032 98793
033 65026
034 88442
035 23228
036 30499
037 30188
038 42028
039 58776
040 32418
041 97148
042 23866
043 77049
044 56488
045 48932
046 58765
047 56686
048 52762
049 22564
050 77669
051 53644
052 43798
053 84409
054 08438
055 83308
056 65689
057 13071
058 54343
059 13239
060 -
061 -
062 -
063 -
064 -
065 -
066 -
067 -
068 -
069 -
070 -
071 -
072 -
073 -
074 -
075 -
076 -
077 -
078 -
079 -
080 -
081 -
082 -
083 -
084 -
085 -
086 -
087 -
088 -
089 -
090 -
091 -
092 -
093 -
094 -
095 -
096 -
097 -
098 -
099 -
100 -
101 -
102 -
103 -
104 -
105 -
106 -
107 -
108 -
109 -
110 -
111 -
112 -
113 -
114 -
115 -
116 -
117 -
118 -
119 -
120 -
