001 34760
002 09472
003 32049
004 42823
005 31421
006 47115
007 02248
008 92755
009 63696
010 57509
011 54347
012 14819
013 58026
014 87174
015 07738
016 29841
017 44884
018 95845
019 62847
020 65981
021 12755
022 09828
023 01147
024 20707
025 20820
026 73715
027 26060
028 44497
029 23605
030 50229
031 04307
032 32951
033 59355
034 91653
035 98568
036 91110
037 70148
038 43843
039 24478
040 79911
041 29237
042 10994
043 52832
044 91505
045 50719
046 73571
047 43520
048 23790
049 48102
050 89182
051 30649
052 30621
053 17614
054 81677
055 12293
056 59738
057 74660
058 68484
059 30283
060 -
061 -
062 -
063 -
064 -
065 -
066 -
067 -
068 -
069 -
070 -
071 -
072 -
073 -
074 -
075 -
076 -
077 -
078 -
079 -
080 -
081 -
082 -
083 -
084 -
085 -
086 -
087 -
088 -
089 -
090 -
091 -
092 -
093 -
094 -
095 -
096 -
097 -
098 -
099 -
100 -
101 -
102 -
103 -
104 -
105 -
106 -
107 -
108 -
109 -
110 -
111 -
112 -
113 -
114 -
115 -
116 -
117 -
118 -
119 -
120 -
