001 12078
002 56765
003 76695
004 59801
005 56411
006 37766
007 37872
008 01832
009 76691
010 33573
011 36190
012 28018
013 95795
014 41691
015 99596
016 15097
017 83798
018 32301
019 30995
020 22113
021 03571
022 92126
023 03980
024 16832
025 06749
026 92074
027 17813
028 81510
029 67946
030 00344
031 37564
032 44532
033 23115
034 69261
035 51386
036 25380
037 40728
038 60143
039 86591
040 17847
041 42705
042 07604
043 90508
044 63318
045 51486
046 85396
047 24421
048 20297
049 -
050 -
051 -
052 -
053 -
054 -
055 -
056 -
057 -
058 -
059 -
060 -
061 -
062 -
063 -
064 -
065 -
066 -
067 -
068 -
069 -
070 -
071 -
072 -
073 -
074 -
075 -
076 -
077 -
078 -
079 -
080 -
081 -
082 -
083 -
084 -
085 -
086 -
087 -
088 -
089 -
090 -
091 -
092 -
093 -
094 -
095 -
096 -
097 -
098 -
099 -
100 -
101 -
102 -
103 -
104 -
105 -
106 -
107 -
108 -
109 -
110 -
111 -
112 -
113 -
114 -
115 -
116 -
117 -
118 -
119 -
120 -
