001 94097
002 69216
003 54981
004 77688
005 72569
006 99824
007 64853
008 41023
009 14603
010 76035
011 26099
012 28931
013 35464
014 57141
015 97431
016 84914
017 70068
018 75015
019 21656
020 68002
021 04549
022 60077
023 23100
024 50525
025 65267
026 17193
027 42013
028 48703
029 96360
030 05812
031 44483
032 57810
033 64890
034 08421
035 38088
036 99866
037 45548
038 93392
039 50035
040 25545
041 41639
042 71131
043 54270
044 92106
045 99835
046 23646
047 71944
048 37307
049 52355
050 94640
051 94055
052 76744
053 54274
054 83017
055 22494
056 75506
057 92324
058 84936
059 24201
060 -
061 -
062 -
063 -
064 -
065 -
066 -
067 -
068 -
069 -
070 -
071 -
072 -
073 -
074 -
075 -
076 -
077 -
078 -
079 -
080 -
081 -
082 -
083 -
084 -
085 -
086 -
087 -
088 -
089 -
090 -
091 -
092 -
093 -
094 -
095 -
096 -
097 -
098 -
099 -
100 -
101 -
102 -
103 -
104 -
105 -
106 -
107 -
108 -
109 -
110 -
111 -
112 -
113 -
114 -
115 -
116 -
117 -
118 -
119 -
120 -
