001 19086
002 70193
003 33701
004 51622
005 21113
006 89444
007 78940
008 07953
009 39831
010 52583
011 61417
012 61965
013 04699
014 91722
015 07997
016 47942
017 73249
018 30557
019 24638
020 23497
021 06663
022 96849
023 54236
024 38031
025 02318
026 81890
027 74315
028 92111
029 51651
030 19319
031 57574
032 45145
033 71178
034 98521
035 03814
036 59236
037 19221
038 41872
039 02763
040 33590
041 85705
042 15024
043 72538
044 07143
045 95760
046 36481
047 32035
048 00795
049 36762
050 25949
051 07004
052 83873
053 78033
054 24846
055 72948
056 59333
057 -
058 -
059 -
060 -
061 -
062 -
063 -
064 -
065 -
066 -
067 -
068 -
069 -
070 -
071 -
072 -
073 -
074 -
075 -
076 -
077 -
078 -
079 -
080 -
081 -
082 -
083 -
084 -
085 -
086 -
087 -
088 -
089 -
090 -
091 -
092 -
093 -
094 -
095 -
096 -
097 -
098 -
099 -
100 -
101 -
102 -
103 -
104 -
105 -
106 -
107 -
108 -
109 -
110 -
111 -
112 -
113 -
114 -
115 -
116 -
117 -
118 -
119 -
120 -
