001 11730
002 19515
003 49722
004 37215
005 75896
006 18956
007 26630
008 67411
009 35633
010 58691
011 80835
012 92454
013 07098
014 48254
015 46452
016 78785
017 16870
018 42152
019 92750
020 10418
021 90928
022 88492
023 52125
024 48861
025 09383
026 81811
027 80649
028 03807
029 83195
030 01560
031 41700
032 47558
033 68824
034 04145
035 86124
036 54393
037 61600
038 81421
039 44890
040 22151
041 79475
042 23340
043 31535
044 48468
045 19779
046 86531
047 13256
048 54183
049 04760
050 14445
051 96817
052 38314
053 61719
054 66630
055 73047
056 41754
057 32688
058 43547
059 75678
060 75664
061 59121
062 39566
063 04310
064 28211
065 67744
066 41749
067 60469
068 02227
069 93331
070 02613
071 09458
072 01437
073 40836
074 33204
075 06186
076 84494
077 01651
078 83415
079 97416
080 00239
081 98612
082 66121
083 15827
084 84135
085 27012
086 29140
087 54580
088 73911
089 26544
090 45642
091 49202
092 12118
093 07472
094 37254
095 00119
096 92824
097 65155
098 52802
099 77879
100 80919
101 50964
102 89169
103 39900
104 69533
105 75603
106 79970
107 85798
108 21027
109 84361
110 35712
111 68464
112 22261
113 20701
114 16422
115 66965
116 59114
117 06363
118 11148
119 49080
120 41011