001 82594
002 57232
003 80825
004 08353
005 07918
006 70105
007 93492
008 07354
009 55058
010 77314
011 24706
012 00988
013 75481
014 96808
015 24709
016 74591
017 94056
018 17367
019 39717
020 38844
021 43746
022 53902
023 95709
024 35068
025 58004
026 37106
027 16231
028 53814
029 31511
030 40818
031 42189
032 99342
033 80279
034 59262
035 22721
036 32665
037 13892
038 82805
039 60735
040 97378
041 31423
042 99206
043 76816
044 94489
045 75988
046 57985
047 61496
048 08803
049 19474
050 32610
051 57781
052 22197
053 00766
054 34021
055 87823
056 17243
057 55677
058 81101
059 20995
060 -
061 -
062 -
063 -
064 -
065 -
066 -
067 -
068 -
069 -
070 -
071 -
072 -
073 -
074 -
075 -
076 -
077 -
078 -
079 -
080 -
081 -
082 -
083 -
084 -
085 -
086 -
087 -
088 -
089 -
090 -
091 -
092 -
093 -
094 -
095 -
096 -
097 -
098 -
099 -
100 -
101 -
102 -
103 -
104 -
105 -
106 -
107 -
108 -
109 -
110 -
111 -
112 -
113 -
114 -
115 -
116 -
117 -
118 -
119 -
120 -
