001 44197
002 78599
003 72714
004 91793
005 39119
006 58417
007 51759
008 96767
009 62121
010 75581
011 03394
012 84728
013 42557
014 95865
015 44426
016 06283
017 29106
018 10184
019 20736
020 59901
021 20977
022 57483
023 42674
024 13254
025 86404
026 81208
027 13254
028 63629
029 78466
030 08963
031 84836
032 09126
033 97724
034 08702
035 82481
036 09770
037 45515
038 17121
039 94699
040 99432
041 89432
042 80948
043 75136
044 82841
045 47833
046 46094
047 81613
048 96005
049 46820
050 69782
051 07523
052 85407
053 05480
054 59843
055 70879
056 01529
057 53690
058 43885
059 27717
060 -
061 -
062 -
063 -
064 -
065 -
066 -
067 -
068 -
069 -
070 -
071 -
072 -
073 -
074 -
075 -
076 -
077 -
078 -
079 -
080 -
081 -
082 -
083 -
084 -
085 -
086 -
087 -
088 -
089 -
090 -
091 -
092 -
093 -
094 -
095 -
096 -
097 -
098 -
099 -
100 -
101 -
102 -
103 -
104 -
105 -
106 -
107 -
108 -
109 -
110 -
111 -
112 -
113 -
114 -
115 -
116 -
117 -
118 -
119 -
120 -
