001 72004
002 66613
003 48539
004 32620
005 69905
006 36854
007 85068
008 02675
009 64398
010 35661
011 77568
012 94873
013 79194
014 78416
015 67320
016 92032
017 73064
018 21147
019 59758
020 48949
021 86055
022 18956
023 09600
024 99145
025 84597
026 81303
027 64332
028 20698
029 43164
030 65336
031 99868
032 16141
033 05947
034 23453
035 66986
036 04345
037 67927
038 69092
039 62609
040 68527
041 32956
042 20540
043 25847
044 32250
045 06851
046 81532
047 95042
048 83883
049 55119
050 13975
051 11892
052 55518
053 89619
054 73827
055 75091
056 79007
057 21757
058 64080
059 54547
060 -
061 -
062 -
063 -
064 -
065 -
066 -
067 -
068 -
069 -
070 -
071 -
072 -
073 -
074 -
075 -
076 -
077 -
078 -
079 -
080 -
081 -
082 -
083 -
084 -
085 -
086 -
087 -
088 -
089 -
090 -
091 -
092 -
093 -
094 -
095 -
096 -
097 -
098 -
099 -
100 -
101 -
102 -
103 -
104 -
105 -
106 -
107 -
108 -
109 -
110 -
111 -
112 -
113 -
114 -
115 -
116 -
117 -
118 -
119 -
120 -
