001 36666
002 40824
003 17371
004 76394
005 16103
006 61726
007 09151
008 46132
009 88039
010 29467
011 04673
012 57941
013 24855
014 60384
015 31340
016 68827
017 26802
018 13344
019 68207
020 82714
021 36844
022 07396
023 65566
024 59461
025 53592
026 15546
027 07426
028 95711
029 01363
030 78977
031 82335
032 39701
033 47813
034 44883
035 25232
036 79682
037 43543
038 16662
039 57858
040 51084
041 44084
042 27394
043 41341
044 64237
045 21643
046 62339
047 25546
048 69284
049 28338
050 86172
051 19730
052 56228
053 75704
054 22129
055 04196
056 30113
057 73894
058 73978
059 37944
060 -
061 -
062 -
063 -
064 -
065 -
066 -
067 -
068 -
069 -
070 -
071 -
072 -
073 -
074 -
075 -
076 -
077 -
078 -
079 -
080 -
081 -
082 -
083 -
084 -
085 -
086 -
087 -
088 -
089 -
090 -
091 -
092 -
093 -
094 -
095 -
096 -
097 -
098 -
099 -
100 -
101 -
102 -
103 -
104 -
105 -
106 -
107 -
108 -
109 -
110 -
111 -
112 -
113 -
114 -
115 -
116 -
117 -
118 -
119 -
120 -
