001 92845
002 96937
003 60876
004 52604
005 42871
006 90770
007 01457
008 34332
009 90007
010 73468
011 13441
012 10086
013 99242
014 21912
015 16818
016 30506
017 81080
018 62642
019 57206
020 05713
021 05243
022 76445
023 92600
024 95123
025 65296
026 20432
027 23150
028 03610
029 30041
030 85149
031 29409
032 28902
033 23889
034 49955
035 36376
036 28535
037 76222
038 19300
039 52322
040 87219
041 19349
042 53545
043 22067
044 36408
045 18801
046 10861
047 38514
048 70688
049 19424
050 42047
051 81440
052 26160
053 81887
054 45860
055 28367
056 06963
057 89434
058 35058
059 00533
060 -
061 -
062 -
063 -
064 -
065 -
066 -
067 -
068 -
069 -
070 -
071 -
072 -
073 -
074 -
075 -
076 -
077 -
078 -
079 -
080 -
081 -
082 -
083 -
084 -
085 -
086 -
087 -
088 -
089 -
090 -
091 -
092 -
093 -
094 -
095 -
096 -
097 -
098 -
099 -
100 -
101 -
102 -
103 -
104 -
105 -
106 -
107 -
108 -
109 -
110 -
111 -
112 -
113 -
114 -
115 -
116 -
117 -
118 -
119 -
120 -
