001 85034
002 50889
003 26188
004 10318
005 35745
006 98157
007 51299
008 41047
009 68471
010 30461
011 84520
012 50987
013 62069
014 20269
015 51797
016 84823
017 43665
018 94460
019 69130
020 56743
021 39728
022 59605
023 99229
024 62334
025 92210
026 10064
027 63420
028 68421
029 39218
030 74343
031 85726
032 64281
033 88834
034 40809
035 51894
036 33481
037 47464
038 08874
039 42441
040 68957
041 54826
042 75456
043 57610
044 78689
045 00614
046 54858
047 21946
048 78214
049 99884
050 55109
051 15786
052 32672
053 89668
054 01350
055 25527
056 03025
057 97945
058 30996
059 67836
060 -
061 -
062 -
063 -
064 -
065 -
066 -
067 -
068 -
069 -
070 -
071 -
072 -
073 -
074 -
075 -
076 -
077 -
078 -
079 -
080 -
081 -
082 -
083 -
084 -
085 -
086 -
087 -
088 -
089 -
090 -
091 -
092 -
093 -
094 -
095 -
096 -
097 -
098 -
099 -
100 -
101 -
102 -
103 -
104 -
105 -
106 -
107 -
108 -
109 -
110 -
111 -
112 -
113 -
114 -
115 -
116 -
117 -
118 -
119 -
120 -
