001 51190
002 77274
003 54884
004 39800
005 24265
006 16364
007 32178
008 58837
009 93206
010 82535
011 88919
012 30416
013 50844
014 71569
015 00256
016 68614
017 15387
018 44738
019 22674
020 22017
021 36706
022 37331
023 55181
024 98688
025 88190
026 86786
027 21815
028 04609
029 26086
030 18225
031 68254
032 59885
033 11580
034 54181
035 29106
036 93841
037 11760
038 65454
039 79499
040 68404
041 11290
042 50812
043 62729
044 09636
045 10715
046 93368
047 38425
048 07159
049 00865
050 56526
051 40294
052 07496
053 16268
054 97967
055 04613
056 46850
057 -
058 -
059 -
060 -
061 -
062 -
063 -
064 -
065 -
066 -
067 -
068 -
069 -
070 -
071 -
072 -
073 -
074 -
075 -
076 -
077 -
078 -
079 -
080 -
081 -
082 -
083 -
084 -
085 -
086 -
087 -
088 -
089 -
090 -
091 -
092 -
093 -
094 -
095 -
096 -
097 -
098 -
099 -
100 -
101 -
102 -
103 -
104 -
105 -
106 -
107 -
108 -
109 -
110 -
111 -
112 -
113 -
114 -
115 -
116 -
117 -
118 -
119 -
120 -
