001 80387
002 53026
003 01730
004 92716
005 39007
006 15297
007 23436
008 32232
009 14023
010 32681
011 03052
012 49917
013 04886
014 05589
015 27956
016 04190
017 66303
018 96008
019 09405
020 02798
021 52124
022 83347
023 40849
024 95589
025 29591
026 08412
027 62008
028 78818
029 32669
030 29648
031 23279
032 35276
033 78974
034 74189
035 59120
036 54540
037 98092
038 06041
039 50693
040 76543
041 00988
042 32345
043 82152
044 15820
045 91324
046 82362
047 90290
048 73848
049 39308
050 82669
051 12169
052 41603
053 98604
054 37155
055 96719
056 24887
057 62864
058 -
059 -
060 -
061 -
062 -
063 -
064 -
065 -
066 -
067 -
068 -
069 -
070 -
071 -
072 -
073 -
074 -
075 -
076 -
077 -
078 -
079 -
080 -
081 -
082 -
083 -
084 -
085 -
086 -
087 -
088 -
089 -
090 -
091 -
092 -
093 -
094 -
095 -
096 -
097 -
098 -
099 -
100 -
101 -
102 -
103 -
104 -
105 -
106 -
107 -
108 -
109 -
110 -
111 -
112 -
113 -
114 -
115 -
116 -
117 -
118 -
119 -
120 -
