001 37742
002 82455
003 17521
004 86809
005 69213
006 50439
007 41989
008 97058
009 77369
010 41328
011 09109
012 39981
013 25115
014 15200
015 78198
016 63499
017 08830
018 28710
019 79959
020 61212
021 93915
022 71046
023 93475
024 35594
025 45048
026 30426
027 24638
028 67146
029 25304
030 99968
031 99357
032 46875
033 93795
034 74167
035 42974
036 23879
037 56430
038 21717
039 70458
040 90352
041 56830
042 09366
043 83071
044 81365
045 73592
046 78910
047 89830
048 79107
049 40421
050 75437
051 44029
052 33891
053 57087
054 72477
055 18393
056 76923
057 32361
058 97939
059 74734
060 18011
061 70076
062 72175
063 96798
064 00064
065 00724
066 96771
067 98548
068 16240
069 88360
070 36326
071 20038
072 11156
073 20442
074 60921
075 05286
076 90263
077 69194
078 13780
079 15447
080 35933
081 83972
082 71750
083 70808
084 16460
085 39918
086 53800
087 35734
088 03006
089 93090
090 90765
091 44147
092 19790
093 87149
094 48806
095 92459
096 47663
097 20284
098 58287
099 87285
100 64803
101 79247
102 82125
103 38356
104 87423
105 56646
106 32387
107 10275
108 12651
109 10950
110 69181
111 20173
112 89104
113 46811
114 28243
115 39808
116 39552
117 61978
118 41325
119 98854
120 39053
