001 63099
002 91726
003 35884
004 52263
005 64413
006 36030
007 79747
008 90034
009 86851
010 95677
011 19622
012 27956
013 62323
014 11340
015 80541
016 74673
017 80395
018 47017
019 76215
020 70974
021 65864
022 37797
023 16773
024 52484
025 78472
026 17098
027 23857
028 04380
029 14259
030 56122
031 67904
032 65343
033 85136
034 04287
035 11485
036 33821
037 73985
038 03844
039 92007
040 88232
041 80596
042 05121
043 63822
044 35624
045 38318
046 30935
047 41869
048 87015
049 72653
050 23926
051 24052
052 59461
053 21125
054 55077
055 70594
056 44623
057 06916
058 01419
059 56757
060 -
061 -
062 -
063 -
064 -
065 -
066 -
067 -
068 -
069 -
070 -
071 -
072 -
073 -
074 -
075 -
076 -
077 -
078 -
079 -
080 -
081 -
082 -
083 -
084 -
085 -
086 -
087 -
088 -
089 -
090 -
091 -
092 -
093 -
094 -
095 -
096 -
097 -
098 -
099 -
100 -
101 -
102 -
103 -
104 -
105 -
106 -
107 -
108 -
109 -
110 -
111 -
112 -
113 -
114 -
115 -
116 -
117 -
118 -
119 -
120 -
