001 38370
002 85094
003 50656
004 05667
005 06319
006 88947
007 77357
008 12920
009 33348
010 82494
011 30012
012 82349
013 25951
014 87779
015 30460
016 55372
017 53712
018 62822
019 12085
020 09398
021 99527
022 46960
023 83031
024 95601
025 67441
026 79439
027 88748
028 83165
029 83496
030 91157
031 40098
032 40604
033 20927
034 73748
035 12542
036 66394
037 89035
038 00614
039 63828
040 17140
041 08603
042 19263
043 78249
044 68900
045 33808
046 96188
047 91366
048 89291
049 74858
050 40740
051 58160
052 12281
053 83098
054 10007
055 39568
056 62784
057 96897
058 95358
059 84887
060 -
061 -
062 -
063 -
064 -
065 -
066 -
067 -
068 -
069 -
070 -
071 -
072 -
073 -
074 -
075 -
076 -
077 -
078 -
079 -
080 -
081 -
082 -
083 -
084 -
085 -
086 -
087 -
088 -
089 -
090 -
091 -
092 -
093 -
094 -
095 -
096 -
097 -
098 -
099 -
100 -
101 -
102 -
103 -
104 -
105 -
106 -
107 -
108 -
109 -
110 -
111 -
112 -
113 -
114 -
115 -
116 -
117 -
118 -
119 -
120 -
