001 21648
002 08259
003 53102
004 20889
005 67126
006 39766
007 02011
008 51408
009 01048
010 82365
011 47088
012 82109
013 67322
014 33010
015 59918
016 76468
017 97690
018 93647
019 00179
020 73075
021 98988
022 34217
023 50215
024 61911
025 58229
026 38886
027 81056
028 20251
029 52778
030 65185
031 18654
032 85843
033 08613
034 86547
035 90596
036 42882
037 85061
038 63755
039 14203
040 07130
041 29870
042 96078
043 25092
044 00121
045 15283
046 68104
047 40433
048 74698
049 85220
050 74186
051 03091
052 47578
053 81225
054 08518
055 19003
056 78695
057 85055
058 12367
059 84842
060 -
061 -
062 -
063 -
064 -
065 -
066 -
067 -
068 -
069 -
070 -
071 -
072 -
073 -
074 -
075 -
076 -
077 -
078 -
079 -
080 -
081 -
082 -
083 -
084 -
085 -
086 -
087 -
088 -
089 -
090 -
091 -
092 -
093 -
094 -
095 -
096 -
097 -
098 -
099 -
100 -
101 -
102 -
103 -
104 -
105 -
106 -
107 -
108 -
109 -
110 -
111 -
112 -
113 -
114 -
115 -
116 -
117 -
118 -
119 -
120 -
