001 34817
002 51407
003 12372
004 46162
005 64573
006 95021
007 45265
008 47494
009 38346
010 48279
011 41281
012 12195
013 01293
014 32870
015 21845
016 50603
017 24603
018 96904
019 64278
020 29178
021 60842
022 13260
023 12603
024 94559
025 61618
026 41697
027 58297
028 67947
029 60959
030 53735
031 92363
032 14132
033 86600
034 21568
035 49887
036 68182
037 60289
038 84505
039 43564
040 03487
041 68577
042 78019
043 90800
044 89654
045 13430
046 22392
047 12046
048 83317
049 54750
050 88043
051 48081
052 11585
053 43320
054 86857
055 00224
056 11486
057 38961
058 72905
059 04083
060 -
061 -
062 -
063 -
064 -
065 -
066 -
067 -
068 -
069 -
070 -
071 -
072 -
073 -
074 -
075 -
076 -
077 -
078 -
079 -
080 -
081 -
082 -
083 -
084 -
085 -
086 -
087 -
088 -
089 -
090 -
091 -
092 -
093 -
094 -
095 -
096 -
097 -
098 -
099 -
100 -
101 -
102 -
103 -
104 -
105 -
106 -
107 -
108 -
109 -
110 -
111 -
112 -
113 -
114 -
115 -
116 -
117 -
118 -
119 -
120 -
