001 66651
002 73203
003 44047
004 38366
005 19870
006 44094
007 67228
008 88820
009 47187
010 25210
011 55421
012 33305
013 48258
014 41472
015 45204
016 16121
017 84047
018 57608
019 03739
020 76270
021 41599
022 45375
023 28672
024 86392
025 36261
026 27320
027 29290
028 79607
029 35776
030 03955
031 86646
032 47112
033 74158
034 66326
035 54068
036 17887
037 11858
038 73419
039 84116
040 26556
041 23278
042 58421
043 01319
044 79590
045 68873
046 18026
047 71575
048 92001
049 57170
050 23954
051 00105
052 04139
053 08383
054 37712
055 66546
056 61832
057 55343
058 39823
059 69200
060 -
061 -
062 -
063 -
064 -
065 -
066 -
067 -
068 -
069 -
070 -
071 -
072 -
073 -
074 -
075 -
076 -
077 -
078 -
079 -
080 -
081 -
082 -
083 -
084 -
085 -
086 -
087 -
088 -
089 -
090 -
091 -
092 -
093 -
094 -
095 -
096 -
097 -
098 -
099 -
100 -
101 -
102 -
103 -
104 -
105 -
106 -
107 -
108 -
109 -
110 -
111 -
112 -
113 -
114 -
115 -
116 -
117 -
118 -
119 -
120 -
