001 64598
002 26752
003 82630
004 75591
005 32029
006 03751
007 38855
008 93927
009 53948
010 47074
011 11076
012 55903
013 45420
014 53847
015 66277
016 48082
017 48264
018 55335
019 74271
020 31650
021 51967
022 17638
023 56087
024 21288
025 98199
026 09944
027 62572
028 65913
029 32006
030 35670
031 72439
032 85172
033 86852
034 64261
035 93854
036 32311
037 40490
038 32208
039 46808
040 44849
041 12758
042 75283
043 38130
044 56580
045 04190
046 03464
047 40404
048 17764
049 31907
050 16689
051 37427
052 15141
053 59280
054 76687
055 55209
056 91672
057 06842
058 12471
059 16291
060 -
061 -
062 -
063 -
064 -
065 -
066 -
067 -
068 -
069 -
070 -
071 -
072 -
073 -
074 -
075 -
076 -
077 -
078 -
079 -
080 -
081 -
082 -
083 -
084 -
085 -
086 -
087 -
088 -
089 -
090 -
091 -
092 -
093 -
094 -
095 -
096 -
097 -
098 -
099 -
100 -
101 -
102 -
103 -
104 -
105 -
106 -
107 -
108 -
109 -
110 -
111 -
112 -
113 -
114 -
115 -
116 -
117 -
118 -
119 -
120 -
