001 66464
002 70454
003 93919
004 85084
005 77853
006 87357
007 69607
008 58251
009 82745
010 98361
011 56872
012 03127
013 60165
014 13661
015 60450
016 62518
017 20801
018 08199
019 22618
020 81874
021 48042
022 30630
023 87897
024 87246
025 35694
026 53677
027 91744
028 19104
029 96911
030 37678
031 04297
032 29422
033 27242
034 54379
035 11441
036 82824
037 61476
038 41859
039 21631
040 11495
041 19901
042 61712
043 97603
044 40811
045 72209
046 78945
047 81711
048 90152
049 38906
050 39234
051 07603
052 09048
053 99495
054 11868
055 24092
056 06724
057 29527
058 86829
059 02697
060 -
061 -
062 -
063 -
064 -
065 -
066 -
067 -
068 -
069 -
070 -
071 -
072 -
073 -
074 -
075 -
076 -
077 -
078 -
079 -
080 -
081 -
082 -
083 -
084 -
085 -
086 -
087 -
088 -
089 -
090 -
091 -
092 -
093 -
094 -
095 -
096 -
097 -
098 -
099 -
100 -
101 -
102 -
103 -
104 -
105 -
106 -
107 -
108 -
109 -
110 -
111 -
112 -
113 -
114 -
115 -
116 -
117 -
118 -
119 -
120 -
