001 28482
002 45812
003 22159
004 73939
005 90985
006 82689
007 31504
008 45982
009 41245
010 11914
011 65085
012 98582
013 82387
014 42270
015 38279
016 85404
017 96492
018 22673
019 81074
020 25444
021 37413
022 53836
023 84725
024 15178
025 02638
026 07837
027 36414
028 38129
029 82164
030 99650
031 90528
032 28532
033 69269
034 04517
035 17590
036 00175
037 11163
038 01899
039 28141
040 88869
041 63195
042 24884
043 78277
044 67884
045 87801
046 95224
047 96917
048 68514
049 85680
050 21433
051 44052
052 84935
053 38888
054 22881
055 75837
056 01305
057 42448
058 23111
059 12386
060 -
061 -
062 -
063 -
064 -
065 -
066 -
067 -
068 -
069 -
070 -
071 -
072 -
073 -
074 -
075 -
076 -
077 -
078 -
079 -
080 -
081 -
082 -
083 -
084 -
085 -
086 -
087 -
088 -
089 -
090 -
091 -
092 -
093 -
094 -
095 -
096 -
097 -
098 -
099 -
100 -
101 -
102 -
103 -
104 -
105 -
106 -
107 -
108 -
109 -
110 -
111 -
112 -
113 -
114 -
115 -
116 -
117 -
118 -
119 -
120 -
