001 45437
002 57446
003 49526
004 03945
005 81522
006 79926
007 88428
008 85277
009 64261
010 28479
011 55795
012 10730
013 16216
014 77332
015 44335
016 88197
017 17709
018 93071
019 27817
020 64826
021 67102
022 55067
023 07805
024 84135
025 00667
026 02588
027 81909
028 05375
029 33321
030 25789
031 02469
032 43679
033 91223
034 77664
035 29541
036 33105
037 25864
038 56226
039 44030
040 52166
041 12011
042 14163
043 09414
044 04184
045 65570
046 62893
047 80350
048 69009
049 28186
050 09980
051 88296
052 46452
053 93725
054 59292
055 32730
056 03365
057 67262
058 -
059 -
060 -
061 -
062 -
063 -
064 -
065 -
066 -
067 -
068 -
069 -
070 -
071 -
072 -
073 -
074 -
075 -
076 -
077 -
078 -
079 -
080 -
081 -
082 -
083 -
084 -
085 -
086 -
087 -
088 -
089 -
090 -
091 -
092 -
093 -
094 -
095 -
096 -
097 -
098 -
099 -
100 -
101 -
102 -
103 -
104 -
105 -
106 -
107 -
108 -
109 -
110 -
111 -
112 -
113 -
114 -
115 -
116 -
117 -
118 -
119 -
120 -
