001 35792
002 54399
003 54839
004 77811
005 43169
006 07005
007 97258
008 04582
009 62731
010 34462
011 28511
012 13884
013 99494
014 56962
015 04158
016 84378
017 04624
018 20627
019 39465
020 43213
021 39080
022 51291
023 50419
024 37344
025 87576
026 17276
027 06277
028 55223
029 30579
030 87440
031 55999
032 27547
033 30678
034 76084
035 51506
036 22169
037 56738
038 16633
039 14259
040 07470
041 54690
042 26268
043 17423
044 21908
045 95299
046 20565
047 98529
048 36292
049 87174
050 25631
051 46673
052 80393
053 29096
054 63228
055 93486
056 02510
057 15191
058 97355
059 85033
060 -
061 -
062 -
063 -
064 -
065 -
066 -
067 -
068 -
069 -
070 -
071 -
072 -
073 -
074 -
075 -
076 -
077 -
078 -
079 -
080 -
081 -
082 -
083 -
084 -
085 -
086 -
087 -
088 -
089 -
090 -
091 -
092 -
093 -
094 -
095 -
096 -
097 -
098 -
099 -
100 -
101 -
102 -
103 -
104 -
105 -
106 -
107 -
108 -
109 -
110 -
111 -
112 -
113 -
114 -
115 -
116 -
117 -
118 -
119 -
120 -
