001 92912
002 59676
003 37899
004 64484
005 38529
006 84391
007 41999
008 90950
009 00548
010 56529
011 11475
012 88870
013 45873
014 37851
015 42756
016 41407
017 37011
018 24217
019 58933
020 12701
021 09248
022 43979
023 39314
024 30699
025 11567
026 26043
027 79909
028 72445
029 51835
030 15648
031 07115
032 10828
033 67711
034 57403
035 13941
036 07238
037 04781
038 59955
039 21184
040 79242
041 81466
042 00953
043 52970
044 31624
045 96528
046 48437
047 33707
048 38435
049 97906
050 36171
051 67659
052 38282
053 00337
054 90587
055 84775
056 20174
057 98612
058 05361
059 68116
060 33453
061 35367
062 14426
063 71364
064 78175
065 29998
066 97505
067 75825
068 83441
069 17319
070 78214
071 66471
072 92274
073 70611
074 90753
075 00086
076 78809
077 86086
078 69713
079 50455
080 23943
081 86871
082 -
083 -
084 -
085 -
086 -
087 -
088 -
089 -
090 -
091 -
092 -
093 -
094 -
095 -
096 -
097 -
098 -
099 -
100 -
101 -
102 -
103 -
104 -
105 -
106 -
107 -
108 -
109 -
110 -
111 -
112 -
113 -
114 -
115 -
116 -
117 -
118 -
119 -
120 -
