001 90489
002 66074
003 43230
004 51929
005 53058
006 18141
007 25626
008 15664
009 40359
010 91508
011 59603
012 17859
013 34064
014 14812
015 14866
016 89940
017 11029
018 35465
019 46501
020 79469
021 60994
022 53131
023 28086
024 80944
025 95011
026 54603
027 66067
028 23205
029 47149
030 30397
031 16708
032 71540
033 51287
034 42945
035 01848
036 57282
037 33905
038 46904
039 81826
040 16839
041 89715
042 86305
043 29306
044 66504
045 06520
046 46866
047 99921
048 65719
049 78802
050 57751
051 06194
052 63970
053 37027
054 35297
055 24908
056 08536
057 09601
058 28191
059 16395
060 -
061 -
062 -
063 -
064 -
065 -
066 -
067 -
068 -
069 -
070 -
071 -
072 -
073 -
074 -
075 -
076 -
077 -
078 -
079 -
080 -
081 -
082 -
083 -
084 -
085 -
086 -
087 -
088 -
089 -
090 -
091 -
092 -
093 -
094 -
095 -
096 -
097 -
098 -
099 -
100 -
101 -
102 -
103 -
104 -
105 -
106 -
107 -
108 -
109 -
110 -
111 -
112 -
113 -
114 -
115 -
116 -
117 -
118 -
119 -
120 -
