001 80486
002 27699
003 06798
004 62546
005 51032
006 44138
007 15299
008 54170
009 75493
010 43220
011 91385
012 77846
013 21451
014 18606
015 28240
016 79686
017 88490
018 90466
019 35124
020 34556
021 59251
022 04967
023 14499
024 57337
025 33457
026 31482
027 08660
028 08698
029 00631
030 85972
031 74893
032 89066
033 47682
034 51008
035 50902
036 92669
037 02880
038 10738
039 48790
040 89249
041 93956
042 49524
043 93853
044 64381
045 89636
046 94838
047 87698
048 47914
049 90592
050 19152
051 33532
052 78163
053 43640
054 91204
055 98642
056 43161
057 63670
058 85419
059 93756
060 -
061 -
062 -
063 -
064 -
065 -
066 -
067 -
068 -
069 -
070 -
071 -
072 -
073 -
074 -
075 -
076 -
077 -
078 -
079 -
080 -
081 -
082 -
083 -
084 -
085 -
086 -
087 -
088 -
089 -
090 -
091 -
092 -
093 -
094 -
095 -
096 -
097 -
098 -
099 -
100 -
101 -
102 -
103 -
104 -
105 -
106 -
107 -
108 -
109 -
110 -
111 -
112 -
113 -
114 -
115 -
116 -
117 -
118 -
119 -
120 -
