001 11669
002 67025
003 83122
004 34720
005 97146
006 27630
007 71610
008 44168
009 66308
010 18111
011 27568
012 86626
013 02522
014 00805
015 29551
016 24949
017 15231
018 01642
019 49347
020 35555
021 92968
022 17202
023 80825
024 76683
025 79234
026 25363
027 54149
028 46713
029 03403
030 74647
031 72897
032 59765
033 22921
034 54111
035 05722
036 12338
037 56570
038 15166
039 18365
040 28868
041 47315
042 85332
043 34561
044 80726
045 18619
046 61333
047 16688
048 46589
049 02824
050 52233
051 92895
052 15150
053 53406
054 59776
055 52823
056 28145
057 16781
058 16250
059 96674
060 -
061 -
062 -
063 -
064 -
065 -
066 -
067 -
068 -
069 -
070 -
071 -
072 -
073 -
074 -
075 -
076 -
077 -
078 -
079 -
080 -
081 -
082 -
083 -
084 -
085 -
086 -
087 -
088 -
089 -
090 -
091 -
092 -
093 -
094 -
095 -
096 -
097 -
098 -
099 -
100 -
101 -
102 -
103 -
104 -
105 -
106 -
107 -
108 -
109 -
110 -
111 -
112 -
113 -
114 -
115 -
116 -
117 -
118 -
119 -
120 -
