001 81813
002 71990
003 14336
004 63058
005 28459
006 01265
007 99819
008 35988
009 55094
010 61211
011 77480
012 64207
013 22191
014 31428
015 05871
016 19695
017 10543
018 62924
019 16174
020 78743
021 91693
022 58961
023 26395
024 69675
025 39810
026 31326
027 46750
028 89871
029 55169
030 70688
031 09421
032 62485
033 54649
034 37712
035 83040
036 54533
037 08974
038 21272
039 78633
040 89078
041 78275
042 09872
043 36448
044 43176
045 65148
046 88016
047 46004
048 39728
049 64032
050 23862
051 93236
052 76087
053 81769
054 23187
055 73218
056 81305
057 06453
058 42945
059 31658
060 -
061 -
062 -
063 -
064 -
065 -
066 -
067 -
068 -
069 -
070 -
071 -
072 -
073 -
074 -
075 -
076 -
077 -
078 -
079 -
080 -
081 -
082 -
083 -
084 -
085 -
086 -
087 -
088 -
089 -
090 -
091 -
092 -
093 -
094 -
095 -
096 -
097 -
098 -
099 -
100 -
101 -
102 -
103 -
104 -
105 -
106 -
107 -
108 -
109 -
110 -
111 -
112 -
113 -
114 -
115 -
116 -
117 -
118 -
119 -
120 -
