001 10659
002 78768
003 50712
004 55400
005 85018
006 31310
007 90436
008 29478
009 58293
010 72391
011 87919
012 73523
013 08333
014 72144
015 95835
016 49215
017 02540
018 10859
019 78005
020 94204
021 03770
022 23082
023 04506
024 93254
025 87308
026 91809
027 95426
028 73356
029 44045
030 82276
031 04330
032 24594
033 52062
034 32293
035 45212
036 61878
037 54270
038 72502
039 27111
040 17507
041 32686
042 91407
043 61743
044 46370
045 28708
046 42176
047 77854
048 10322
049 91024
050 17224
051 38242
052 07621
053 99129
054 53690
055 19057
056 38891
057 44381
058 35823
059 53976
060 -
061 -
062 -
063 -
064 -
065 -
066 -
067 -
068 -
069 -
070 -
071 -
072 -
073 -
074 -
075 -
076 -
077 -
078 -
079 -
080 -
081 -
082 -
083 -
084 -
085 -
086 -
087 -
088 -
089 -
090 -
091 -
092 -
093 -
094 -
095 -
096 -
097 -
098 -
099 -
100 -
101 -
102 -
103 -
104 -
105 -
106 -
107 -
108 -
109 -
110 -
111 -
112 -
113 -
114 -
115 -
116 -
117 -
118 -
119 -
120 -
