001 41581
002 81207
003 50115
004 44370
005 97738
006 89396
007 75831
008 95260
009 61433
010 -
011 98237
012 48316
013 09319
014 09042
015 72779
016 54946
017 49206
018 27766
019 77335
020 01244
021 11212
022 78983
023 15977
024 13376
025 70757
026 89372
027 03129
028 82273
029 46392
030 11024
031 84140
032 89707
033 05386
034 12508
035 39143
036 12183
037 98388
038 27856
039 42260
040 79317
041 94337
042 06998
043 79484
044 41543
045 55070
046 94911
047 10858
048 65812
049 29930
050 80714
051 65971
052 17385
053 27895
054 45796
055 98110
056 48368
057 68544
058 95231
059 36739
060 -
061 -
062 -
063 -
064 -
065 -
066 -
067 -
068 -
069 -
070 -
071 -
072 -
073 -
074 -
075 -
076 -
077 -
078 -
079 -
080 -
081 -
082 -
083 -
084 -
085 -
086 -
087 -
088 -
089 -
090 -
091 -
092 -
093 -
094 -
095 -
096 -
097 -
098 -
099 -
100 -
101 -
102 -
103 -
104 -
105 -
106 -
107 -
108 -
109 -
110 -
111 -
112 -
113 -
114 -
115 -
116 -
117 -
118 -
119 -
120 -
