001 63054
002 45473
003 15537
004 17890
005 44501
006 17757
007 31151
008 91728
009 40160
010 42222
011 37771
012 94478
013 28293
014 34418
015 04435
016 40395
017 71394
018 12823
019 97676
020 87017
021 04443
022 82925
023 42305
024 77990
025 90775
026 58204
027 73992
028 41483
029 74528
030 13431
031 23731
032 58251
033 64119
034 06740
035 26760
036 83829
037 53111
038 94558
039 44783
040 29629
041 47883
042 32014
043 72721
044 37647
045 78205
046 40835
047 09266
048 54905
049 49149
050 65530
051 62733
052 20684
053 10506
054 40054
055 82675
056 30426
057 99891
058 97529
059 13021
060 -
061 -
062 -
063 -
064 -
065 -
066 -
067 -
068 -
069 -
070 -
071 -
072 -
073 -
074 -
075 -
076 -
077 -
078 -
079 -
080 -
081 -
082 -
083 -
084 -
085 -
086 -
087 -
088 -
089 -
090 -
091 -
092 -
093 -
094 -
095 -
096 -
097 -
098 -
099 -
100 -
101 -
102 -
103 -
104 -
105 -
106 -
107 -
108 -
109 -
110 -
111 -
112 -
113 -
114 -
115 -
116 -
117 -
118 -
119 -
120 -
