001 79048
002 63641
003 36368
004 73916
005 77420
006 38467
007 34026
008 55174
009 94122
010 98375
011 11743
012 30920
013 25316
014 08546
015 40985
016 35286
017 13985
018 47983
019 49955
020 98299
021 47473
022 91644
023 28821
024 74118
025 30596
026 54683
027 71444
028 61756
029 99372
030 14499
031 13018
032 56966
033 70492
034 75303
035 09609
036 37377
037 70087
038 11927
039 97038
040 40609
041 64480
042 97585
043 71537
044 92898
045 70128
046 36280
047 37011
048 89718
049 60184
050 07934
051 10603
052 25720
053 97218
054 13286
055 76387
056 87287
057 59936
058 95169
059 41651
060 -
061 -
062 -
063 -
064 -
065 -
066 -
067 -
068 -
069 -
070 -
071 -
072 -
073 -
074 -
075 -
076 -
077 -
078 -
079 -
080 -
081 -
082 -
083 -
084 -
085 -
086 -
087 -
088 -
089 -
090 -
091 -
092 -
093 -
094 -
095 -
096 -
097 -
098 -
099 -
100 -
101 -
102 -
103 -
104 -
105 -
106 -
107 -
108 -
109 -
110 -
111 -
112 -
113 -
114 -
115 -
116 -
117 -
118 -
119 -
120 -
