001 13629
002 31457
003 72532
004 40604
005 17554
006 40723
007 54336
008 55118
009 26971
010 21161
011 09599
012 82947
013 16347
014 68182
015 22672
016 71412
017 04192
018 01638
019 22984
020 97848
021 94131
022 77969
023 99868
024 93115
025 15871
026 18158
027 53537
028 96858
029 77548
030 52151
031 60911
032 18606
033 59725
034 06466
035 61462
036 34756
037 32503
038 05295
039 52376
040 68749
041 36652
042 76046
043 31098
044 91923
045 76845
046 73629
047 82629
048 97250
049 91167
050 15914
051 07230
052 59176
053 63243
054 82438
055 56022
056 26581
057 62340
058 30049
059 82989
060 -
061 -
062 -
063 -
064 -
065 -
066 -
067 -
068 -
069 -
070 -
071 -
072 -
073 -
074 -
075 -
076 -
077 -
078 -
079 -
080 -
081 -
082 -
083 -
084 -
085 -
086 -
087 -
088 -
089 -
090 -
091 -
092 -
093 -
094 -
095 -
096 -
097 -
098 -
099 -
100 -
101 -
102 -
103 -
104 -
105 -
106 -
107 -
108 -
109 -
110 -
111 -
112 -
113 -
114 -
115 -
116 -
117 -
118 -
119 -
120 -
