001 08754
002 32372
003 23420
004 70579
005 98934
006 68295
007 14158
008 63536
009 39340
010 35703
011 68442
012 03033
013 19094
014 79778
015 13744
016 77290
017 77794
018 71721
019 75706
020 01297
021 93327
022 31845
023 53594
024 13323
025 99904
026 54992
027 83784
028 87549
029 86434
030 06571
031 16620
032 48741
033 12573
034 41464
035 69262
036 32825
037 06146
038 98280
039 55078
040 28239
041 11713
042 91071
043 46864
044 95853
045 19975
046 57806
047 04769
048 85480
049 30656
050 53132
051 02813
052 03411
053 70617
054 86542
055 59153
056 79193
057 12218
058 28902
059 80700
060 -
061 -
062 -
063 -
064 -
065 -
066 -
067 -
068 -
069 -
070 -
071 -
072 -
073 -
074 -
075 -
076 -
077 -
078 -
079 -
080 -
081 -
082 -
083 -
084 -
085 -
086 -
087 -
088 -
089 -
090 -
091 -
092 -
093 -
094 -
095 -
096 -
097 -
098 -
099 -
100 -
101 -
102 -
103 -
104 -
105 -
106 -
107 -
108 -
109 -
110 -
111 -
112 -
113 -
114 -
115 -
116 -
117 -
118 -
119 -
120 -
