001 96780
002 55375
003 73759
004 07908
005 48549
006 76847
007 11486
008 44481
009 81389
010 66471
011 69259
012 58465
013 19346
014 81177
015 75122
016 14128
017 44240
018 88038
019 27751
020 55198
021 35254
022 85499
023 09171
024 71502
025 83136
026 96467
027 05584
028 80910
029 41849
030 11051
031 64654
032 73654
033 76618
034 83745
035 30175
036 61973
037 91454
038 02614
039 48630
040 61691
041 84063
042 97021
043 75808
044 45343
045 79280
046 27637
047 28917
048 40373
049 39604
050 20054
051 77927
052 79923
053 46029
054 44117
055 51437
056 52159
057 23848
058 44580
059 41273
060 -
061 -
062 -
063 -
064 -
065 -
066 -
067 -
068 -
069 -
070 -
071 -
072 -
073 -
074 -
075 -
076 -
077 -
078 -
079 -
080 -
081 -
082 -
083 -
084 -
085 -
086 -
087 -
088 -
089 -
090 -
091 -
092 -
093 -
094 -
095 -
096 -
097 -
098 -
099 -
100 -
101 -
102 -
103 -
104 -
105 -
106 -
107 -
108 -
109 -
110 -
111 -
112 -
113 -
114 -
115 -
116 -
117 -
118 -
119 -
120 -
