001 89915
002 83682
003 97618
004 32056
005 73051
006 19401
007 97875
008 12386
009 85873
010 62208
011 17386
012 10290
013 19346
014 85102
015 31641
016 76697
017 72238
018 19311
019 38070
020 84733
021 77153
022 78867
023 89460
024 53356
025 70947
026 35390
027 74871
028 98617
029 97591
030 81348
031 11534
032 56067
033 40229
034 55562
035 85228
036 25125
037 16107
038 08414
039 98594
040 75740
041 06231
042 82960
043 86374
044 37290
045 36552
046 68400
047 65492
048 89912
049 32719
050 50835
051 80946
052 00750
053 54648
054 54909
055 23883
056 23458
057 21564
058 34347
059 23433
060 -
061 -
062 -
063 -
064 -
065 -
066 -
067 -
068 -
069 -
070 -
071 -
072 -
073 -
074 -
075 -
076 -
077 -
078 -
079 -
080 -
081 -
082 -
083 -
084 -
085 -
086 -
087 -
088 -
089 -
090 -
091 -
092 -
093 -
094 -
095 -
096 -
097 -
098 -
099 -
100 -
101 -
102 -
103 -
104 -
105 -
106 -
107 -
108 -
109 -
110 -
111 -
112 -
113 -
114 -
115 -
116 -
117 -
118 -
119 -
120 -
