001 78905
002 52922
003 32098
004 19709
005 12913
006 28918
007 93172
008 57876
009 87695
010 59638
011 88191
012 68495
013 39880
014 89077
015 56764
016 83795
017 86389
018 81495
019 92309
020 97580
021 36411
022 95337
023 86874
024 49821
025 51223
026 66299
027 63154
028 91923
029 49117
030 06294
031 00689
032 07208
033 67773
034 73129
035 74406
036 61720
037 94731
038 42780
039 59205
040 84227
041 46427
042 26350
043 15461
044 79660
045 93575
046 55146
047 72823
048 29192
049 69582
050 08666
051 82459
052 51449
053 52349
054 48901
055 84822
056 57969
057 50547
058 85253
059 87133
060 -
061 -
062 -
063 -
064 -
065 -
066 -
067 -
068 -
069 -
070 -
071 -
072 -
073 -
074 -
075 -
076 -
077 -
078 -
079 -
080 -
081 -
082 -
083 -
084 -
085 -
086 -
087 -
088 -
089 -
090 -
091 -
092 -
093 -
094 -
095 -
096 -
097 -
098 -
099 -
100 -
101 -
102 -
103 -
104 -
105 -
106 -
107 -
108 -
109 -
110 -
111 -
112 -
113 -
114 -
115 -
116 -
117 -
118 -
119 -
120 -
