001 00031
002 66205
003 70118
004 57820
005 26462
006 70986
007 17585
008 22320
009 96815
010 37184
011 63313
012 01407
013 35013
014 69216
015 63659
016 69036
017 02966
018 22631
019 31672
020 04969
021 20038
022 17967
023 30746
024 89550
025 78064
026 42396
027 91977
028 45262
029 20011
030 65023
031 67242
032 74477
033 29874
034 69849
035 81549
036 80357
037 31032
038 09642
039 48866
040 69037
041 23630
042 19412
043 06957
044 55211
045 65123
046 54851
047 01486
048 96551
049 23423
050 88042
051 30373
052 57711
053 96422
054 52441
055 61351
056 26560
057 65010
058 22457
059 26792
060 70210
061 75473
062 90750
063 33882
064 19265
065 96014
066 48404
067 07642
068 98217
069 50600
070 85696
071 58911
072 59321
073 60874
074 41664
075 41347
076 29978
077 80478
078 23704
079 59097
080 47101
081 11907
082 15119
083 57654
084 37342
085 24741
086 36401
087 16150
088 87766
089 76730
090 55698
091 01444
092 54768
093 07934
094 13679
095 30411
096 53250
097 97069
098 84487
099 25276
100 47134
101 98841
102 50412
103 27643
104 68485
105 18258
106 62797
107 88736
108 18148
109 92165
110 93997
111 79428
112 14352
113 15164
114 53933
115 41036
116 55685
117 19747
118 84149
119 52556
120 90415