001 21202
002 49381
003 42784
004 82665
005 54557
006 57423
007 65824
008 45007
009 30876
010 35584
011 06144
012 80881
013 33417
014 59442
015 67053
016 09929
017 90149
018 97074
019 09956
020 96916
021 92081
022 74651
023 39606
024 99888
025 69756
026 31847
027 17168
028 31398
029 62363
030 69980
031 50550
032 62010
033 87776
034 68604
035 60982
036 38735
037 63174
038 80071
039 63118
040 31722
041 11810
042 17253
043 60948
044 52037
045 03045
046 93497
047 42477
048 60835
049 03793
050 63264
051 84437
052 20353
053 54615
054 85733
055 49698
056 74701
057 06585
058 57334
059 15799
060 -
061 -
062 -
063 -
064 -
065 -
066 -
067 -
068 -
069 -
070 -
071 -
072 -
073 -
074 -
075 -
076 -
077 -
078 -
079 -
080 -
081 -
082 -
083 -
084 -
085 -
086 -
087 -
088 -
089 -
090 -
091 -
092 -
093 -
094 -
095 -
096 -
097 -
098 -
099 -
100 -
101 -
102 -
103 -
104 -
105 -
106 -
107 -
108 -
109 -
110 -
111 -
112 -
113 -
114 -
115 -
116 -
117 -
118 -
119 -
120 -
