001 72756
002 25332
003 14024
004 55516
005 93617
006 19046
007 72327
008 13863
009 02873
010 24202
011 07865
012 16851
013 99959
014 29956
015 10357
016 48950
017 37802
018 42289
019 38370
020 47472
021 23648
022 58371
023 57722
024 90878
025 24377
026 01310
027 48584
028 91962
029 80366
030 23578
031 68362
032 35113
033 43555
034 62177
035 88320
036 49283
037 61700
038 24100
039 03815
040 38128
041 81174
042 59513
043 68898
044 28644
045 91998
046 10217
047 53126
048 35502
049 50658
050 48976
051 84737
052 03969
053 90757
054 00081
055 82836
056 24214
057 39159
058 94519
059 26874
060 -
061 -
062 -
063 -
064 -
065 -
066 -
067 -
068 -
069 -
070 -
071 -
072 -
073 -
074 -
075 -
076 -
077 -
078 -
079 -
080 -
081 -
082 -
083 -
084 -
085 -
086 -
087 -
088 -
089 -
090 -
091 -
092 -
093 -
094 -
095 -
096 -
097 -
098 -
099 -
100 -
101 -
102 -
103 -
104 -
105 -
106 -
107 -
108 -
109 -
110 -
111 -
112 -
113 -
114 -
115 -
116 -
117 -
118 -
119 -
120 -
