001 61182
002 91797
003 02777
004 09567
005 29538
006 87771
007 69347
008 75738
009 47014
010 81891
011 97452
012 58326
013 42137
014 44574
015 51982
016 85489
017 51210
018 75455
019 45533
020 84160
021 20328
022 56244
023 47660
024 70467
025 75038
026 64718
027 09386
028 43914
029 56622
030 96817
031 82569
032 96697
033 62531
034 49881
035 22336
036 18023
037 79939
038 74510
039 04351
040 71726
041 41362
042 64773
043 36946
044 53002
045 27830
046 27789
047 72904
048 66992
049 60019
050 58534
051 73096
052 22270
053 06593
054 59540
055 47152
056 75801
057 85801
058 03421
059 66020
060 04191
061 82333
062 00485
063 17931
064 91089
065 26563
066 71760
067 62244
068 52582
069 23764
070 85058
071 42548
072 90339
073 07365
074 20857
075 02977
076 50691
077 67760
078 55007
079 34964
080 68666
081 59435
082 29252
083 69155
084 58233
085 46438
086 44468
087 35592
088 72326
089 75120
090 28197
091 49365
092 78935
093 35639
094 83548
095 34682
096 19811
097 51528
098 70001
099 00319
100 92220
101 35999
102 16867
103 30679
104 10500
105 32076
106 27993
107 84577
108 30613
109 94654
110 17365
111 36008
112 91911
113 10768
114 27343
115 24554
116 21456
117 77738
118 97771
119 74239
120 13054
