001 38315
002 21793
003 09402
004 71754
005 60424
006 42432
007 30764
008 75491
009 76850
010 11758
011 35128
012 70028
013 94233
014 70023
015 90669
016 65466
017 65567
018 68877
019 16957
020 82447
021 45871
022 61435
023 40026
024 19268
025 69268
026 52748
027 76765
028 32388
029 38745
030 00957
031 11200
032 71124
033 48076
034 98143
035 88948
036 91025
037 42892
038 94923
039 03153
040 74563
041 75863
042 36880
043 02478
044 97675
045 79763
046 83510
047 13638
048 18830
049 29219
050 65595
051 92417
052 30193
053 67090
054 88155
055 84584
056 81399
057 54193
058 98272
059 56448
060 00748
061 06842
062 67529
063 98054
064 77635
065 46577
066 39909
067 18715
068 49730
069 05021
070 18904
071 95783
072 06077
073 46484
074 79268
075 49318
076 51636
077 69520
078 05166
079 84040
080 71320
081 82558
082 29357
083 92836
084 83588
085 74046
086 54948
087 84434
088 67376
089 80445
090 72759
091 34280
092 83395
093 66421
094 44656
095 49392
096 79492
097 04559
098 97906
099 51417
100 23375
101 40331
102 41911
103 48128
104 57807
105 61722
106 83875
107 02678
108 12581
109 72126
110 95978
111 44807
112 52232
113 79099
114 01144
115 85333
116 21076
117 24726
118 99622
119 15190
120 37944
