001 82997
002 31781
003 16920
004 64339
005 22355
006 35999
007 29280
008 01477
009 13630
010 12920
011 79065
012 57465
013 95775
014 24460
015 40211
016 59038
017 80151
018 80442
019 34039
020 04774
021 47945
022 50350
023 13511
024 75545
025 18507
026 66459
027 73451
028 01452
029 90503
030 15076
031 52300
032 43479
033 26907
034 37227
035 23142
036 96295
037 81805
038 59818
039 88285
040 22858
041 94579
042 35822
043 57814
044 10095
045 00177
046 89977
047 06899
048 91747
049 20266
050 42406
051 51747
052 51390
053 58884
054 48224
055 65976
056 92791
057 12045
058 04053
059 61892
060 -
061 -
062 -
063 -
064 -
065 -
066 -
067 -
068 -
069 -
070 -
071 -
072 -
073 -
074 -
075 -
076 -
077 -
078 -
079 -
080 -
081 -
082 -
083 -
084 -
085 -
086 -
087 -
088 -
089 -
090 -
091 -
092 -
093 -
094 -
095 -
096 -
097 -
098 -
099 -
100 -
101 -
102 -
103 -
104 -
105 -
106 -
107 -
108 -
109 -
110 -
111 -
112 -
113 -
114 -
115 -
116 -
117 -
118 -
119 -
120 -
