001 87101
002 23911
003 40648
004 72619
005 37595
006 35167
007 41429
008 86316
009 11337
010 67831
011 35433
012 41302
013 35856
014 36732
015 46508
016 67859
017 64512
018 58216
019 67768
020 65114
021 20026
022 98537
023 79286
024 52021
025 38048
026 97374
027 26064
028 40028
029 62895
030 42639
031 70311
032 28255
033 57040
034 40245
035 13966
036 46702
037 76926
038 80020
039 04050
040 28806
041 91603
042 40285
043 19025
044 33426
045 71226
046 06830
047 93446
048 60746
049 92440
050 03453
051 62085
052 75628
053 66268
054 24508
055 22752
056 99170
057 41903
058 30900
059 04709
060 -
061 -
062 -
063 -
064 -
065 -
066 -
067 -
068 -
069 -
070 -
071 -
072 -
073 -
074 -
075 -
076 -
077 -
078 -
079 -
080 -
081 -
082 -
083 -
084 -
085 -
086 -
087 -
088 -
089 -
090 -
091 -
092 -
093 -
094 -
095 -
096 -
097 -
098 -
099 -
100 -
101 -
102 -
103 -
104 -
105 -
106 -
107 -
108 -
109 -
110 -
111 -
112 -
113 -
114 -
115 -
116 -
117 -
118 -
119 -
120 -
