001 43288
002 44704
003 05868
004 56065
005 83001
006 41157
007 19535
008 51147
009 35544
010 77115
011 63203
012 27361
013 55908
014 22713
015 72518
016 74201
017 79836
018 62709
019 62058
020 67182
021 69405
022 05033
023 70695
024 27491
025 09618
026 98127
027 12842
028 94690
029 22822
030 50275
031 57474
032 34150
033 07927
034 91870
035 00000
036 64691
037 23813
038 41435
039 55264
040 94376
041 94612
042 51189
043 26147
044 93410
045 05758
046 07997
047 30241
048 46403
049 90424
050 77518
051 74352
052 10396
053 45937
054 49788
055 51586
056 52623
057 88228
058 46736
059 15095
060 -
061 -
062 -
063 -
064 -
065 -
066 -
067 -
068 -
069 -
070 -
071 -
072 -
073 -
074 -
075 -
076 -
077 -
078 -
079 -
080 -
081 -
082 -
083 -
084 -
085 -
086 -
087 -
088 -
089 -
090 -
091 -
092 -
093 -
094 -
095 -
096 -
097 -
098 -
099 -
100 -
101 -
102 -
103 -
104 -
105 -
106 -
107 -
108 -
109 -
110 -
111 -
112 -
113 -
114 -
115 -
116 -
117 -
118 -
119 -
120 -
