001 47119
002 25132
003 90330
004 43995
005 42860
006 92238
007 02161
008 64521
009 43786
010 60638
011 35599
012 03183
013 90216
014 96429
015 47031
016 38885
017 52361
018 51105
019 18644
020 26507
021 71613
022 01400
023 67323
024 39654
025 00740
026 49882
027 51022
028 82385
029 20722
030 94418
031 30385
032 10507
033 22735
034 68629
035 13718
036 91210
037 10176
038 32361
039 09924
040 69651
041 86074
042 51016
043 74930
044 18747
045 19207
046 28985
047 56436
048 62260
049 67558
050 51713
051 45195
052 19340
053 15288
054 14473
055 43090
056 58545
057 47741
058 07992
059 85605
060 -
061 -
062 -
063 -
064 -
065 -
066 -
067 -
068 -
069 -
070 -
071 -
072 -
073 -
074 -
075 -
076 -
077 -
078 -
079 -
080 -
081 -
082 -
083 -
084 -
085 -
086 -
087 -
088 -
089 -
090 -
091 -
092 -
093 -
094 -
095 -
096 -
097 -
098 -
099 -
100 -
101 -
102 -
103 -
104 -
105 -
106 -
107 -
108 -
109 -
110 -
111 -
112 -
113 -
114 -
115 -
116 -
117 -
118 -
119 -
120 -
