001 86773
002 43708
003 01909
004 80830
005 97967
006 42208
007 65010
008 31455
009 24127
010 81689
011 71652
012 13273
013 61301
014 42120
015 71130
016 15421
017 33365
018 66003
019 38177
020 35197
021 54000
022 08736
023 96689
024 18607
025 51160
026 07558
027 47975
028 12361
029 72366
030 78246
031 62774
032 43483
033 11168
034 64678
035 14845
036 91621
037 00955
038 29029
039 11652
040 19970
041 83646
042 93572
043 76068
044 58270
045 28043
046 24582
047 47387
048 33195
049 61358
050 95852
051 14834
052 23898
053 43557
054 35379
055 04097
056 92185
057 98157
058 42530
059 56214
060 -
061 -
062 -
063 -
064 -
065 -
066 -
067 -
068 -
069 -
070 -
071 -
072 -
073 -
074 -
075 -
076 -
077 -
078 -
079 -
080 -
081 -
082 -
083 -
084 -
085 -
086 -
087 -
088 -
089 -
090 -
091 -
092 -
093 -
094 -
095 -
096 -
097 -
098 -
099 -
100 -
101 -
102 -
103 -
104 -
105 -
106 -
107 -
108 -
109 -
110 -
111 -
112 -
113 -
114 -
115 -
116 -
117 -
118 -
119 -
120 -
