001 56966
002 60134
003 15677
004 79858
005 87879
006 62181
007 17757
008 35390
009 63662
010 28414
011 44653
012 55042
013 42986
014 86854
015 81632
016 11781
017 61479
018 17796
019 95202
020 25680
021 04435
022 24280
023 63341
024 99454
025 20683
026 12827
027 41303
028 97728
029 40050
030 55635
031 92986
032 93589
033 59643
034 18759
035 00979
036 72758
037 41925
038 05369
039 83677
040 88586
041 21173
042 83764
043 03140
044 74072
045 21961
046 25169
047 58532
048 51938
049 04894
050 06675
051 -
052 -
053 -
054 -
055 -
056 -
057 -
058 -
059 -
060 -
061 -
062 -
063 -
064 -
065 -
066 -
067 -
068 -
069 -
070 -
071 -
072 -
073 -
074 -
075 -
076 -
077 -
078 -
079 -
080 -
081 -
082 -
083 -
084 -
085 -
086 -
087 -
088 -
089 -
090 -
091 -
092 -
093 -
094 -
095 -
096 -
097 -
098 -
099 -
100 -
101 -
102 -
103 -
104 -
105 -
106 -
107 -
108 -
109 -
110 -
111 -
112 -
113 -
114 -
115 -
116 -
117 -
118 -
119 -
120 -
