001 62408
002 35618
003 02730
004 93936
005 02413
006 05307
007 35908
008 82753
009 40178
010 54866
011 25710
012 01082
013 11262
014 54067
015 17906
016 61246
017 81680
018 83407
019 31228
020 39643
021 88983
022 05093
023 92996
024 94036
025 66019
026 21778
027 29181
028 53737
029 35804
030 88049
031 02228
032 43096
033 67546
034 62443
035 17496
036 59002
037 85328
038 17476
039 10121
040 37209
041 77977
042 49217
043 08820
044 17507
045 25082
046 94518
047 13117
048 52032
049 42493
050 08205
051 21689
052 21500
053 65129
054 80196
055 21015
056 78814
057 27657
058 67437
059 43334
060 -
061 -
062 -
063 -
064 -
065 -
066 -
067 -
068 -
069 -
070 -
071 -
072 -
073 -
074 -
075 -
076 -
077 -
078 -
079 -
080 -
081 -
082 -
083 -
084 -
085 -
086 -
087 -
088 -
089 -
090 -
091 -
092 -
093 -
094 -
095 -
096 -
097 -
098 -
099 -
100 -
101 -
102 -
103 -
104 -
105 -
106 -
107 -
108 -
109 -
110 -
111 -
112 -
113 -
114 -
115 -
116 -
117 -
118 -
119 -
120 -
