001 89165
002 08630
003 42207
004 24722
005 97814
006 15773
007 01077
008 05119
009 78882
010 83320
011 46885
012 89766
013 52194
014 41405
015 00283
016 64301
017 71620
018 25358
019 48154
020 19812
021 16197
022 37215
023 71101
024 28954
025 39673
026 33791
027 36451
028 25880
029 93771
030 44483
031 90558
032 34160
033 36531
034 47819
035 99387
036 25403
037 41814
038 95847
039 13594
040 28915
041 00305
042 79464
043 73891
044 67270
045 82429
046 14638
047 89268
048 57878
049 10785
050 70393
051 18782
052 62482
053 22851
054 29679
055 50287
056 31251
057 14559
058 91884
059 -
060 -
061 -
062 -
063 -
064 -
065 -
066 -
067 -
068 -
069 -
070 -
071 -
072 -
073 -
074 -
075 -
076 -
077 -
078 -
079 -
080 -
081 -
082 -
083 -
084 -
085 -
086 -
087 -
088 -
089 -
090 -
091 -
092 -
093 -
094 -
095 -
096 -
097 -
098 -
099 -
100 -
101 -
102 -
103 -
104 -
105 -
106 -
107 -
108 -
109 -
110 -
111 -
112 -
113 -
114 -
115 -
116 -
117 -
118 -
119 -
120 -
