001 15486
002 56638
003 86704
004 27484
005 81384
006 66874
007 85002
008 46353
009 08415
010 90566
011 24921
012 41674
013 41382
014 60068
015 18668
016 57911
017 64857
018 19173
019 86865
020 30414
021 64587
022 92229
023 96461
024 11731
025 59560
026 76651
027 84118
028 45078
029 11069
030 30455
031 38743
032 90761
033 26370
034 34004
035 68464
036 21652
037 59234
038 80749
039 31178
040 86119
041 59688
042 95427
043 89540
044 17073
045 92604
046 89408
047 04793
048 51815
049 18880
050 18245
051 19026
052 16112
053 50669
054 90097
055 99881
056 19533
057 81288
058 86370
059 81844
060 -
061 -
062 -
063 -
064 -
065 -
066 -
067 -
068 -
069 -
070 -
071 -
072 -
073 -
074 -
075 -
076 -
077 -
078 -
079 -
080 -
081 -
082 -
083 -
084 -
085 -
086 -
087 -
088 -
089 -
090 -
091 -
092 -
093 -
094 -
095 -
096 -
097 -
098 -
099 -
100 -
101 -
102 -
103 -
104 -
105 -
106 -
107 -
108 -
109 -
110 -
111 -
112 -
113 -
114 -
115 -
116 -
117 -
118 -
119 -
120 -
