001 40331
002 25520
003 20195
004 53099
005 74429
006 43846
007 33335
008 20293
009 21963
010 00519
011 07214
012 99280
013 95365
014 83140
015 54422
016 75654
017 92478
018 89838
019 87210
020 34397
021 07286
022 75368
023 12767
024 53318
025 48051
026 94922
027 44807
028 00948
029 62117
030 54092
031 91446
032 70669
033 80412
034 44395
035 04106
036 18957
037 89741
038 26085
039 70210
040 48786
041 58008
042 22306
043 27754
044 24270
045 78789
046 09938
047 02136
048 95265
049 61271
050 26499
051 66473
052 13028
053 97503
054 69058
055 48550
056 90346
057 59608
058 84670
059 92577
060 -
061 -
062 -
063 -
064 -
065 -
066 -
067 -
068 -
069 -
070 -
071 -
072 -
073 -
074 -
075 -
076 -
077 -
078 -
079 -
080 -
081 -
082 -
083 -
084 -
085 -
086 -
087 -
088 -
089 -
090 -
091 -
092 -
093 -
094 -
095 -
096 -
097 -
098 -
099 -
100 -
101 -
102 -
103 -
104 -
105 -
106 -
107 -
108 -
109 -
110 -
111 -
112 -
113 -
114 -
115 -
116 -
117 -
118 -
119 -
120 -
