001 82694
002 27564
003 98089
004 72979
005 09871
006 58767
007 08353
008 98147
009 10251
010 11184
011 59001
012 66239
013 86664
014 98100
015 14152
016 33451
017 47683
018 96622
019 91240
020 46455
021 03562
022 48144
023 61371
024 19780
025 47358
026 96339
027 00768
028 36831
029 19089
030 50866
031 91357
032 09551
033 28845
034 86740
035 09782
036 97050
037 56137
038 57723
039 61510
040 30846
041 36642
042 89397
043 35881
044 18455
045 77209
046 61560
047 70441
048 27508
049 53969
050 60331
051 79960
052 12961
053 06970
054 57713
055 13970
056 41251
057 38337
058 32967
059 85452
060 -
061 -
062 -
063 -
064 -
065 -
066 -
067 -
068 -
069 -
070 -
071 -
072 -
073 -
074 -
075 -
076 -
077 -
078 -
079 -
080 -
081 -
082 -
083 -
084 -
085 -
086 -
087 -
088 -
089 -
090 -
091 -
092 -
093 -
094 -
095 -
096 -
097 -
098 -
099 -
100 -
101 -
102 -
103 -
104 -
105 -
106 -
107 -
108 -
109 -
110 -
111 -
112 -
113 -
114 -
115 -
116 -
117 -
118 -
119 -
120 -
