001 09379
002 70972
003 22939
004 75855
005 32264
006 58450
007 48479
008 79188
009 31292
010 14686
011 83008
012 67139
013 54891
014 24736
015 26833
016 63062
017 35525
018 82782
019 70797
020 21198
021 76144
022 64617
023 56751
024 46337
025 34614
026 75629
027 00894
028 21879
029 15405
030 70727
031 17360
032 86329
033 74369
034 76038
035 52070
036 29693
037 62501
038 89166
039 97382
040 45006
041 00897
042 47232
043 26930
044 39049
045 26131
046 90725
047 42960
048 26965
049 71185
050 93912
051 68949
052 80277
053 58057
054 28560
055 94199
056 45662
057 48502
058 40019
059 05535
060 -
061 -
062 -
063 -
064 -
065 -
066 -
067 -
068 -
069 -
070 -
071 -
072 -
073 -
074 -
075 -
076 -
077 -
078 -
079 -
080 -
081 -
082 -
083 -
084 -
085 -
086 -
087 -
088 -
089 -
090 -
091 -
092 -
093 -
094 -
095 -
096 -
097 -
098 -
099 -
100 -
101 -
102 -
103 -
104 -
105 -
106 -
107 -
108 -
109 -
110 -
111 -
112 -
113 -
114 -
115 -
116 -
117 -
118 -
119 -
120 -
