001 67913
002 07439
003 45280
004 33547
005 08334
006 05284
007 86079
008 00670
009 21600
010 11364
011 58516
012 07170
013 31462
014 19204
015 15292
016 15142
017 20990
018 82755
019 33911
020 02792
021 41818
022 53828
023 35809
024 90395
025 46794
026 48706
027 45148
028 24232
029 39852
030 45903
031 77888
032 79771
033 62745
034 87434
035 89023
036 77147
037 52082
038 98291
039 68096
040 04853
041 86033
042 36253
043 22249
044 98184
045 51783
046 48373
047 84790
048 68679
049 87109
050 82129
051 45594
052 96060
053 60051
054 44650
055 81251
056 54069
057 28942
058 55285
059 17130
060 -
061 -
062 -
063 -
064 -
065 -
066 -
067 -
068 -
069 -
070 -
071 -
072 -
073 -
074 -
075 -
076 -
077 -
078 -
079 -
080 -
081 -
082 -
083 -
084 -
085 -
086 -
087 -
088 -
089 -
090 -
091 -
092 -
093 -
094 -
095 -
096 -
097 -
098 -
099 -
100 -
101 -
102 -
103 -
104 -
105 -
106 -
107 -
108 -
109 -
110 -
111 -
112 -
113 -
114 -
115 -
116 -
117 -
118 -
119 -
120 -
