001 26844
002 65281
003 62802
004 91737
005 79611
006 74015
007 55602
008 50272
009 96279
010 17076
011 66661
012 97052
013 86545
014 62939
015 39494
016 71944
017 87313
018 52706
019 72978
020 58770
021 57774
022 13295
023 38622
024 71274
025 47473
026 32136
027 05582
028 25882
029 57098
030 19314
031 74240
032 10643
033 89089
034 45454
035 82141
036 19929
037 11955
038 18963
039 31018
040 18607
041 04443
042 67539
043 77867
044 83840
045 76148
046 90712
047 92527
048 63627
049 56318
050 48040
051 15925
052 12904
053 33297
054 85388
055 93146
056 98699
057 07339
058 79502
059 79347
060 -
061 -
062 -
063 -
064 -
065 -
066 -
067 -
068 -
069 -
070 -
071 -
072 -
073 -
074 -
075 -
076 -
077 -
078 -
079 -
080 -
081 -
082 -
083 -
084 -
085 -
086 -
087 -
088 -
089 -
090 -
091 -
092 -
093 -
094 -
095 -
096 -
097 -
098 -
099 -
100 -
101 -
102 -
103 -
104 -
105 -
106 -
107 -
108 -
109 -
110 -
111 -
112 -
113 -
114 -
115 -
116 -
117 -
118 -
119 -
120 -
