001 10641
002 37805
003 75108
004 51671
005 13804
006 69090
007 32064
008 01639
009 91517
010 47620
011 78407
012 02112
013 36138
014 86427
015 53953
016 21241
017 43129
018 73751
019 88305
020 35605
021 57119
022 88771
023 47409
024 22862
025 62641
026 48410
027 08631
028 68785
029 95705
030 98066
031 89718
032 21821
033 59496
034 54760
035 15640
036 29549
037 72722
038 94135
039 22078
040 99130
041 04350
042 90231
043 04235
044 60356
045 16934
046 00750
047 87682
048 51922
049 02583
050 66889
051 62518
052 39042
053 23559
054 74274
055 69584
056 44520
057 88951
058 90949
059 85603
060 -
061 -
062 -
063 -
064 -
065 -
066 -
067 -
068 -
069 -
070 -
071 -
072 -
073 -
074 -
075 -
076 -
077 -
078 -
079 -
080 -
081 -
082 -
083 -
084 -
085 -
086 -
087 -
088 -
089 -
090 -
091 -
092 -
093 -
094 -
095 -
096 -
097 -
098 -
099 -
100 -
101 -
102 -
103 -
104 -
105 -
106 -
107 -
108 -
109 -
110 -
111 -
112 -
113 -
114 -
115 -
116 -
117 -
118 -
119 -
120 -
