001 08013
002 77402
003 11165
004 68766
005 39830
006 13958
007 51696
008 56537
009 29097
010 63515
011 06778
012 47639
013 65189
014 19259
015 46572
016 04463
017 91292
018 52129
019 80806
020 19165
021 80955
022 21797
023 68497
024 29408
025 25597
026 68981
027 52460
028 57417
029 61363
030 61235
031 30272
032 36702
033 40061
034 43712
035 85907
036 18776
037 62153
038 69512
039 94939
040 57017
041 19472
042 64577
043 29260
044 94243
045 74083
046 49725
047 28490
048 02848
049 69035
050 36227
051 37183
052 61219
053 40622
054 56350
055 94569
056 90116
057 46668
058 22347
059 55515
060 61121
061 73638
062 86282
063 98976
064 40566
065 10328
066 32517
067 32845
068 11855
069 72045
070 84447
071 22691
072 84375
073 73060
074 94265
075 53161
076 30389
077 16484
078 07421
079 54183
080 56788
081 30819
082 66506
083 04685
084 54285
085 37589
086 27549
087 23490
088 25960
089 96810
090 87640
091 35203
092 06338
093 93405
094 32760
095 20931
096 45841
097 26901
098 93327
099 00784
100 94227
101 88802
102 57712
103 51463
104 29181
105 97546
106 10786
107 57010
108 10321
109 19250
110 74961
111 68154
112 53070
113 58328
114 71155
115 74901
116 24945
117 05426
118 03971
119 00474
120 49180