001 37215
002 87769
003 20611
004 23346
005 13848
006 64652
007 41642
008 07058
009 80969
010 63271
011 99003
012 84518
013 78046
014 34961
015 16041
016 40732
017 54281
018 38370
019 32138
020 19312
021 12189
022 91632
023 07630
024 88971
025 68817
026 61568
027 54397
028 69788
029 80277
030 48521
031 59216
032 64116
033 00471
034 79077
035 42990
036 87267
037 82533
038 11111
039 61245
040 95034
041 10868
042 28515
043 00771
044 49814
045 86181
046 67464
047 87175
048 21511
049 51454
050 01747
051 51083
052 72189
053 14671
054 06163
055 72154
056 77069
057 35703
058 22498
059 82741
060 -
061 -
062 -
063 -
064 -
065 -
066 -
067 -
068 -
069 -
070 -
071 -
072 -
073 -
074 -
075 -
076 -
077 -
078 -
079 -
080 -
081 -
082 -
083 -
084 -
085 -
086 -
087 -
088 -
089 -
090 -
091 -
092 -
093 -
094 -
095 -
096 -
097 -
098 -
099 -
100 -
101 -
102 -
103 -
104 -
105 -
106 -
107 -
108 -
109 -
110 -
111 -
112 -
113 -
114 -
115 -
116 -
117 -
118 -
119 -
120 -
