001 68638
002 54747
003 61940
004 12289
005 69736
006 14104
007 90529
008 80848
009 88108
010 18029
011 72872
012 03896
013 13083
014 61913
015 95670
016 93635
017 21254
018 98651
019 93244
020 84021
021 24653
022 90995
023 38979
024 41646
025 03167
026 40919
027 30081
028 60350
029 93915
030 37853
031 69740
032 92451
033 10921
034 89710
035 74782
036 11833
037 82112
038 84933
039 89229
040 46396
041 24389
042 39738
043 44870
044 61284
045 27843
046 47241
047 69417
048 23906
049 11983
050 40697
051 57531
052 47723
053 76272
054 31218
055 55735
056 11674
057 44920
058 99155
059 02454
060 -
061 -
062 -
063 -
064 -
065 -
066 -
067 -
068 -
069 -
070 -
071 -
072 -
073 -
074 -
075 -
076 -
077 -
078 -
079 -
080 -
081 -
082 -
083 -
084 -
085 -
086 -
087 -
088 -
089 -
090 -
091 -
092 -
093 -
094 -
095 -
096 -
097 -
098 -
099 -
100 -
101 -
102 -
103 -
104 -
105 -
106 -
107 -
108 -
109 -
110 -
111 -
112 -
113 -
114 -
115 -
116 -
117 -
118 -
119 -
120 -
