001 27245
002 44247
003 25102
004 57521
005 87316
006 85819
007 59801
008 25798
009 68230
010 78140
011 55218
012 32307
013 58641
014 24391
015 44746
016 93853
017 23140
018 03500
019 53219
020 98643
021 38980
022 94856
023 01954
024 57756
025 97834
026 89204
027 72574
028 19042
029 24951
030 39468
031 55753
032 55301
033 50952
034 06428
035 10269
036 08421
037 97829
038 97466
039 28375
040 77214
041 11289
042 00749
043 24119
044 81814
045 03313
046 68884
047 91659
048 99102
049 15961
050 72372
051 47743
052 17870
053 78287
054 01350
055 40601
056 42951
057 58597
058 71306
059 32658
060 -
061 -
062 -
063 -
064 -
065 -
066 -
067 -
068 -
069 -
070 -
071 -
072 -
073 -
074 -
075 -
076 -
077 -
078 -
079 -
080 -
081 -
082 -
083 -
084 -
085 -
086 -
087 -
088 -
089 -
090 -
091 -
092 -
093 -
094 -
095 -
096 -
097 -
098 -
099 -
100 -
101 -
102 -
103 -
104 -
105 -
106 -
107 -
108 -
109 -
110 -
111 -
112 -
113 -
114 -
115 -
116 -
117 -
118 -
119 -
120 -
