001 -
002 -
003 -
004 -
005 -
006 -
007 -
008 -
009 -
010 -
011 -
012 -
013 -
014 -
015 -
016 -
017 -
018 -
019 -
020 -
021 -
022 -
023 -
024 80094
025 84510
026 43467
027 47081
028 97108
029 40524
030 96709
031 37730
032 11648
033 68111
034 82269
035 32020
036 76331
037 56860
038 92711
039 49114
040 21265
041 36468
042 70309
043 92540
044 76881
045 69514
046 30015
047 48646
048 40868
049 44612
050 47644
051 89953
052 42721
053 19974
054 59268
055 02231
056 93239
057 30864
058 02195
059 30195
060 06420
061 69854
062 48737
063 71625
064 19859
065 53756
066 21627
067 79208
068 30988
069 37506
070 86633
071 76666
072 56887
073 29564
074 90747
075 41637
076 22658
077 38618
078 10204
079 01809
080 83023
081 44914
082 41435
083 51310
084 52213
085 39321
086 62259
087 43576
088 94415
089 21224
090 64779
091 32805
092 36722
093 58231
094 41572
095 12331
096 44309
097 45390
098 42401
099 50990
100 31195
101 35488
102 95255
103 41895
104 85208
105 37962
106 14385
107 29088
108 31024
109 78659
110 24947
111 30717
112 26642
113 57850
114 30798
115 52402
116 40000
117 07207
118 72240
119 -
120 -
