001 20748
002 02669
003 51528
004 80074
005 79833
006 45139
007 70749
008 32673
009 68377
010 05879
011 40348
012 20420
013 78781
014 13509
015 25114
016 14728
017 74725
018 38422
019 19010
020 73505
021 29138
022 76288
023 05554
024 82726
025 44413
026 45990
027 77702
028 43342
029 86447
030 94420
031 28736
032 60516
033 99122
034 12194
035 65328
036 56854
037 67520
038 32430
039 18831
040 12202
041 93528
042 09625
043 07017
044 50672
045 68500
046 60169
047 45301
048 89575
049 85820
050 80565
051 05351
052 39789
053 32159
054 34383
055 89095
056 48162
057 64440
058 73522
059 43218
060 -
061 -
062 -
063 -
064 -
065 -
066 -
067 -
068 -
069 -
070 -
071 -
072 -
073 -
074 -
075 -
076 -
077 -
078 -
079 -
080 -
081 -
082 -
083 -
084 -
085 -
086 -
087 -
088 -
089 -
090 -
091 -
092 -
093 -
094 -
095 -
096 -
097 -
098 -
099 -
100 -
101 -
102 -
103 -
104 -
105 -
106 -
107 -
108 -
109 -
110 -
111 -
112 -
113 -
114 -
115 -
116 -
117 -
118 -
119 -
120 -
