001 47583
002 76702
003 76916
004 28914
005 43938
006 86708
007 39649
008 18290
009 53976
010 39976
011 47827
012 14616
013 88230
014 09004
015 72426
016 77431
017 97761
018 78704
019 47209
020 10344
021 49902
022 78592
023 25253
024 33349
025 90344
026 43507
027 30185
028 59917
029 83773
030 76653
031 81757
032 97355
033 33069
034 28777
035 28957
036 43928
037 29552
038 82663
039 89940
040 97954
041 05999
042 10532
043 72172
044 04867
045 69320
046 75189
047 03666
048 29446
049 52733
050 79099
051 36341
052 37781
053 78200
054 94116
055 27721
056 50311
057 00635
058 59352
059 13225
060 -
061 -
062 -
063 -
064 -
065 -
066 -
067 -
068 -
069 -
070 -
071 -
072 -
073 -
074 -
075 -
076 -
077 -
078 -
079 -
080 -
081 -
082 -
083 -
084 -
085 -
086 -
087 -
088 -
089 -
090 -
091 -
092 -
093 -
094 -
095 -
096 -
097 -
098 -
099 -
100 -
101 -
102 -
103 -
104 -
105 -
106 -
107 -
108 -
109 -
110 -
111 -
112 -
113 -
114 -
115 -
116 -
117 -
118 -
119 -
120 -
