001 57891
002 86369
003 22236
004 05631
005 67907
006 87990
007 79078
008 13874
009 15258
010 17563
011 35009
012 81096
013 29893
014 89227
015 82650
016 14285
017 95100
018 42882
019 37264
020 42115
021 55163
022 63237
023 02153
024 34205
025 54485
026 30408
027 09712
028 58736
029 28613
030 11031
031 02600
032 44592
033 42919
034 63617
035 67313
036 83686
037 60682
038 68233
039 90670
040 17499
041 13209
042 46346
043 04773
044 94143
045 10559
046 30037
047 92264
048 84986
049 31250
050 85364
051 88503
052 02030
053 28318
054 98557
055 47440
056 19056
057 93412
058 69519
059 85207
060 -
061 -
062 -
063 -
064 -
065 -
066 -
067 -
068 -
069 -
070 -
071 -
072 -
073 -
074 -
075 -
076 -
077 -
078 -
079 -
080 -
081 -
082 -
083 -
084 -
085 -
086 -
087 -
088 -
089 -
090 -
091 -
092 -
093 -
094 -
095 -
096 -
097 -
098 -
099 -
100 -
101 -
102 -
103 -
104 -
105 -
106 -
107 -
108 -
109 -
110 -
111 -
112 -
113 -
114 -
115 -
116 -
117 -
118 -
119 -
120 -
