001 88467
002 42270
003 55089
004 96093
005 42965
006 39241
007 55530
008 69250
009 46383
010 50511
011 25014
012 63186
013 42009
014 13486
015 31735
016 38103
017 70934
018 54483
019 88341
020 69621
021 32168
022 13856
023 05551
024 56349
025 59223
026 92446
027 77852
028 77158
029 02058
030 71550
031 80974
032 00392
033 56835
034 30182
035 08062
036 92866
037 65036
038 60057
039 69824
040 23958
041 21573
042 85052
043 62305
044 57800
045 15721
046 56554
047 06490
048 23321
049 69213
050 02305
051 44809
052 39585
053 17658
054 76678
055 00833
056 11147
057 74191
058 74920
059 91707
060 -
061 -
062 -
063 -
064 -
065 -
066 -
067 -
068 -
069 -
070 -
071 -
072 -
073 -
074 -
075 -
076 -
077 -
078 -
079 -
080 -
081 -
082 -
083 -
084 -
085 -
086 -
087 -
088 -
089 -
090 -
091 -
092 -
093 -
094 -
095 -
096 -
097 -
098 -
099 -
100 -
101 -
102 -
103 -
104 -
105 -
106 -
107 -
108 -
109 -
110 -
111 -
112 -
113 -
114 -
115 -
116 -
117 -
118 -
119 -
120 -
