001 74196
002 07630
003 25317
004 93410
005 67098
006 49186
007 03073
008 78114
009 32638
010 75283
011 08960
012 85366
013 38025
014 49978
015 29415
016 69847
017 40005
018 21578
019 91367
020 12355
021 77983
022 14398
023 88579
024 46292
025 99058
026 31987
027 11707
028 86253
029 49772
030 36327
031 04924
032 41137
033 68551
034 74646
035 25998
036 45682
037 26754
038 61601
039 20420
040 41665
041 62946
042 67676
043 50736
044 23552
045 80377
046 74134
047 71789
048 89446
049 23240
050 40037
051 06354
052 71445
053 87479
054 08725
055 23172
056 44015
057 60248
058 55714
059 86845
060 -
061 -
062 -
063 -
064 -
065 -
066 -
067 -
068 -
069 -
070 -
071 -
072 -
073 -
074 -
075 -
076 -
077 -
078 -
079 -
080 -
081 -
082 -
083 -
084 -
085 -
086 -
087 -
088 -
089 -
090 -
091 -
092 -
093 -
094 -
095 -
096 -
097 -
098 -
099 -
100 -
101 -
102 -
103 -
104 -
105 -
106 -
107 -
108 -
109 -
110 -
111 -
112 -
113 -
114 -
115 -
116 -
117 -
118 -
119 -
120 -
