001 23658
002 64223
003 99530
004 29262
005 76912
006 33380
007 78546
008 43091
009 80783
010 22163
011 47883
012 77186
013 03525
014 33495
015 88437
016 02790
017 18519
018 25742
019 33987
020 50769
021 05097
022 69845
023 63327
024 91116
025 33451
026 88792
027 67196
028 39775
029 06106
030 79031
031 93361
032 35183
033 53186
034 88521
035 14239
036 89709
037 90381
038 08210
039 07195
040 90494
041 53348
042 13872
043 50431
044 69262
045 56564
046 19875
047 84664
048 87837
049 36249
050 05759
051 82650
052 40326
053 48800
054 69910
055 60257
056 62250
057 06048
058 99280
059 71461
060 -
061 -
062 -
063 -
064 -
065 -
066 -
067 -
068 -
069 -
070 -
071 -
072 -
073 -
074 -
075 -
076 -
077 -
078 -
079 -
080 -
081 -
082 -
083 -
084 -
085 -
086 -
087 -
088 -
089 -
090 -
091 -
092 -
093 -
094 -
095 -
096 -
097 -
098 -
099 -
100 -
101 -
102 -
103 -
104 -
105 -
106 -
107 -
108 -
109 -
110 -
111 -
112 -
113 -
114 -
115 -
116 -
117 -
118 -
119 -
120 -
