001 41100
002 59624
003 07197
004 25405
005 81956
006 86068
007 67867
008 00146
009 35009
010 62448
011 32046
012 90215
013 70964
014 06375
015 45267
016 02962
017 21700
018 49951
019 01123
020 30870
021 50974
022 25900
023 99807
024 50852
025 46832
026 06899
027 65713
028 17681
029 18238
030 42481
031 11037
032 39485
033 77159
034 01764
035 60332
036 52728
037 25320
038 97119
039 92573
040 18625
041 98466
042 17000
043 63243
044 52389
045 78272
046 36729
047 05563
048 83745
049 25798
050 34569
051 12367
052 82227
053 97815
054 31541
055 42921
056 72348
057 04224
058 83741
059 78693
060 -
061 -
062 -
063 -
064 -
065 -
066 -
067 -
068 -
069 -
070 -
071 -
072 -
073 -
074 -
075 -
076 -
077 -
078 -
079 -
080 -
081 -
082 -
083 -
084 -
085 -
086 -
087 -
088 -
089 -
090 -
091 -
092 -
093 -
094 -
095 -
096 -
097 -
098 -
099 -
100 -
101 -
102 -
103 -
104 -
105 -
106 -
107 -
108 -
109 -
110 -
111 -
112 -
113 -
114 -
115 -
116 -
117 -
118 -
119 -
120 -
