001 02032
002 92850
003 45383
004 16449
005 02725
006 02965
007 97580
008 92172
009 37428
010 86402
011 66314
012 34861
013 76153
014 59579
015 54741
016 99608
017 35105
018 59564
019 33154
020 06638
021 96513
022 15058
023 79067
024 47256
025 11982
026 98990
027 47738
028 90194
029 94464
030 48319
031 04622
032 47201
033 01013
034 86354
035 19894
036 98788
037 84585
038 87359
039 38028
040 32528
041 04204
042 47449
043 71353
044 66823
045 68600
046 46526
047 96902
048 21235
049 51579
050 68638
051 92436
052 50596
053 49494
054 35563
055 48380
056 24504
057 55305
058 36709
059 10002
060 -
061 -
062 -
063 -
064 -
065 -
066 -
067 -
068 -
069 -
070 -
071 -
072 -
073 -
074 -
075 -
076 -
077 -
078 -
079 -
080 -
081 -
082 -
083 -
084 -
085 -
086 -
087 -
088 -
089 -
090 -
091 -
092 -
093 -
094 -
095 -
096 -
097 -
098 -
099 -
100 -
101 -
102 -
103 -
104 -
105 -
106 -
107 -
108 -
109 -
110 -
111 -
112 -
113 -
114 -
115 -
116 -
117 -
118 -
119 -
120 -
