001 77771
002 57899
003 56995
004 68387
005 18377
006 42767
007 60979
008 23802
009 76361
010 06913
011 06173
012 31545
013 58159
014 58116
015 21978
016 07022
017 89264
018 76526
019 55331
020 11699
021 89014
022 41920
023 29632
024 45849
025 46523
026 25484
027 70302
028 56121
029 70162
030 85373
031 16053
032 37529
033 18616
034 23528
035 46772
036 23323
037 98935
038 16588
039 49817
040 49491
041 21050
042 42405
043 74826
044 39867
045 21276
046 75704
047 65693
048 67011
049 87027
050 20596
051 42510
052 84037
053 35969
054 43709
055 76541
056 78817
057 34980
058 86073
059 46439
060 -
061 -
062 -
063 -
064 -
065 -
066 -
067 -
068 -
069 -
070 -
071 -
072 -
073 -
074 -
075 -
076 -
077 -
078 -
079 -
080 -
081 -
082 -
083 -
084 -
085 -
086 -
087 -
088 -
089 -
090 -
091 -
092 -
093 -
094 -
095 -
096 -
097 -
098 -
099 -
100 -
101 -
102 -
103 -
104 -
105 -
106 -
107 -
108 -
109 -
110 -
111 -
112 -
113 -
114 -
115 -
116 -
117 -
118 -
119 -
120 -
